200 200
00000000000000000000000000000000000000000000000000000000000000000000000000000000000000000000000000000000000000000000000000000000000000000000000000000000000000000000000000000000000000000000000000000000
00000000000000000000000000000000000000000000000000000000000000000000000000000000000000000000000000000000000000000000000000000000000000000000000000000000000000000000000000000000000000000000000000000000
00000000000000000000000000000000000000000000000000000000000000000000000000000000000000000000000000000000000000000000000000000000000000000000000000000000000000000000000000000000000000000000000000000000
00000000000000000000000000000000000000000000000000000000000000000000000000000000000000000000000000000000000000000000000000000000000000000000000000000000000000000000000000000000000000000000000000000000
00000000000000000000000000000000000000000000000000000000000000000000000000000000000000000000000000000000000000000000000000000000000000000000000000000000000000000000000000000000000000000000000000000000
00000000000000000000000000000000000000000000000000000000000000000000000000000000000000000000000000000000000000000000000000000000000000000000000000000000000000000000000000000000000000000000000000000000
00000000000000000000000000000000000000000000000000000000000000000000000000000000000000000000000000000000000000000000000000000000000000000000000000000000000000000000000000000000000000000000000000000000
00000000000000000000000000000000000000000000000000000000000000000000000000000000000000000000000000000000000000000000000000000000000000000000000000000000000000000000000000000000000000000000000000000000
00000000000000000000000000000000000000000000000000000000000000000000000000000000000000000000000000000000000000000000000000000000000000000000000000000000000000000000000000000000000000000000000000000000
00000000000000000000000000000000000000000000000000000000000000000000000000000000000000000000000000000000000000000000000000000000000000000000000000000000000000000000000000000000000000000000000000000000
00000000000000000000000000000000000000000000000000000000000000000000000000000000000000000000000000000000000000000000000000000000000000000000000000000000000000000000000000000000000000000000000000000000
00000000000000000000000000000000000000000000000000000000000000000000000000000000000000000000000000000000000000000000000000000000000000000000000000000000000000000000000000000000000000000000000000000000
00000000000000000000000000000000000000000000000000000000000000000000000000000000000000000000000000000000000000000000000000000000000000000000000000000000000000000000000000000000000000000000000000000000
00000000000000000000000000000000000000000000000000000000000000000000000000000000000000000000000000000000000000000000000000000000000000000000000000000000000000000000000000000000000000000000000000000000
00000000000000000000000000000000000000000000000000000000000000000000000000000000000000000000000000000000000000000000000000000000000000000000000000000000000000000000000000000000000000000000000000000000
00000000000000000000000000000000000000000000000000000000000000000000000000000000000000000000000000000000000000000000000000000000000000000000000000000000000000000000000000000000000000000000000000000000
00000000000000000000000000000000000000000000000000000000000000001010010000010110110011000001001000000000000000000000000000000000000000000000000000000000000000000000000000000000000000000000000000000000
00000000000000000000000000000000000000000000000000000000000000000001001010011111111100101011010000000000000000000000000000000000000000000000000000000000000000000000000000000000000000000000000000000000
00000000000000000000000000000000000000000000000000000000000000001001001001111111111111110100001000000000000000000000000000000000000000000000000000000000000000000000000000000000000000000000000000000000
00000000000000000000000000000000000000000000000000000000000000001110000111111010101011111101100100000000000000000000000000000000000000000000000000000000000000000000000000000000000000000000000000000000
00000000000000000000000000000000000000000000000000000000000000001001101111010111000001101110111000000000000000000000000000000000000000000000000000000000000000000000000000000000000000000000000000000000
00000000000000000000000000000000000000000000000000000000000000000011011111111111011110100110010100000000000000000000000000000000000000000000000000000000000000000000000000000000000000000000000000000000
00000000000000000000000000000000000000000000000000000000000000001000111111111111100001011111110100000000000000000000000000000000000000000000000000000000000000000000000000000000000000000000000000000000
00000000000000000000000000000000000000000000000000000000000000000111111001000001101100100111110000000000000000000000000000000000000000000000000000000000000000000000000000000000000000000000000000000000
00000000000000000000000000000000000000000000000000000000000000000111110100000000000000000100111010010010000000000000000000000000000000000000000000000000000000000000000000000000000000000000000000000000
00000000000000000000000000000000000000000000000000000000000000001011101100000000000000000010011110100001000000000000000000000000000000000000000000000000000000000000000000000000000000000000000000000000
00000000000000000000000000000000000000000000000000000000000000000111101000000000000000001110111110001100000000000000000000000000000000000000000000000000000000000000000000000000000000000000000000000000
00000000000000000000000000000000000000000000000000000000000000000011010100000000000000001001011111100001000000000000000000000000000000000000000000000000000000000000000000000000000000000000000000000000
00000000000000000000000000000000000000000000000000000000000000000111000000000000000000000110001011100011000000000000000000000000000000000000000000000000000000000000000000000000000000000000000000000000
00000000000000000000000000000000000000000000000000000000000000001111110100000000000000001001011001111010000000000000000000000000000000000000000000000000000000000000000000000000000000000000000000000000
00000000000000000000000000000000000000000000000000000000000000001110010000000000000000000000101001110101000000000000000000000000000000000000000000000000000000000000000000000000000000000000000000000000
00000000000000000000000000000000000000000000000000000000000000001100100100000000000000000010001000111010000000000000000000000000000000000000000000000000000000000000000000000000000000000000000000000000
00000000000000000000000000000000000000000000000010100110101001011101100000000000000000000000000000011110001000110000000000000000000000000000000000000000000000000000000000000000000000000000000000000000
00000000000000000000000000000000000000000000000000011001010111111010010100000000000000000000000011011101010111000000000000000000000000000000000000000000000000000000000000000000000000000000000000000000
00000000000000000000000000000000000000000000000010100110110101110100001000000000000000000000000000101110010001100000000000000000000000000000000000000000000000000000000000000000000000000000000000000000
00000000000000000000000000000000000000000000000001011010001011101001100000000000000000000000000010010111001010000000000000000000000000000000000000000000000000000000000000000000000000000000000000000000
00000000000000000000000000000000000000000000000010010101011111011001001100000000000000000000000001010011110000110000000000000000000000000000000000000000000000000000000000000000000000000000000000000000
00000000000000000000000000000000000000000000000011101001101110000010110000000000000000000000000000110100111110100000000000000000000000000000000000000000000000000000000000000000000000000000000000000000
00000000000000000000000000000000000000000000000010010110011100101010000100000000000000000000000011001101011111000000000000000000000000000000000000000000000000000000000000000000000000000000000000000000
00000000000000000000000000000000000000000000000001001001111110010100011000000000000000000000000000010010111110100000000000000000000000000000000000000000000000000000000000000000000000000000000000000000
00000000000000000000000000000000100101010100100100010111111000100000000000000000000000000000000000000000010110011011010100000000000000000000000000000000000000000000000000000000000000000000000000000000
00000000000000000000000000000000010101100010101010111111011010010000000000000000000000000000000000000000000011100110100000000000000000000000000000000000000000000000000000000000000000000000000000000000
00000000000000000000000000000000100111101001010111111111110010000000000000000000000000000000000000000000001011011101011000000000000000000000000000000000000000000000000000000000000000000000000000000000
00000000000000000000000000000000101001000110111111110000101001010000000000000000000000000000000000000000011011101011000000000000000000000000000000000000000000000000000000000000000000000000000000000000
00000000000000000000000000000000011010011101111110100011000110100000000000000000000000000000000000000000101001110001011000000000000000000000000000000000000000000000000000000000000000000000000000000000
00000000000000000000000000000000010101101111110011011100110001010000000000000000000000000000000000000000010100111100110100000000000000000000000000000000000000000000000000000000000000000000000000000000
00000000000000000000000000000000101010111111001100100010001010100000000000000000000000000000000000000000101011011011000100000000000000000000000000000000000000000000000000000000000000000000000000000000
00000000000000000000000000000000010001111001101010010001010000010000000000000000000000000000000000000000010001011101000000000000000000000000000000000000000000000000000000000000000000000000000000000000
00000000101001100101100101011100010111100000000000000000000000000000000000000000000000000000000000000000000000001111101000000000000000000000000000000000000000000000000000000000000000000000000000000000
00000000000110010110011010110100111111010000000000000000000000000000000000000000000000000000000000000000000000001111010100000000000000000000000000000000000000000000000000000000000000000000000000000000
00000000101001101011010101101001111000000000000000000000000000000000000000000000000000000000000000000000000000000011111000000000000000000000000000000000000000000000000000000000000000000000000000000000
00000000010110101100001001000111110100010000000000000000000000000000000000000000000000000000000000000000000000001011100100000000000000000000000000000000000000000000000000000000000000000000000000000000
00000000100101010110101011111111000010100000000000000000000000000000000000000000000000000000000000000000000000000101101000000000000000000000000000000000000000000000000000000000000000000000000000000000
00000000111010011001111111111101011000100000000000000000000000000000000000000000000000000000000000000000000000001001110100000000000000000000000000000000000000000000000000000000000000000000000000000000
00000000100101100111111111010010001001010000000000000000000000000000000000000000000000000000000000000000000000001010110000000000000000000000000000000000000000000000000000000000000000000000000000000000
00000000010010011111110001001101011000100000000000000000000000000000000000000000000000000000000000000000000000000010111100000000000000000000000000000000000000000000000000000000000000000000000000000000
10110101100001111110001000000000000000000000000000000000000000000000000000000000000000000000000000000000000000000011011111001100000000000000000000000000000000000000000000000000000000000000000000000000
01001010011111100110100100000000000000000000000000000000000000000000000000000000000000000000000000000000000000000100000111110000000000000000000000000000000000000000000000000000000000000000000000000000
00000100111111111100100000000000000000000000000000000000000000000000000000000000000000000000000000000000000000000001001011110100000000000000000000000000000000000000000000000000000000000000000000000000
11001001111010011010010100000000000000000000000000000000000000000000000000000000000000000000000000000000000000001010100001101001000000000000000000000000000000000000000000000000000000000000000000000000
00100111100011000001101000000000000000000000000000000000000000000000000000000000000000000000000000000000000000000000011011110100000000000000000000000000000000000000000000000000000000000000000000000000
10111110010100101100010100000000000000000000000000000000000000000000000000000000000000000000000000000000000000001011110000110101000000000000000000000000000000000000000000000000000000000000000000000000
00111100100010100010101000000000000000000000000000000000000000000000000000000000000000000000000000000000000000000010101011111010000000000000000000000000000000000000000000000000000000000000000000000000
11111010001001000100000100000000000000000000000000000000000000000000000000000000000000000000000000000000000000001000110000011101000000000000000000000000000000000000000000000000000000000000000000000000
11011000000000000000000000000000000000000000000000000000000000000000000000000000000000000000000000000000000000000000000001001110010010100000000000000000000000000000000000000000000000000000000000000000
10100101000000000000000000000000000000000000000000000000000000000000000000000000000000000000000000000000000000000000000010101111101111000000000000000000000000000000000000000000000000000000000000000000
01000010000000000000000000000000000000000000000000000000000000000000000000000000000000000000000000000000000000000000000001101110100000110000000000000000000000000000000000000000000000000000000000000000
10011000000000000000000000000000000000000000000000000000000000000000000000000000000000000000000000000000000000000000000010010011001011000000000000000000000000000000000000000000000000000000000000000000
10010011000000000000000000000000000000000000000000000000000000000000000000000000000000000000000000000000000000000000000001011111100100000000000000000000000000000000000000000000000000000000000000000000
00101100000000000000000000000000000000000000000000000000000000000000000000000000000000000000000000000000000000000000000001000001101011110000000000000000000000000000000000000000000000000000000000000000
10100001000000000000000000000000000000000000000000000000000000000000000000000000000000000000000000000000000000000000000010110001111101000000000000000000000000000000000000000000000000000000000000000000
01000110000000000000000000000000000000000000000000000000000000000000000000000000000000000000000000000000000000000000000000100110110001010000000000000000000000000000000000000000000000000000000000000000
00000000000000000000000000000000000000000000000000000000000000000000000000000000000000000000000000000000000000000000000000000000111011010000000000000000000000000000000000000000000000000000000000000000
00000000000000000000000000000000000000000000000000000000000000000000000000000000000000000000000000000000000000000000000000000000111000010000000000000000000000000000000000000000000000000000000000000000
00000000000000000000000000000000000000000000000000000000000000000000000000000000000000000000000000000000000000000000000000000000011000110000000000000000000000000000000000000000000000000000000000000000
00000000000000000000000000000000000000000000000000000000000000000000000000000000000000000000000000000000000000000000000000000000111100100000000000000000000000000000000000000000000000000000000000000000
00000000000000000000000000000000000000000000000000000000000000000000000000000000000000000000000000000000000000000000000000000000001110010000000000000000000000000000000000000000000000000000000000000000
00000000000000000000000000000000000000000000000000000000000000000000000000000000000000000000000000000000000000000000000000000000101111010000000000000000000000000000000000000000000000000000000000000000
00000000000000000000000000000000000000000000000000000000000000000000000000000000000000000000000000000000000000000000000000000000010110100000000000000000000000000000000000000000000000000000000000000000
00000000000000000000000000000000000000000000000000000000000000000000000000000000000000000000000000000000000000000000000000000000100111000000000000000000000000000000000000000000000000000000000000000000
00000000000000000000000000000000000000000000000000000000000000000000000000000000000000000000000000000000000000000000000000000000100111100110010100000000000000000000000000000000000000000000000000000000
00000000000000000000000000000000000000000000000000000000000000000000000000000000000000000000000000000000000000000000000000000000010011001001100000000000000000000000000000000000000000000000000000000000
00000000000000000000000000000000000000000000000000000000000000000000000000000000000000000000000000000000000000000000000000000000101011110110010100000000000000000000000000000000000000000000000000000000
00000000000000000000000000000000000000000000000000000000000000000000000000000000000000000000000000000000000000000000000000000000010011100101101000000000000000000000000000000000000000000000000000000000
00000000000000000000000000000000000000000000000000000000000000000000000000000000000000000000000000000000000000000000000000000000101001101010100100000000000000000000000000000000000000000000000000000000
00000000000000000000000000000000000000000000000000000000000000000000000000000000000000000000000000000000000000000000000000000000000111111001011100000000000000000000000000000000000000000000000000000000
00000000000000000000000000000000000000000000000000000000000000000000000000000000000000000000000000000000000000000000000000000000111010110110100100000000000000000000000000000000000000000000000000000000
00000000000000000000000000000000000000000000000000000000000000000000000000000000000000000000000000000000000000000000000000000000001010111001001000000000000000000000000000000000000000000000000000000000
00000000000000000000000000000000000000000000000000000000000000000000000000000000000000000000000000000000000000000000000000000000000111011010001000000000000000000000000000000000000000000000000000000000
00000000000000000000000000000000000000000000000000000000000000000000000000000000000000000000000000000000000000000000000000000000101000111110110000000000000000000000000000000000000000000000000000000000
00000000000000000000000000000000000000000000000000000000000000000000000000000000000000000000000000000000000000000000000000000000010010001111001000000000000000000000000000000000000000000000000000000000
00000000000000000000000000000000000000000000000000000000000000000000000000000000000000000000000000000000000000000000000000000000011101001101100100000000000000000000000000000000000000000000000000000000
00000000000000000000000000000000000000000000000000000000000000000000000000000000000000000000000000000000000000000000000000000000100101001110100000000000000000000000000000000000000000000000000000000000
00000000000000000000000000000000000000000000000000000000000000000000000000000000000000000000000000000000000000000000000000000000001011001111100100000000000000000000000000000000000000000000000000000000
00000000000000000000000000000000000000000000000000000000000000000000000000000000000000000000000000000000000000000000000000000000010101001101001100000000000000000000000000000000000000000000000000000000
00000000000000000000000000000000000000000000000000000000000000000000000000000000000000000000000000000000000000000000000000000000001010010100110000000000000000000000000000000000000000000000000000000000
00000000000000000000000000000000000000000000000000000000000000000000000000000000000000000000000000000000000000000000000000000000000000001100010000000000000000000000000000000000000000000000000000000000
00000000000000000000000000000000000000000000000000000000000000000000000000000000000000000000000000000000000000000000000000000000000000001100010000000000000000000000000000000000000000000000000000000000
00000000000000000000000000000000000000000000000000000000000000000000000000000000000000000000000000000000000000000000000000000000000000001100010000000000000000000000000000000000000000000000000000000000
00000000000000000000000000000000000000000000000000000000000000000000000000000000000000000000000000000000000000000000000000000000000000001100010000000000000000000000000000000000000000000000000000000000
00000000000000000000000000000000000000000000000000000000000000000000000000000000000000000000000000000000000000000000000000000000000000001100010000000000000000000000000000000000000000000000000000000000
00000000000000000000000000000000000000000000000000000000000000000000000000000000000000000000000000000000000000000000000000000000000000001100010000000000000000000000000000000000000000000000000000000000
00000000000000000000000000000000000000000000000000000000000000000000000000000000000000000000000000000000000000000000000000000000000000001100010000000000000000000000000000000000000000000000000000000000
00000000000000000000000000000000000000000000000000000000000000000000000000000000000000000000000000000000000000000000000000000000000000001100010000000000000000000000000000000000000000000000000000000000
01010011000000000000000000000000000000000000000000000000000000000000000000000000000000000000000000000000000000000000000000000000000000001100010000000000000000000000000000000000000000000000000000000000
10000100000000000000000000000000000000000000000000000000000000000000000000000000000000000000000000000000000000000000000000000000000000001100010000000000000000000000000000000000000000000000000000000000
01110001000000000000000000000000000000000000000000000000000000000000000000000000000000000000000000000000000000000000000000000000000000001100010000000000000000000000000000000000000000000000000000000000
11001000000000000000000000000000000000000000000000000000000000000000000000000000000000000000000000000000000000000000000000000000000000001100010000000000000000000000000000000000000000000000000000000000
11110110000000000000000000000000000000000000000000000000000000000000000000000000000000000000000000000000000000000000000000000000000000001100010000000000000000000000000000000000000000000000000000000000
11001001000000000000000000000000000000000000000000000000000000000000000000000000000000000000000000000000000000000000000000000000000000001100010000000000000000000000000000000000000000000000000000000000
11100100000000000000000000000000000000000000000000000000000000000000000000000000000000000000000000000000000000000000000000000000000000001100010000000000000000000000000000000000000000000000000000000000
11010011000000000000000000000000000000000000000000000000000000000000000000000000000000000000000000000000000000000000000000000000000000001100010000000000000000000000000000000000000000000000000000000000
11101000000000000000000000000000000000000000000000000000000000000000000000000000000000000000000000000000000000000000000000000000000000001100010000000000000000000000001100000000000000000000000000000000
11100100000000000000000000000000000000000000000000000000000000000000000000000000000000000000000000000000000000000000000000000000000000001100010000000000000000000000001100000000000000000000000000000000
01110011000000000000000000000000000000000000000000000000000000000000000000000000000000000000000000000000000000000000000000000000000000001100010000000000000000000000001100000000000000000000000000000000
01111000000000000000000000000000000000000000000000000000000000000000000000000000000000000000000000000000000000000000000000000000000000001100010000000000000000000000001100000000000000000000000000000000
00110011000000000000000000000000000000000000000000000000000000000000000000000000000000000000000000000000000000000000000000000000000000001100010000000000000000000000001100000000000000000000000000000000
10111100000000000000000000000000000000000000000000000000000000000000000000000000000000000000000000000000000000000000000000000000000000001100010000000000000000000000011100000000000000000000000000000000
10011011000000000000000000000000000000000000000000000000000000000000000000000000000000000000000000000000000000000000000000000000000000001100010000000000000000000000011100000000000000000000000000000000
01011110000000000000000000000000000000000000000000000000000000000000000000000000000000000000000000000000000000000000000000000000000000001100010000000000000000000000011100000000000000000000000000000000
10011101101101010000000000000000000000000000000000000000000000000000000000000000000000000000000000000000000000000000000000000000000000001100010000000000000000000000001100000000000000000000000000000000
10001110011010000000000000000000000000000000000000000000000000000000000000000000000000000000000000000000000000000000000000000000000000001100010000000000000000000000001100000000000000000000000000000000
00111110110101100000000000000000000000000000000000000000000000000000000000000000000000000000000000000000000000000000000000000000000000001100010000000000000000000000001100000000000000000000000000000000
01100111101100000000000000000000000000000000000000000000000000000000000000000000000000000000000000000000000000000000000000000000000000001100010000000000000000000000001100000000000000000000000000000000
00010011000101100000000000000000000000000000000000000000000000000000000000000000000000000000000000000000000000000000000000000000000000001100010000000000000000000000001100000000000000000000000000000000
01101011110011010000000000000000000000000000000000000000000000000000000000000000000000000000000000000000000000000000000000000000000000001100010000000000000000000000001100000000000000000000000000000000
10001111101100010000000000000000000000000000000000000000000000000000000000000000000000000000000000000000000000000000000000000000000000001100010000000000000000000000001100000000000000000000000000000000
00100001110100000000000000000000000000000000000000000000000000000000000000000000000000000000000000000000000000000000000000000000000000001100010000000000000000000000001100000000000000000000000000000000
00000000111110010110011000000000000000000000000000000000000000000000000000000000000000000000000000000000000000000000000000000000001001011110000000000000000000000000001100000000000000000000000000000000
00000000011100101001000100000000000000000000000000000000000000000000000000000000000000000000000000000000000000000000000000000000000101001100101000000000000000000000001100000000000000000000000000000000
00000000101110001010011100000000000000000000000000000000000000000000000000000000000000000000000000000000000000000000000000000000011010101111010000000000000000000000001100000000000000000000000000000000
00000000011111010101110100000000000000000000000000000000000000000000000000000000000000000000000000000000000000000000000000000000000100111100111100000000000000000000001100000000000000000000000000000000
00000000001011101001001000000000000000000000000000000000000000000000000000000000000000000000000000000000000000000000000000000000101111001110101000000000000000000000001100000000000000000000000000000000
00000000110101111110010100000000000000000000000000000000000000000000000000000000000000000000000000000000000000000000000000000000100001111101100000000000000000000000001100000000000000000000000000000000
00000000010111110111010100000000000000000000000000000000000000000000000000000000000000000000000000000000000000000000000000000000010110111100111100000000000000000000001100000000000000000000000000000000
00000000101001011010101000000000000000000000000000000000000000000000000000000000000000000000000000000000000000000000000000000000101001011011000000000000000000000000001100000000000000000000000000000000
00000000010010011100110000000000000000000000000000000000000000000000000000000000000000000000000000000000000000000000000000000000000100101101100000000000000000000000011100000000000000000000000000000000
00000000100101101111001000000000000000000000000000000000000000000000000000000000000000000000000000000000000000000000000000000000100001011101011000000000000000000000000100000000000000000000000000000000
00000000111000011110110100000000000000000000000000000000000000000000000000000000000000000000000000000000000000000000000000000000001100111000100100000000000000000000000000000000000000000000000000000000
00000000100101011111011000000000000000000000000000000000000000000000000000000000000000000000000000000000000000000000000000000000010100011011011100000000000000000000001100000000000000000000000000000000
00000000010110100111110100000000000010000000000000000000000000000000000000000000000000000000000000000000000000001111111100000000011011111100001000000000000000001111111100000000000000000000000000000000
00000000101001100011111000000000000111000000000000000000000000000000000000000000000000000000000000000000000000001111111100000000001100110001111000000000000000001111111100000000000000000000000000000000
00000000000110011101111100000000000111110000000000000000000000000000000000000000000000000000000000000000000000000001111100000000010000111010010100000000000000001111111100000000000000000000000000000000
00000000100001100011111100000000001111110000000000000000000000000000000000000000000000000000000000000000000000000000111100000000001011110101101000000000000000001111111100000000000000000000000000000000
00000000000000000100011110001000101010000000000000000000000000000000000000000000000000000000000000000000000000000000000000001001010111100000000000000000000000000000000000000000000000000000000000000000
00000000000000001001011011100110101100100000000000000000000000000000000000000000000000000000000000000000000000000000000011011110100001110000000000000000000000000000000000000000000000000000000000000000
00000000000000000001001111110010000010000000000000000000000000000000000000000000000000000000000000000000000000000000000000010000110111100000000000000000000000000000000000000000000000000000000000000000
00000000000000001010010100111010010101010000000000000000000000000000000000000000000000000000000000000000000000000000000010101010001111110000000000000000000000000000000000000000000000000000000000000000
00000000000000000101100001111101010011010000000000000000000000000000000000000000000000000000000000000000000000000000000011100101111111000000000000000000000000000000000000000000000000000000000000000000
00000000000000001010001110001110100101000000000000000000000000000000000000000000000000000000000000000000000000000000000000011101111010010000000000000000000000000000000000000000000000000000000000000000
00000000000000000101010000001111011010110000000000000000000000000000000000000000000000000000000000000000000000000000000011100011110100100000000000000000000000000000000000000000000000000000000000000000
00000000000000001000001010101011111101000000000000000000000000000000000000000000000000000000000000000000000000000000000000011111100010010000000000000000000000000000000000000000000000000000000000000000
00000000000000000000000001001001111111111101001000000000000000000000000000000000000000000000000000000000000000000000100100111101000000000000000000000000000000000000000000000000000000000000000000000000
00000000000000000000000010010110101011111111110111111111111111111111111111111111111111111111111111111111111111110101000111111010000000000000000000000000000000000000000000000000000000000000000000000000
00000000000000000000000011100001010101010111111111111111111111111111111111111111111111111111111111111111111111110111111111001010000000000000000000000000000000000000000000000000000000000000000000000000
00000000000000000000000010010101110010001000111111111111111111111111111111111111111111111111111111111111111111111111111110011001000000000000000000000000000000000000000000000000000000000000000000000000
00000000000000000000000001011010000100110010011000000000000000000000000000000000000000000000000000000000000000000000011000110101000000000000000000000000000000000000000000000000000000000000000000000000
00000000000000000000000010100110100000001011101000000000000000000000000000000000000000000000000000000000000000001111010011000011000000000000000000000000000000000000000000000000000000000000000000000000
00000000000000000000000000011001001100110100010100000000000000000000000000000000000000000000000000000000000000000100100100011010000000000000000000000000000000000000000000000000000000000000000000000000
00000000000000000000000010000110000100000000001000000000000000000000000000000000000000000000000000000000000000001101011001100010000000000000000000000000000000000000000000000000000000000000000000000000
00000000000000000000000000000000000000000000000000000000000000000000000000000000000000000000000000000000000000000000000000000000000000000000000000000000000000000000000000000000000000000000000000000000
00000000000000000000000000000000000000000000000000000000000000000000000000000000000000000000000000000000000000000000000000000000000000000000000000000000000000000000000000000000000000000000000000000000
00000000000000000000000000000000000000000000000000000000000000000000000000000000000000000000000000000000000000000000000000000000000000000000000000000000000000000000000000000000000000000000000000000000
00000000000000000000000000000000000000000000000000000000000000000000000000000000000000000000000000000000000000000000000000000000000000000000000000000000000000000000000000000000000000000000000000000000
00000000000000000000000000000000000000000000000000000000000000000000000000000000000000000000000000000000000000000000000000000000000000000000000000000000000000000000000000000000000000000000000000000000
00000000000000000000000000000000000000000000000000000000000000000000000000000000000000000000000000000000000000000000000000000000000000000000000000000000000000000000000000000000000000000000000000000000
00000000000000000000000000000000000000000000000000000000000000000000000000000000000000000000000000000000000000000000000000000000000000000000000000000000000000000000000000000000000000000000000000000000
00000000000000000000000000000000000000000000000000000000000000000000000000000000000000000000000000000000000000000000000000000000000000000000000000000000000000000000000000000000000000000000000000000000
00000000000000000000000000000000000000000000000000000000000000000000000000000000000000000000000000000000000000000000000000000000000000000000000000000000000000000000000000000000000000000000000000000000
00000000000000000000000000000000000000000000000000000000000000000000000000000000000000000000000000000000000000000000000000000000000000000000000000000000000000000000000000000000000000000000000000000000
00000000000000000000000000000000000000000000000000000000000000000000000000000000000000000000000000000000000000000000000000000000000000000000000000000000000000000000000000000000000000000000000000000000
00000000000000000000000000000000000000000000000000000000000000000000000000000000000000000000000000000000000000000000000000000000000000000000000000000000000000000000000000000000000000000000000000000000
00000000000000000000000000000000000000000000000000000000000000000000000000000000000000000000000000000000000000000000000000000000000000000000000000000000000000000000000000000000000000000000000000000000
00000000000000000000000000000000000000000000000000000000000000000000000000000000000000000000000000000000000000000000000000000000000000000000000000000000000000000000000000000000000000000000000000000000
00000000000000000000000000000000000000000000000000000000000000000000000000000000000000000000000000000000000000000000000000000000000000000000000000000000000000000000000000000000000000000000000000000000
00000000000000000000000000000000000000000000000000000000000000000000000000000000000000000000000000000000000000000000000000000000000000000000000000000000000000000000000000000000000000000000000000000000
00000000000000000000000000000000000000000000000000000000000000000000000000000000000000000000000000000000000000000000000000000000000000000000000000000000000000000000000000000000000000000000000000000000
00000000000000000000000000000000000000000000000000000000000000000000000000000000000000000000000000000000000000000000000000000000000000000000000000000000000000000000000000000000000000000000000000000000
00000000000000000000000000000000000000000000000000000000000000000000000000000000000000000000000000000000000000000000000000000000000000000000000000000000000000000000000000000000000000000000000000000000
00000000000000000000000000000000000000000000000000000000000000000000000000000000000000000000000000000000000000000000000000000000000000000000000000000000000000000000000000000000000000000000000000000000
00000000000000000000000000000000000000000000000000000000000000000000000000000000000000000000000000000000000000000000000000000000000000000000000000000000000000000000000000000000000000000000000000000000
00000000000000000000000000000000000000000000000000000000000000000000000000000000000000000000000000000000000000000000000000000000000000000000000000000000000000000000000000000000000000000000000000000000
00000000000000000000000000000000000000000000000000000000000000000000000000000000000000000000000000000000000000000000000000000000000000000000000000000000000000000000000000000000000000000000000000000000
00000000000000000000000000000000000000000000000000000000000000000000000000000000000000000000000000000000000000000000000000000000000000000000000000000000000000000000000000000000000000000000000000000000
00000000000000000000000000000000000000000000000000000000000000000000000000000000000000000000000000000000000000000000000000000000000000000000000000000000000000000000000000000000000000000000000000000000
00000000000000000000000000000000000000000000000000000000000000000000000000000000000000000000000000000000000000000000000000000000000000000000000000000000000000000000000000000000000000000000000000000000
00000000000000000000000000000000000000000000000000000000000000000000000000000000000000000000000000000000000000000000000000000000000000000000000000000000000000000000000000000000000000000000000000000000
00000000000000000000000000000000000000000000000000000000000000000000000000000000000000000000000000000000000000000000000000000000000000000000000000000000000000000000000000000000000000000000000000000000
00000000000000000000000000000000000000000000000000000000000000000000000000000000000000000000000000000000000000000000000000000000000000000000000000000000000000000000000000000000000000000000000000000000
00000000000000000000000000000000000000000000000000000000000000000000000000000000000000000000000000000000000000000000000000000000000000000000000000000000000000000000000000000000000000000000000000000000
00000000000000000000000000000000000000000000000000000000000000000000000000000000000000000000000000000000000000000000000000000000000000000000000000000000000000000000000000000000000000000000000000000000
00000000000000000000000000000000000000000000000000000000000000000000000000000000000000000000000000000000000000000000000000000000000000000000000000000000000000000000000000000000000000000000000000000000
00000000000000000000000000000000000000000000000000000000000000000000000000000000000000000000000000000000000000000000000000000000000000000000000000000000000000000000000000000000000000000000000000000000
00000000000000000000000000000000000000000000000000000000000000000000000000000000000000000000000000000000000000000000000000000000000000000000000000000000000000000000000000000000000000000000000000000000
00000000000000000000000000000000000000000000000000000000000000000000000000000000000000000000000000000000000000000000000000000000000000000000000000000000000000000000000000000000000000000000000000000000
00000000000000000000000000000000000000000000000000000000000000000000000000000000000000000000000000000000000000000000000000000000000000000000000000000000000000000000000000000000000000000000000000000000
00000000000000000000000000000000000000000000000000000000000000000000000000000000000000000000000000000000000000000000000000000000000000000000000000000000000000000000000000000000000000000000000000000000
00000000000000000000000000000000000000000000000000000000000000000000000000000000000000000000000000000000000000000000000000000000000000000000000000000000000000000000000000000000000000000000000000000000
00000000000000000000000000000000000000000000000000000000000000000000000000000000000000000000000000000000000000000000000000000000000000000000000000000000000000000000000000000000000000000000000000000000
00000000000000000000000000000000000000000000000000000000000000000000000000000000000000000000000000000000000000000000000000000000000000000000000000000000000000000000000000000000000000000000000000000000
