200 200
00000000000000000000000000000000000000000000000000000000000000000000000000000000000000000000000000000000000000000000000000000000000000000000000000000000000000000000000000000000000000000000000000000000
00000000000000000000000000000000000000000000000000000000000000000000000000000000000000000000000000000000000000000000000000000000000000000000000000000000000000000000000000000000000000000000000000000000
00000000000000000000000000000000000000000000000000000000000000000000000000000000000000000000000000000000000000000000000000000000000000000000000000000000000000000000000000000000000000000000000000000000
00000000000000000000000000000000000000000000000000000000000000000000000000000000000000000000000000000000000000000000000000000000000000000000000000000000000000000000000000000000000000000000000000000000
00000000000000000000000000000000000000000000000000000000000000000000000000000000000000000000000000000000000000000000000000000000000000000000000000000000000000000000000000000000000000000000000000000000
00000000000000000000000000000000000000000000000000000000000000000000000000000000000000000000000000000000000000000000000000000000000000000000000000000000000000000000000000000000000000000000000000000000
00000000000000000000000000000000000000000000000000000000000000000000000000000000000000000000000000000000000000000000000000000000000000000000000000000000000000000000000000000000000000000000000000000000
00000000000000000000000000000000000000000000000000000000000000000000000000000000000000000000000000000000000000000000000000000000000000000000000000000000000000000000000000000000000000000000000000000000
00000000000000000000000000000000000000000000000000000000000000000000000000000000000000000000000000000000000000000000000000000000000000000000000000000000000000000000000000000000000000000000000000000000
00000000000000000000000000000000000000000000000000000000000000000000000000000000000000000000000000000000000000000000000000000000000000000000000000000000000000000000000000000000000000000000000000000000
00000000000000000000000000000000000000000000000000000000000000000000000000000000000000000000000000000000000000000000000000000000000000000000000000000000000000000000000000000000000000000000000000000000
00000000000000000000000000000000000000000000000000000000000000000000000000000000000000000000000000000000000000000000000000000000000000000000000000000000000000000000000000000000000000000000000000000000
00000000000000000000000000000000000000000000000000000000000000000000000000000000000000000000000000000000000000000000000000000000000000000000000000000000000000000000000000000000000000000000000000000000
00000000000000000000000000000000000000000000000000000000000000000000000000000000000000000000000000000000000000000000000000000000000000000000000000000000000000000000000000000000000000000000000000000000
00000000000000000000000000000000000000000000000000000000000000000000000000000000000000000000000000000000000000000000000000000000000000000000000000000000000000000000000000000000000000000000000000000000
00000000000000000000000000000000000000000000000000000000000000000000000000000000000000000000000000000000000000000000000000000000000000000000000000000000000000000000000000000000000000000000000000000000
00000000000000000000000000000000000000000000000000000000000000000000000000000000000000000000000000000000000000000000000000000000000000000000000000000000000000000000000000000000000000000000000000000000
00000000000000000000000000000000000000000000000000000000000000000000000000000000000000000000000000000000000000000000000000000000000000000000000000000000000000000000000000000000000000000000000000000000
00000000000000000000000000000000000000000000000000000000000000000000000000000000000000000000000000000000000000000000000000000000000000000000000000000000000000000000000000000000000000000000000000000000
00000000000000000000000000000000000000000000000000000000000000000000000000000000000000000000000000000000000000000000000000000000000000000000000000000000000000000000000000000000000000000000000000000000
00000000000000000000000000000000000000000000000000000000000000000000000000000000000000000000000000000000000000000000000000000000000000000000000000000000000000000000000000000000000000000000000000000000
00000000000000000000000000000000000000000000000000000000000000000000000000000000000000000000000000000000000000000000000000000000000000000000000000000000000000000000000000000000000000000000000000000000
00000000000000000000000000000000000000000000000000000000000000000000000000000000000000000000000000000000000000000000000000000000000000000000000000000000000000000000000000000000000000000000000000000000
00000000000000000000000000000000000000000000000000000000000000000000000000000000000000000000000000000000000000000000000000000000000000000000000000000000000000000000000000000000000000000000000000000000
00000000000000000000000000000000000000000000000000000000000000000000000000000000000000000000000000000000000000000000000000000000000000000000000000000000000000000000000000000000000000000000000000000000
00000000000000000000000000000000000000000000000000000000000000000000000000000000000000000000000000000000000000000000000000000000000000000000000000000000000000000000000000000000000000000000000000000000
00000000000000000000000000000000000000000000000000000000000000000000000000000000000000000000000000000000000000000000000000000000000000000000000000000000000000000000000000000000000000000000000000000000
00000000000000000000000000000000000000000000000000000000000000000000000000000000000000000000000000000000000000000000000000000000000000000000000000000000000000000000000000000000000000000000000000000000
00000000000000000000000000000000000000000000000000000000000000000000000000000000000000000000000000000000000000000000000000000000000000000000000000000000000000000000000000000000000000000000000000000000
00000000000000000000000000000000000000000000000000000000000000000000000000000000000000000000000000000000000000000000000000000000000000000000000000000000000000000000000000000000000000000000000000000000
00000000000000000000000000000000000000000000000000000000000000000000000000000000000000000000000000000000000000000000000000000000000000000000000000000000000000000000000000000000000000000000000000000000
00000000000000000000000000000000000000000000000000000000000000000000000000000000000000000000000000000000000000000000000000000000000000000000000000000000000000000000000000000000000000000000000000000000
00000000000000000000000000000000000000000000000000000000000000000000000000000000000000000000000000000000000000000000000000000000000000000000000000000000000000000000000000000000000000000000000000000000
00000000000000000000000000000000000000000000000000000000000000000000000000000000000000000000000000000000000000000000000000000000000000000000000000000000000000000000000000000000000000000000000000000000
00000000000000000000000000000000000000000000000000000000000000000000000000000000000000000000000000000000000000000000000000000000000000000000000000000000000000000000000000000000000000000000000000000000
00000000000000000000000000000000000000000000000000000000000000000000000000000000000000000000000000000000000000000000000000000000000000000000000000000000000000000000000000000000000000000000000000000000
00000000000000000000000000000000000000000000000000000000000000000000000000000000000000000000000000000000000000000000000000000000000000000000000000000000000000000000000000000000000000000000000000000000
00000000000000000000000000000000000000000000000000000000000000000000000000000000000000000000000000000000000000000000000000000000000000000000000000000000000000000000000000000000000000000000000000000000
00000000000000000000000000000000000000000000000000000000000000000000000000000000000000000000000000000000000000000000000000000000000000000000000000000000000000000000000000000000000000000000000000000000
00000000000000000000000000000000000000000000000000000000000000000000000000000000000000000000000000000000000000000000000000000000000000000000000000000000000000000000000000000000000000000000000000000000
00000000000000000000000000000000000000000000000000000000000000000000000000000000000000000000000000000000000000000000000000000000000000000000000000000000000000000000000000000000000000000000000000000000
00000000000000000000000000000000000000000000000000000000000000000000000000000000000000000000000000000000000000000000000000000000000000000000000000000000000000000000000000000000000000000000000000000000
00000000000000000000000000000000000000000000000000000000000000000000000000000000000000000000000000000000000000000000000000000000000000000000000000000000000000000000000000000000000000000000000000000000
00000000000000000000000000000000000000000000000000000000000000000000000000000000000000000000000000000000000000000000000000000000000000000000000000000000000000000000000000000000000000000000000000000000
00000000000000000000000000000000000000000000000000000000000000000000000000000000000000000000000000000000000000000000000000000000000000000000000000000000000000000000000000000000000000000000000000000000
00000000000000000000000000000000000000000000000000000000000000000000000000000000000000000000000000000000000000000000000000000000000000000000000000000000000000000000000000000000000000000000000000000000
00000000000000000000000000000000000000000000000000000000000000000000000000000000000000000000000000000000000000000000000000000000000000000000000000000000000000000000000000000000000000000000000000000000
00000000000000000000000000000000000000000000000000000000000000000000000000000000000000000000000000000000000000000000000000000000000000000000000000000000000000000000000000000000000000000000000000000000
00000000000000000000000000000000000000000000000000000000000000000000000000000000000000000000000000000000000000000000000000000000000000000000000000000000000000000000000000000000000000000000000000000000
00000000000000000000000000000000000000000000000000000000000000000000000000000000000000000000000000000000000000000000000000000000000000000000000000000000000000000000000000000000000000000000000000000000
00000000000000000000000000000000000000000000000000000000000000000000000000000000000000000000000000000000000000000000000000000000000000000000000000000000000000000000000000000000000000000000000000000000
00000000000000000000000000000000000000000000000000000000000000000000000000000000000000000000000000000000000000000000000000000000000000000000000000000000000000000000000000000000000000000000000000000000
00000000000000000000000000000000000000000000000000000000000000000000000000000000000000000000000000000000000000000000000000000000000000000000000000000000000000000000000000000000000000000000000000000000
00000000000000000000000000000000000000000000000000000000000000000000000000000000000000000000000000000000000000000000000000000000000000000000000000000000000000000000000000000000000000000000000000000000
00000000000000000000000000000000000000000000000000000000000000000000000000000000000000000000000000000000000000000000000000000000000000000000000000000000000000000000000000000000000000000000000000000000
00000000000000000000000000000000000000000000000000000000000000000000000000000000000000000000000000000000000000000000000000000000000000000000000000000000000000000000000000000000000000000000000000000000
00000000000000000000000000000000000000000000000000000000000000000000000000000000000000000000000000000000101100010110110100110101000000000000000000000000000000000000000000000000000000000000000000000000
00000000000000000000000000000000000000000000000000000000000000000000000000000000000000000000000000000000010011101010000101001011000000000000000000000000000000000000000000000000000000000000000000000000
00000000000000000000000000000000000000000000000000000000000000000000000000000000000000000000000000000000000110000001101010110000000000000000000000000000000000000000000000000000000000000000000000000000
00000000000000000000000000000000000000000000000000000000000000000000000000000000000000000000000000000000101101001101000011001101000000000000000000000000000000000000000000000000000000000000000000000000
00000000000000000000000000000000000000000000000000000000000000000000000000000000000000000000000000000000011000010001010100110010000000000000000000000000000000000000000000000000000000000000000000000000
00000000000000000000000000000000000000000000000000000000000000000000000000000000000000000000000000000000100101011111111010111110000000000000000000000000000000000000000000000000000000000000000000000000
00000000000000000000000000000000000000000000000000000000000000000000000000000000000000000000000000000000001001111111111111100101000000000000000000000000000000000000000000000000000000000000000000000000
00000000000000000000000000000000000000000000000000000000000000000000000000000000000000000000000000000000100110111000101111111010000000000000000000000000000000000000000000000000000000000000000000000000
00000000000000000000000000000000000000000000000000000000000000000000000000000000000000000000000000000000001000110000000000111111101110001001000000000000000000000000000000000000000000000000000000000000
00000000000000000000000000000000000000000000000000000000000000000000000000000000000000000000000000000000001000110000000000001111110001110110010100000000000000000000000000000000000000000000000000000000
00000000000000000000000000000000000000000000000000000000000000000000000000000000000000000000000000000000001000110000000011011100111111010001000100000000000000000000000000000000000000000000000000000000
00000000000000000000000000000000000000000000000000000000000000000000000000000000000000000000000000000000001000110000000000111001001111101011011000000000000000000000000000000000000000000000000000000000
00000000000000000000000000000000000000000000000000000000000000000000000000000000000000000000000000000000001000110000000010000101101111100110001100000000000000000000000000000000000000000000000000000000
00000000000000000000000000000000000000000000000000000000000000000000000000000000000000000000000000000000001000110000000001010010010111111101110000000000000000000000000000000000000000000000000000000000
00000000000000000000000000000000000000000000000000000000000000000000000000000000000000000000000000000000001000110000000010001000011000011110101100000000000000000000000000000000000000000000000000000000
00000000000000000000000000000000000000000000000000000000000000000000000000000000000000000000000000000000001000110000000001010110000111011111110000000000000000000000000000000000000000000000000000000000
00000000000000000000000000000000000000000000000000000000000000000000000000000000000000000000000000000000010011110010100000000000000000001011111001011101011001010000000000000000000000000000000000000000
00000000000000000000000000000000000000000000000000000000000000000000000000000000000000000000000000000000100101101100011000000000000000000101111100100110100110000000000000000000000000000000000000000000
00000000000000000000000000000000000000000000000000000000000000000000000000000000000000000000000000000000101001111111000100000000000000001100011111001001011001010000000000000000000000000000000000000000
00000000000000000000000000000000000000000000000000000000000000000000000000000000000000000000000000000000100101111101100000000000000000000100100111010110010110100000000000000000000000000000000000000000
00000000000000000000000000000000000000000000000000000000000000000000000000000000000000000000000000000000000111101110010100000000000000001000011011110010101010010000000000000000000000000000000000000000
00000000000000000000000000000000000000000000000000000000000000000000000000000000000000000000000000000000101001101111101000000000000000001011000100111100100101110000000000000000000000000000000000000000
00000000000000000000000000000000000000000000000000000000000000000000000000000000000000000000000000000000000111111100000100000000000000000100100010101110011010010000000000000000000000000000000000000000
00000000000000000000000000000000000000000000000000000000000000000000000000000000000000000000000000000000101001101110101000000000000000000011101001011111100100100000000000000000000000000000000000000000
00000000000000000000000000000000000000000000000000000000000000000000000000000000000000000000000000000000001011111110000000000000000000000000000001001001111001001000110100000000000000000000000000000000
00000000000000000000000000000000000000000000000000000000000000000000000000000000000000000000000000000000010101101100101000000000000000000000000010010110111110100111001000000000000000000000000000000000
00000000000000000000000000000000000000000000000000000000000000000000000000000000000000000000000000000000001011101111010000000000000000000000000011100001111111000001100000000000000000000000000000000000
00000000000000000000000000000000000000000000000000000000000000000000000000000000000000000000000000000000100101101100111100000000000000000000000010010101010111010010110100000000000000000000000000000000
00000000000000000000000000000000000000000000000000000000000000000000000000000000000000000000000000000000011101101110101000000000000000000000000001011010111111111000011000000000000000000000000000000000
00000000000000000000000000000000000000000000000000000000000000000000000000000000000000000000000000000000010011101101100000000000000000000000000010100110000101111010100100000000000000000000000000000000
00000000000000000000000000000000000000000000000000000000000000000000000000000000000000000000000000000000101001111100111100000000000000000000000000011001110101011110010000000000000000000000000000000000
00000000000000000000000000000000000000000000000000000000000000000000000000000000000000000000000000000000000111111011000000000000000000000000000010000110001100101101100100000000000000000000000000000000
00000000000000000000000000000000000000000000000000000000000000000000000000000000000000000000000000000000000001111001001000000000000000000000000000000000000000000111001001100101000000000000000000000000
00000000000000000000000000000000000000000000000000000000000000000000000000000000000000000000000000000000000001110110100100000000000000000000000000000000000000001111100110011000000000000000000000000000
00000000000000000000000000000000000000000000000000000000000000000000000000000000000000000000000000000000000001111000011100000000000000000000000000000000000000000111111001100101000000000000000000000000
00000000000000000000000000000000000000000000000000000000000000000000000000000000000000000000000000000000000001111010100100000000000000000000000000000000000000000111110001011010000000000000000000000000
00000000000000000000000000000000000000000000000000000000000000000000000000000000000000000000000000000000000001110101101000000000000000000000000000000000000000001010110110101001000000000000000000000000
00000000000000000000000000000000000000000000000000000000000000000000000000000000000000000000000000000000000001110110010100000000000000000000000000000000000000000001111010010111000000000000000000000000
00000000000000000000000000000000000000000000000000000000000000000000000000000000000000000000000000000000000001111001100000000000000000000000000000000000000000001000111101101001000000000000000000000000
00000000000000000000000000000000000000000000000000000000000000000000000000000000000000000000000000000000000001110110000100000000000000000000000000000000000000000010001110010010000000000000000000000000
00000000000000000000000000000000000000000000000000000000000000000000000000000000000000000000000000000000101001110101000000000000000000000000000000000000000000000100100111101100000000000000000000000000
00000000000000000000000000000000000000000000000000000000000000000000000000000000000000000000000000000000000101111010001000000000000000000000000000000000000000001001011011110011000000000000000000000000
00000000000000000000000000000000000000000000000000000000000000000000000000000000000000000000000000000000000011111000110000000000000000000000000000000000000000001110000101110000000000000000000000000000
00000000000000000000000000000000000000000000000000000000000000000000000000000000000000000000000000000000010111011110011000000000000000000000000000000000000000001001010111111101000000000000000000000000
00000000000000000000000000000000000000000000000000000000000000000000000000000000000000000000000000000000100011001101000100000000000000000000000000000000000000000101101001011000000000000000000000000000
00000000000000000000000000000000000000000000000000000000000000000000000000000000000000000000000000000000010111111101011000000000000000000000000000000000000000001010011001001110000000000000000000000000
00000000000000000000000000000000000000000000000000000000000000000000000000000000000000000000000000000000010110001110101000000000000000000000000000000000000000000001100100110110000000000000000000000000
00000000000000000000000000000000000000000000000000000000000000000000000000000000000000000000000000000000101111101110010100000000000000000000000000000000000000001000011011001111000000000000000000000000
00000000000000000000000000000000000000000000000000000000000000000000000000000000000000000000000000000000010110100110101100000000000000000000000000000000000000000000000000011011110001100000000000000000
00000000000000000000000000000000000000000000000000000000000000000000000000000000000000000000000000000000011110010110010100000000000000000000000000000000000000000000000010100101110100100000000000000000
00000000000000000000000000000000000000000000000000000000000000000000000000000000000000000000000000000000001111001111000000000000000000000000000000000000000000000000000001000010111011010000000000000000
00000000000000000000000000000000000000000000000000000000000000000000000000000000000000000000000000000000001111010010010000000000000000000000000000000000000000000000000000011001011000100000000000000000
00000000000000000000000000000000000000000000000000000000000000000000000000000000000000000000000000000000100110101101001000000000000000000000000000000000000000000000000011001001111110010000000000000000
00000000000000000000000000000000000000000000000000000000000000000000000000000000000000000000000000000000011111100100100100000000000000000000000000000000000000000000000000110100011110100000000000000000
00000000000000000000000000000000000000000000000000000000000000000000000000000000000000000000000000000000101110011010010100000000000000000000000000000000000000000000000010000101110111010000000000000000
00000000000000000000000000000000000000000000000000000000000000000000000000000000000000000000000000000000010110100101101000000000000000000000000000000000000000000000000001100010000011000000000000000000
00000000000000000000000000000000000000000000000000000000000000000000000000000000000000000000000000000000100110100000000000000000000000000000000000000000000000000000001100000000100111100110001000000000
00000000000000000000000000000000000000000000000000000000000000000000000000000000000000000000000000000000010110000000000000000000000000000000000000000000000000000000001100000000001001101000100100000000
00000000000000000000000000000000000000000000000000000000000000000000000000000000000000000000000000000000000110100000000000000000000000000000000000000000000000000000001100000000110000110110000100000000
00000000000000000000000000000000000000000000000000000000000000000000000000000000000000000000000000000000101111100000000000000000000000000000000000000000000000000000001100000000001010111001111000000000
00000000000000000000000000000000000000000000000000000000000000000000000000000000000000000000000000000000101101010000000000000000000000000000000000000000000000000000001100000000010110011101000100000000
00000000000000000000000000000000000000000000000000000000000000000000000000000000000000000000000000000000011110100000000000000000000000000000000000000000000000000000011100000000101001011101101000000000
00000000000000000000000000000000000000000000000000000000000000000000000000000000000000000000000000000000101110000000000000000000000000000000000000000000000000000000011100000000011110100111011000000000
00000000000000000000000000000000000000000000000000000000000000000000000000000000000000000000000000000000001101100000000000000000000000000000000000000000000000000000011100000000000010101111100000000000
00000000000000000000000000000000000000000000000000000000000000000000000000000000000000000000000000000000011100000000000000000000000000000000000000000000000000000000001100000000000000000111101000000000
00000000000000000000000000000000000000000000000000000000000000000000000000000000000000000000000000000000011100000000000000000000000000000000000000000000000000000000001100000000000000001001100000000000
00000000000000000000000000000000000000000000000000000000000000000000000000000000000000000000000000000000011100000000000000000000000000000000000000000000000000000000001100000000000000000111101000000000
00000000000000000000000000000000000000000000000000000000000000000000000000000000000000000000000000000000011100000000000000000000000000000000000000000000000000000000001100000000000000001011100000000000
00000000000000000000000000000000000000000000000000000000000000000000000000000000000000000000000000000000011100000000000000000000000000000000000000000000000000000000001100000000000000000100111100000000
00000000000000000000000000000000000000000000000000000000000000000000000000000000000000000000000000000000011100000000000000000000000000000000000000000000000000000000001100000000000000001001110000000000
00000000000000000000000000000000000000000000000000000000000000000000000000000000000000000000000000000000011100000000000000000000000000000000000000000000000000000000001100000000000000000100111000000000
00000000000000000000000000000000000000000000000000000000000000000000000000000000000000000000000000000000011100000000000000000000000000000000000000000000000000000000001100000000000000001010111000000000
00000000000000001110000000000000000000000000000000000000000000000000000000000000000000000000000000000000011100000000000000000000000000000000000000000000000000000000001100000000000000000010011001000010
00000000000000001110000000000000000000000000000000000000000000000000000000000000000000000000000000000000011100000000000000000000000000000000000000000000000000000000001100000000000000000101011101010000
00000000000000001110000000000000000000000000000000000000000000000000000000000000000000000000000000000000011100000000000000000000000000000000000000000000000000000000001100000000000000001000001110110010
00000000000000001110000000000000000000000000000000000000000000000000000000000000000000000000000000000000011100000000000000000000000000000000000000000000000000000000001100000000000000000101101101000100
00000000000000001110000000000000000000000000000000000000000000000000000000000000000000000000000000000000011100000000000000000000000000000000000000000000000000000000001100000000000000001010000110111010
00000000000000001110000000000000000000000000000000000000000000000000000000000000000000000000000000000000011100000000000000000000000000000000000000000000000000000000001100000000000000000000110111001000
00000000000000001110000000000000000000000000000000000000000000000000000000000000000000000000000000000000011100000000000000000000000000000000000000000000000000000000001100000000000000000110101111100011
00000000000000001110000000000000000000000000000000000000000000000000000000000000000000000000000000000000011100000000000000000000000000000000000000000000000000000000001100000000000000000100010110000010
00000000000000001110000000000000000000000000000000000000000000000000000000000000000000000000000000000000011111000000000000000000000000000000000000000000000000000000011100000000000000000000000110000000
00000000000000001110000000000000000000000000000000000000000000000000000000000000000000000000000000000000001110010000000000000000000000000000000000000000000000000000000100000000000000000000000110000000
00000000000000001110000000000000000000000000000000000000000000000000000000000000000000000000000000000000101101100000000000000000000000000000000000000000000000000000000000000000000000000000000110000000
00000000000000001111000000000000000000000000000000000000000000000000000000000000000000000000000000000000011101000000000000000000000000000000000000000000000000000000001100000000000000000000000110000000
00000000000000001111100000000000000010000000000000000000000000000000000000000000000000000000000000000000001110111111111100000000000000000000000000000000000000001111111100000000000000000000000110000000
00000000000000001111111100000000000111000000000000000000000000000000000000000000000000000000000000000000001101001111111100000000000000000000000000000000000000001111111100000000000000000000000110000000
00000000000000001111111100000000000111110000000000000000000000000000000000000000000000000000000000000000101110000001111100000000000000000000000000000000000000001111111100000000000000000000000110000000
00000000000000001111111100000000001111110000000000000000000000000000000000000000000000000000000000000000010110100000111100000000000000000000000000000000000000001111111100000000000000000000000110000000
00000000000000000000000000000000000000000000000000000000000000000000000000000000000000000000000000000000100110100000000000000000000000000000000000000000000000000000000000000000000000000000000110000000
00000000000000000000000000000000000000000000000000000000000000000000000000000000000000000000000000000000010111000000000000000000000000000000000000000000000000000000000000000000000000000000000110000000
00000000000000000000000000000000000000000000000000000000000000000000000000000000000000000000000000000000101110110000000000000000000000000000000000000000000000000000000000000000000000000000000110000000
00000000000000000000000000000000000000000000000000000000000000000000000000000000000000000000000000000000010111000000000000000000000000000000000000000000000000000000000000000000000000000000000110000000
00000000000000000000000000000000000000000000000000000000000000000000000000000000000000000000000000000000101011010000000000000000000000000000000000000000000000000000000000000000000000000000000110000000
00000000000000000000000000000000000000000000000000000000000000000000000000000000000000000000000000000000100111010000000000000000000000000000000000000000000000000000000000000000000000000000000110000000
00000000000000000000000000000000000000000000000000000000000000000000000000000000000000000000000000000000010111100000000000000000000000000000000000000000000000000000000000000000000000000000000110000000
00000000000000000000000000000000000000000000000000000000000000000000000000000000000000000000000000000000101011010000000000000000000000000000000000000000000000000000000000000000000000000000000110000000
00000000000000000000000000000000000000000000000000000000000000000000000000000000000000000000000000000000101001110110010100000000000000000000000000000000000000000000000000000000000000000000000110000000
00000000000000000000000000000000000000000000000000000000000000000000000000000000000000000000000000000000010101101001100000000000000000000000000000000000000000000000000000000000000000000000000110000000
00000000000000000000000000000000000000000000000000000000000000000000000000000000000000000000000000000000100011110110010100000000000000000000000000000000000000000000000000000000000000000000000110000000
00000000000000000000000000000000000000000000000000000000000000000000000000000000000000000000000000000000101001110101101000000000000000000000000000000000000000000000000000000000000000000000000110000000
00000000000000000000000000000000000000000000000000000000000000000000000000000000000000000000000000000000010100111010100100000000000000000000000000000000000000000000000000000000000000000000000110000000
00000000000000000000000000000000000000000000000000000000000000000000000000000000000000000000000000000000001101111001011100000000000000000000000000000000000000000000000000000000000000000000000110000000
00000000000000000000000000000000000000000000000000000000000000000000000000000000000000000000000000000000100010110110100100000000000000000000000000000000000000000000000000000000000000000000000110000000
00000000000000000000000000000000000000000000000000000000000000000000000000000000000000000000000000000000000100111001001000000000000000000000000000000000000000000000000000000000000000000000000110000000
00000000000000000000000000000000000000000000000000000000000000000000000000000000000000000000000000000000000111011010110100000000000000000000000000000000000000000000000000000000000000000101000110000000
00000000000000000000000000000000000000000000000000000000000000000000000000000000000000000000000000000000101000111000101000000000000000000000000000000000000000000000000000000000000000001010011110000000
00000000000000000000000000000000000000000000000000000000000000000000000000000000000000000000000000000000010010001101011000000000000000000000000000000000000000000000000000000000000000000101100110000000
00000000000000000000000000000000000000000000000000000000000000000000000000000000000000000000000000000000011101001110010100000000000000000000000000000000000000000000000000000000000000001000010110000000
00000000000000000000000000000000000000000000000000000000000000000000000000000000000000000000000000000000100101001111000100000000000000000000000000000000000000000000000000000000000000000110100110000000
00000000000000000000000000000000000000000000000000000000000000000000000000000000000000000000000000000000001011000110010000000000000000000000000000000000000000000000000000000000000000000001011110000000
00000000000000000000000000000000000000000000000000000000000000000000000000000000000000000000000000000000010101001111001100000000000000000000000000000000000000000000000000000000000000000100100110000000
00000000000000000000000000000000000000000000000000000000000000000000000000000000000000000000000000000000001010010111101000000000000000000000000000000000000000000000000000000000000000001011001010000000
00000000000000000000000000000000000000000000000000000000000000000000000000000000000000000000000000000000000000001011100000000000000000000000000000000000000000000000000000000000000000001010010110000000
00000000000000000000000000000000000000000000000000000000000000000000000000000000000000000000000000000000000000000101100100000000000000000000000000000000000000000000000000000000000000000100000110000011
00000000000000000000000000000000000000000000000000000000000000000000000000000000000000000000000000000000000000000101110100000000000000000000000000000000000000000000000000000000000000001101101111001000
00000000000000000000000000000000000000000000000000000000000000000000000000000000000000000000000000000000000000001010110000000000000000000000000000000000000000000000000000000000000000000001010110111010
00000000000000000000000000000000000000000000000000000000000000000000000000000000000000000000000000000000000000000001111000000000000000000000000000000000000000000000000000000000000000001100101101000100
00000000000000000000000000000000000000000000000000000000000000000000000000000000000000000000000000000000000000001010111000000000000000000000000000000000000000000000000000000000000000000000011110110010
00000000000000000000000000000000000000000000000000000000000000000000000000000000000000000000000000000000000000001010011100000000000000000000000000000000000000000000000000000000000000001010001101010000
00000000000000000000000000000000000000000000000000000000000000000000000000000000000000000000000000000000000000000001001100000000000000000000000000000000000000000000000000000000000000000100001101000010
00000000000000000000000000000000000000000000000000000000000000000000000000000000000000000000000000000000000000000001101110010010000000000000000000000000000000000000000000000000000000000110001100000000
00000000000000000000000000000000000000000000000000000000000000000000000000000000000000000000000000000000000000001010010110101100000000000000000000000000000000000000000000000000000000000000111000000000
00000000000000000000000000000000000000000000000000000000000000000000000000000000000000000000000000000000000000000100001011011101000000000000000000000000000000000000000000000000000000001100111000000000
00000000000000000000000000000000000000000000000000000000000000000000000000000000000000000000000000000000000000000001100111110010000000000000000000000000000000000000000000000000000000001000011100000000
00000000000000000000000000000000000000000000000000000000000000000000000000000000000000000000000000000000000000001100100111101101000000000000000000000000000000000000000000000000000000000111111000000000
00000000000000000000000000000000000000000000000000000000000000000000000000000000000000000000000000000000000000000011010010110011000000000000000000000000000000000000000000000000000000000100111100000000
00000000000000000000000000000000000000000000000000000000000000000000000000000000000000000000000000000000000000001000010100111110000000000000000000000000000000000000000000000000000000000011011000000000
00000000000000000000000000000000000000000000000000000000000000000000000000000000000000000000000000000000000000000110001010011001000000000000000000000000000000000000000000000000000000001101011100000000
00000000000000000000000000000000000000000000000000000000000000000000000000000000000000000000000000000000000000000000000000101101001001010000000000000000000000000000000000000000000000000011111000000000
00000000000000000000000000000000000000000000000000000000000000000000000000000000000000000000000000000000000000000000000001001111110011100000000000000000000000000000000000000000000000001001110000000000
00000000000000000000000000000000000000000000000000000000000000000000000000000000000000000000000000000000000000000000000000011110011100010000000000000000000000000000000000000000000000000110110100000000
00000000000000000000000000000000000000000000000000000000000000000000000000000000000000000000000000000000000000000000000010010011000001110000000000000000000000000000000000000000000000000010111000000000
00000000000000000000000000000000000000000000000000000000000000000000000000000000000000000000000000000000000000000000000001101011101010000000000000000000000000000000000000000000000000001101110000000000
00000000000000000000000000000000000000000000000000000000000000000000000000000000000000000000000000000000000000000000000000001101110111000000000000000000000000000000000000000000000000000010110000000000
00000000000000000000000000000000000000000000000000000000000000000000000000000000000000000000000000000000000000000000000000110001111101100000000000000000000000000000000000000000000000000001110100000000
00000000000000000000000000000000000000000000000000000000000000000000000000000000000000000000000000000000000000000000000010010000011110010000000000000000000000000000000000000000000000000101101000000000
00000000000000000000000000000000000000000000000000000000000000000000000000000000000000000000000000000000000000000000000000000000011110000100001000000000000000000000000000000000000000001011110000000000
00000000000000000000000000000000000000000000000000000000000000000000000000000000000000000000000000000000000000000000000000000000000111101010000100000000000000000000000000000000000000000111101100000000
00000000000000000000000000000000000000000000000000000000000000000000000000000000000000000000000000000000000000000000000000000000011111010010110000000000000000000000000000000000000000001011011000000000
00000000000000000000000000000000000000000000000000000000000000000000000000000000000000000000000000000000000000000000000000000000000011101001001100000000000000000000000000000000000000000110100100000000
00000000000000000000000000000000000000000000000000000000000000000000000000000000000000000000000000000000000000000000000000000000101101101001100000000000000000000000000000000000000000001110101000000000
00000000000000000000000000000000000000000000000000000000000000000000000000000000000000000000000000000000000000000000000000000000010011110100011000000000000000000000000000000000000000001111001100000000
00000000000000000000000000000000000000000000000000000000000000000000000000000000000000000000000000000000000000000000000000000000110010111010010100000000000000000000000000000000000000001101000000000000
00000000000000000000000000000000000000000000000000000000000000000000000000000000000000000000000000000000000000000000000000000000101001011100101000000000000000000000000000000000000000001110010100000000
