200 200
00000000000000000000000000000000000000000000000000000000000000000000000000000000000000000000000000000000000000000000000000000000000000000000000000000000000000000000000000000000000000000000000000000000
00000000000000000000000000000000000000000000000000000000000000000000000000000000000000000000000000000000000000000000000000000000000000000000000000000000000000000000000000000000000000000000000000000000
00000000000000000000000000000000000000000000000000000000000000000000000000000000000000000000000000000000000000000000000000000000000000000000000000000000000000000000000000000000000000000000000000000000
00000000000000000000000000000000000000000000000000000000000000000000000000000000000000000000000000000000000000000000000000000000000000000000000000000000000000000000000000000000000000000000000000000000
00000000000000000000000000000000000000000000000000000000000000000000000000000000000000000000000000000000000000000000000000000000000000000000000000000000000000000000000000000000000000000000000000000000
00000000000000000000000000000000000000000000000000000000000000000000000000000000000000000000000000000000000000000000000000000000000000000000000000000000000000000000000000000000000000000000000000000000
00000000000000000000000000000000000000000000000000000000000000000000000000000000000000000000000000000000000000000000000000000000000000000000000000000000000000000000000000000000000000000000000000000000
00000000000000000000000000000000000000000000000000000000000000000000000000000000000000000000000000000000000000000000000000000000000000000000000000000000000000000000000000000000000000000000000000000000
00000000000000000000000000000000000000000000000000000000000000000000000000000000000000000000000000000000000000000000000000000000000000000000000000000000000000000000000000000000000000000000000000000000
00000000000000000000000000000000000000000000000000000000000000000000000000000000000000000000000000000000000000000000000000000000000000000000000000000000000000000000000000000000000000000000000000000000
00000000000000000000000000000000000000000000000000000000000000000000000000000000000000000000000000000000000000000000000000000000000000000000000000000000000000000000000000000000000000000000000000000000
00000000000000000000000000000000000000000000000000000000000000000000000000000000000000000000000000000000000000000000000000000000000000000000000000000000000000000000000000000000000000000000000000000000
00000000000000000000000000000000000000000000000000000000000000000000000000000000000000000000000000000000000000000000000000000000000000000000000000000000000000000000000000000000000000000000000000000000
00000000000000000000000000000000000000000000000000000000000000000000000000000000000000000000000000000000000000000000000000000000000000000000000000000000000000000000000000000000000000000000000000000000
00000000000000000000000000000000000000000000000000000000000000000000000000000000000000000000000000000000000000000000000000000000000000000000000000000000000000000000000000000000000000000000000000000000
00000000000000000000000000000000000000000000000000000000000000000000000000000000000000000000000000000000000000000000000000000000000000000000000000000000000000000000000000000000000000000000000000000000
00000000000000000000000000000000000000000000000000000000000000000000000000000000000000000000000000000000000000000000000000000000000000000000000000000000000000000000000000000000000000000000000000000000
00000000000000000000000000000000000000000000000000000000000000000000000000000000000000000000000000000000000000000000000000000000000000000000000000000000000000000000000000000000000000000000000000000000
00000000000000000000000000000000000000000000000000000000000000000000000000000000000000000000000000000000000000000000000000000000000000000000000000000000000000000000000000000000000000000000000000000000
00000000000000000000000000000000000000000000000000000000000000000000000000000000000000000000000000000000000000000000000000000000000000000000000000000000000000000000000000000000000000000000000000000000
00000000000000000000000000000000000000000000000000000000000000000000000000000000000000000000000000000000000000000000000000000000000000000000000000000000000000000000000000000000000000000000000000000000
00000000000000000000000000000000000000000000000000000000000000000000000000000000000000000000000000000000000000000000000000000000000000000000000000000000000000000000000000000000000000000000000000000000
00000000000000000000000000000000000000000000000000000000000000000000000000000000000000000000000000000000000000000000000000000000000000000000000000000000000000000000000000000000000000000000000000000000
00000000000000000000000000000000000000000000000000000000000000000000000000000000000000000000000000000000000000000000000000000000000000000000000000000000000000000000000000000000000000000000000000000000
00000000000000000000000000000000000000000000000000000000000000000000000000000000000000000000000010100110000000000000000000000000000000000000000000000000000000000000000000000000000000000000000000000000
00000000000000000000000000000000000000000000000000000000000000000000000000000000000000000000000000011001000000000000000000000000000000000000000000000000000000000000000000000000000000000000000000000000
00000000000000000000000000000000000000000000000000000000000000000000000000000000000000000000000010100110000000000000000000000000000000000000000000000000000000000000000000000000000000000000000000000000
00000000000000000000000000000000000000000000000000000000000000000000000000000000000000000000000001011010000000000000000000000000000000000000000000000000000000000000000000000000000000000000000000000000
00000000000000000000000000000000000000000000000000000000000000000000000000000000000000000000000010010101000000000000000000000000000000000000000000000000000000000000000000000000000000000000000000000000
00000000000000000000000000000000000000000000000000000000000000000000000000000000000000000000000011101001000000000000000000000000000000000000000000000000000000000000000000000000000000000000000000000000
00000000000000000000000000000000000000000000000000000000000000000000000000000000000000000000000010010110000000000000000000000000000000000000000000000000000000000000000000000000000000000000000000000000
00000000000000000000000000000000000000000000000000000000000000000000000000000000000000000000000001001001000000000000000000000000000000000000000000000000000000000000000000000000000000000000000000000000
00000000000000000000000000000000000000000000000000000000000000000000000000000000000000000000000001001011111010110100000100000000000000000000000000000000000000000000000000000000000000000000000000000000
00000000000000000000000000000000000000000000000000000000000000000000000000000000000000000000000010100001111101100010101000000000000000000000000000000000000000000000000000000000000000000000000000000000
00000000000000000000000000000000000000000000000000000000000000000000000000000000000000000000000001011100011110101100010100000000000000000000000000000000000000000000000000000000000000000000000000000000
00000000000000000000000000000000000000000000000000000000000000000000000000000000000000000000000001010011001110000001101000000000000000000000000000000000000000000000000000000000000000000000000000000000
00000000000000000000000000000000000000000000000000000000000000000000000000000000000000000000000010111101111111101010010100000000000000000000000000000000000000000000000000000000000000000000000000000000
00000000000000000000000000000000000000000000000000000000000000000000000000000000000000000000000010100010001101111100100000000000000000000000000000000000000000000000000000000000000000000000000000000000
00000000000000000000000000000000000000000000000000000000000000000000000000000000000000000000000010100101110000110110100100000000000000000000000000000000000000000000000000000000000000000000000000000000
00000000000000000000000000000000000000000000000000000000000000000000000000000000000000000000000001011111111001111110001000000000000000000000000000000000000000000000000000000000000000000000000000000000
00000000000000000000000000000000000000000000000000000000000000000000000000000000011011001010010011111111000000001101001000000000000000000000000000000000000000000000000000000000000000000000000000000000
00000000000000000000000000000000000000000000000000000000000000000000000000000000000010100101101111110100000000001110001000000000000000000000000000000000000000000000000000000000000000000000000000000000
00000000000000000000000000000000000000000000000000000000000000000000000000000000010011010111111110011101000000001111010100000000000000000000000000000000000000000000000000000000000000000000000000000000
00000000000000000000000000000000000000000000000000000000000000000000000000000000011100001111111101000001000000000111111000000000000000000000000000000000000000000000000000000000000000000000000000000000
00000000000000000000000000000000000000000000000000000000000000000000000000000000000010101111000100110101000000000011100000000000000000000000000000000000000000000000000000000000000000000000000000000000
00000000000000000000000000000000000000000000000000000000000000000000000000000000001101111100110010001000000000001001111100000000000000000000000000000000000000000000000000000000000000000000000000000000
00000000000000000000000000000000000000000000000000000000000000000000000000000000010011110010100101010001000000000101111000000000000000000000000000000000000000000000000000000000000000000000000000000000
00000000000000000000000000000000000000000000000000000000000000000000000000000000101111101100010010101000000000000100111000000000000000000000000000000000000000000000000000000000000000000000000000000000
00000000000000000000000000000000000000000000000000000000000000000110100100000110011110000000000000000000000000000110111110010110000000000000000000000000000000000000000000000000000000000000000000000000
00000000000000000000000000000000000000000000000000000000000000001000001010100101111000100000000000000000000000000101101111111001000000000000000000000000000000000000000000000000000000000000000000000000
00000000000000000000000000000000000000000000000000000000000000000111100001110111100011010000000000000000000000001011010111001111000000000000000000000000000000000000000000000000000000000000000000000000
00000000000000000000000000000000000000000000000000000000000000001000010110011111010001010000000000000000000000000001000111100100000000000000000000000000000000000000000000000000000000000000000000000000
00000000000000000000000000000000000000000000000000000000000000000010101010111100101010000000000000000000000000000000111011110000000000000000000000000000000000000000000000000000000000000000000000000000
00000000000000000000000000000000000000000000000000000000000000000101010011110011101100110000000000000000000000001011001001110110000000000000000000000000000000000000000000000000000000000000000000000000
00000000000000000000000000000000000000000000000000000000000000001010001111111001010011000000000000000000000000000110011111111000000000000000000000000000000000000000000000000000000000000000000000000000
00000000000000000000000000000000000000000000000000000000000000000100111111000101010100110000000000000000000000001001010010011101000000000000000000000000000000000000000000000000000000000000000000000000
00000000000000000000000000000000000000000000000000010010010000010011111100000000000000000000000000000000000000000000000000101101100100110000000000000000000000000000000000000000000000000000000000000000
00000000000000000000000000000000000000000000000000101010100111101111110000000000000000000000000000000000000000000000000010001111011101000000000000000000000000000000000000000000000000000000000000000000
00000000000000000000000000000000000000000000000011001100001100111110001100000000000000000000000000000000000000000000000001001111110010010000000000000000000000000000000000000000000000000000000000000000
00000000000000000000000000000000000000000000000001000010010011111100100000000000000000000000000000000000000000000000000010101101100001100000000000000000000000000000000000000000000000000000000000000000
00000000000000000000000000000000000000000000000000011100011111011101010100000000000000000000000000000000000000000000000000100011111001000000000000000000000000000000000000000000000000000000000000000000
00000000000000000000000000000000000000000000000011100011111101101010100100000000000000000000000000000000000000000000000001011100111110100000000000000000000000000000000000000000000000000000000000000000
00000000000000000000000000000000000000000000000010011111110110100100100100000000000000000000000000000000000000000000000001100011111110000000000000000000000000000000000000000000000000000000000000000000
00000000000000000000000000000000000000000000000000111111001001010000011000000000000000000000000000000000000000000000000010011010101110010000000000000000000000000000000000000000000000000000000000000000
00000000000000000000000000000000000000000101000111111000000000000000000000000000000000000000000000000000000000000000000000000000001111010110010100000000000000000000000000000000000000000000000000000000
00000000000000000000000000000000000000001100000001110110000000000000000000000000000000000000000000000000000000000000000000000000110011011001100000000000000000000000000000000000000000000000000000000000
00000000000000000000000000000000000000001000111011011010000000000000000000000000000000000000000000000000000000000000000000000000001111100110010100000000000000000000000000000000000000000000000000000000
00000000000000000000000000000000000000000011001111010001000000000000000000000000000000000000000000000000000000000000000000000000101011110101101000000000000000000000000000000000000000000000000000000000
00000000000000000000000000000000000000000101011110011110000000000000000000000000000000000000000000000000000000000000000000000000110001111010100100000000000000000000000000000000000000000000000000000000
00000000000000000000000000000000000000001011011101100001000000000000000000000000000000000000000000000000000000000000000000000000000101111001011100000000000000000000000000000000000000000000000000000000
00000000000000000000000000000000000000000010111010001101000000000000000000000000000000000000000000000000000000000000000000000000010110110110100100000000000000000000000000000000000000000000000000000000
00000000000000000000000000000000000000000101110011100010000000000000000000000000000000000000000000000000000000000000000000000000010101111001001000000000000000000000000000000000000000000000000000000000
00000000000000000000000000000000001001011011101100000000000000000000000000000000000000000000000000000000000000000000000000000000000111011101001100000000000000000000000000000000000000000000000000000000
00000000000000000000000000000000000101000111100000000000000000000000000000000000000000000000000000000000000000000000000000000000101000111110101000000000000000000000000000000000000000000000000000000000
00000000000000000000000000000000011010101111001000000000000000000000000000000000000000000000000000000000000000000000000000000000010010001111010100000000000000000000000000000000000000000000000000000000
00000000000000000000000000000000000100111111010000000000000000000000000000000000000000000000000000000000000000000000000000000000011101001110100100000000000000000000000000000000000000000000000000000000
00000000000000000000000000000000101111001100010100000000000000000000000000000000000000000000000000000000000000000000000000000000100101000111111000000000000000000000000000000000000000000000000000000000
00000000000000000000000000000000100001111100110000000000000000000000000000000000000000000000000000000000000000000000000000000000001011001110010100000000000000000000000000000000000000000000000000000000
00000000000000000000000000000000010110111101000100000000000000000000000000000000000000000000000000000000000000000000000000000000010101001111000000000000000000000000000000000000000000000000000000000000
00000000000000000000000000000000101001011010101000000000000000000000000000000000000000000000000000000000000000000000000000000000001010010011010100000000000000000000000000000000000000000000000000000000
00000000000000000000000000000000001000111001001000000000000000000000000000000000000000000000000000000000000000000000000000000000000000000111100100000000000000000000000000000000000000000000000000000000
00000000000000000000000000000000001000110110100100000000000000000000000000000000000000000000000000000000000000000000000000000000000000001011110100000000000000000000000000000000000000000000000000000000
00000000000000000000000000000000001000111000011100000000000000000000000000000000000000000000000000000000000000000000000000000000000000001101111000000000000000000000000000000000000000000000000000000000
00000000000000000000000000000000001000111010100100000000000000000000000000000000000000000000000000000000000000000000000000000000000000000111110100000000000000000000000000000000000000000000000000000000
00000000000000000000000000000000001000110101101000000000000000000000000000000000000000000000000000000000000000000000000000000000000000001101101100000000000000000000000000000000000000000000000000000000
00000000000000000000000000000000001000110110010100000000000000000000000000000000000000000000000000000000000000000000000000000000000000000011111000000000000000000000000000000000000000000000000000000000
00000000000000000000000000000000001000111001100000000000000000000000000000000000000000000000000000000000000000000000000000000000000000001110110100000000000000000000000000000000000000000000000000000000
00000000000000000000000000000000001000110110000100000000000000000000000000000000000000000000000000000000000000000000000000000000000000000010110100000000000000000000000000000000000000000000000000000000
00000000000000000000000000000000001000110000000000000000000000000000000000000000000000000000000000000000000000000000000000000000000000000000111000000000000000000000000000000000000000000000000000000000
00000000000000000000000000000000001000110000000000000000000000000000000000000000000000000000000000000000000000000000000000000000000000000000111000000000000000000000000000000000000000000000000000000000
00000000000000000000000000000000001000110000000000000000000000000000000000000000000000000000000000000000000000000000000000000000000000000000111000000000000000000000000000000000000000000000000000000000
00000000000000000000000000000000001000110000000000000000000000000000000000000000000000000000000000000000000000000000000000000000000000000000111000000000000000000000000000000000000000000000000000000000
00000000000000000000000000000000001000110000000000000000000000000000000000000000000000000000000000000000000000000000000000000000000000000000111000000000000000000000000000000000000000000000000000000000
00000000000000000000000000000000001000110000000000000000000000000000000000000000000000000000000000000000000000000000000000000000000000000000111000000000000000000000000000000000000000000000000000000000
00000000000000000000000000000000001000110000000000000000000000000000000000000000000000000000000000000000000000000000000000000000000000000000111000000000000000000000000000000000000000000000000000000000
00000000000000000000000000000000001000110000000000000000000000000000000000000000000000000000000000000000000000000000000000000000000000000000111000000000000000000000000000000000000000000000000000000000
00000000000000000000000000000000010010111001010000000000000000000000000000000000000000000000000000000000000000000000000000000000000000000000111000000000000000000000000000000000000000000000000000000000
00000000000000000000000000000000100100011100000000000000000000000000000000000000000000000000000000000000000000000000000000000000000000000000111000000000000000000000000000000000000000000000000000000000
00000000000000000000000000000000100001111011101100000000000000000000000000000000000000000000000000000000000000000000000000000000000000000000111000000000000000000000000000000000000000000000000000000000
00000000000000000000000000000000111100011100010000000000000000000000000000000000000000000000000000000000000000000000000000000000000000000000111000000000000000000000000000000000000000000000000000000000
00000000000000000000000000000000000010011010110100000000000000000000000000000000000000000000000000000000000000000000000000000000000000000000111000000000000000000000000000000000000000000000000000000000
00000000000000000000000000000000010011011101001000000000000000000000000000000000000000000000000000000000000000000000000000000000000000000000111000000000000000000000000000000000000000000000000000000000
00000000000000000000000000000000000100101111011000000000000000000000000000000000000000000000000000000000000000000000000000000000000000000000111000000000000000000000000000000000000000000000000000000000
00000000000000000000000000000000010011010110101000000000000000000000000000000000000000000000000000000000000000000000000000000000000000000000111000000000000000000000000000000000000000000000000000000000
00000000000000000000000000000000000000000111000000000000000000000000000000000000000000000000000000000000000000000000000000000000000000001001110100000000000000000000000000000000000000000000000000000000
00000000000000000000000000000000000000001011101000000000000000000000000000000000000000000000000000000000000000000000000000000000000000000100111000000000000000000000000000000000000000000000000000000000
00000000000000000000000000000000000000001011101000000000000000000000000000000000000000000000000000000000000000000000000000000000000000000101110000000000000000000000000000000000000000000000000000000000
00000000000000000000000000000000000000000011110100000000000000000000000000000000000000000000000000000000000000000000000000000000000000000000110000000000000000000000000000000000000000000000000000000000
00000000000000000000000000000000000000000010111000000000000000000000000000000000000000000000000000000000000000000000000000000000000000000110110000000000000000000000000000000000000000000000000000000000
00000000000000000000000000000000000000000010110100000000000000000000000000000000000000000000000000000000000000000000000000000000000000001001111000000000000000000000000000000000000000000000000000000000
00000000000000000000000000000000000000000010011100000000000000000000000000000000000000000000000000000000000000000000000000000000000000000100110100000000000000000000000000000000000000000000000000000000
00000000000000000000000000000000000000001001011000000000000000000000000000000000000000000000000000000000000000000000000000000000000000000110111000000000000000000000000000000000000000000000000000000000
00000000000000000000000000000000000000001010011100101100000000000000000000000000000000000000000000000000000000000000000000000000000000001001111000000000000000000000001100000000000000000000000000000000
00000000000000000000000000000000000000000001101111110010000000000000000000000000000000000000000000000000000000000000000000000000000000001010110000000000000000000000001100000000000000000000000000000000
00000000000000000000000000000000000000001110001100011100000000000000000000000000000000000000000000000000000000000000000000000000000000000101110100000000000000000000001100000000000000000000000000000000
00000000000000000000000000000000000000000001100111101001000000000000000000000000000000000000000000000000000000000000000000000000000000001011101100000000000000000000001100000000000000000000000000000000
00000000000000000000000000000000000000000010011111010010000000000000000000000000000000000000000000000000000000000000000000000000000000000111111000000000000000000000001100000000000000000000000000000000
00000000000000000000000000000000000000001011001110101101000000000000000000000000000000000000000000000000000000000000000000000000000000000101101000000000000000000000011100000000000000000000000000000000
00000000000000000000000000000000000000000000110111100110000000000000000000000000000000000000000000000000000000000000000000000000000000001011101000000000000000000000011100000000000000000000000000000000
00000000000000000000000000000000000000000101001011010010000000000000000000000000000000000000000000000000000000000000000000000000000000000110110100000000000000000000011100000000000000000000000000000000
00000000000000000000000000000000000000000000000011110010000000000000000000000000000000000000000000000000000000000000000000000000000000000001101100000000000000000000001100000000000000000000000000000000
00000000000000000000000000000000000000000000000001100110000000000000000000000000000000000000000000000000000000000000000000000000000000001101110000000000000000000000001100000000000000000000000000000000
00000000000000000000000000000000000000000000000011111001000000000000000000000000000000000000000000000000000000000000000000000000000000000011110100000000000000000000001100000000000000000000000000000000
00000000000000000000000000000000000000000000000000111000000000000000000000000000000000000000000000000000000000000000000000000000000000001111101000000000000000000000001100000000000000000000000000000000
00000000000000000000000000000000000000000000000001111011000000000000000000000000000000000000000000000000000000000000000000000000000000000011111000000000000000000000001100000000000000000000000000000000
00000000000000000000000000000000000000000000000010011100000000000000000000000000000000000000000000000000000000000000000000000000000000000111100100000000000000000000001100000000000000000000000000000000
00000000000000000000000000000000000000000000000000101101000000000000000000000000000000000000000000000000000000000000000000000000000000001011010000000000000000000000001100000000000000000000000000000000
00000000000000000000000000000000000000000000000011011100000000000000000000000000000000000000000000000000000000000000000000000000000000000111101000000000000000000000001100000000000000000000000000000000
00000000000000001110000000000000000000000000000010100111010110100000000000000000000000000000000000000000000000000000000000000000001001010111001000000000000000000000001100000000000000000000000000000000
00000000000000001110000000000000000000000000000001001111011001000000000000000000000000000000000000000000000000000000000000000000000101001110001000000000000000000000001100000000000000000000000000000000
00000000000000001110000000000000000000000000000011001011000110010000000000000000000000000000000000000000000000000000000000000000011010101100110100000000000000000000001100000000000000000000000000000000
00000000000000001110000000000000000000000000000000010011110011000000000000000000000000000000000000000000000000000000000000000000000100111111001000000000000000000000001100000000000000000000000000000000
00000000000000001110000000000000000000000000000011100101111100110000000000000000000000000000000000000000000000000000000000000000101111001100010000000000000000000000001100000000000000000000000000000000
00000000000000001110000000000000000000000000000001010111111111000000000000000000000000000000000000000000000000000000000000000000100001111100110100000000000000000000001100000000000000000000000000000000
00000000000000001110000000000000000000000000000000110010110010110000000000000000000000000000000000000000000000000000000000000000010110111010010100000000000000000000001100000000000000000000000000000000
00000000000000001110000000000000000000000000000010010010111100100000000000000000000000000000000000000000000000000000000000000000101001011101110000000000000000000000001100000000000000000000000000000000
00000000000000001110000000000000000000000000000000000000011001010000000000000000000000000000000000000000000000000000000000000000010110111001001000000000000000000000011100000000000000000000000000000000
00000000000000001110000000000000000000000000000000000000011110100000000000000000000000000000000000000000000000000000000000000000101011110110100100000000000000000000000100000000000000000000000000000000
00000000000000001110000000000000000000000000000000000000001101010000000000000000000000000000000000000000000000000000000000000000001101101000011100000000000000000000000000000000000000000000000000000000
00000000000000001111000000000000000000000000000000000000011110000000000000000000000000000000000000000000000000000000000000000000100101111010100100000000000000000000001100000000000000000000000000000000
00000000000000001111100000000000000010000000000000000000100110100000000000000000000000000000000000000000000000001111111100000000010111100101101000000000000000001111111100000000000000000000000000000000
00000000000000001111111100000000000111000000000000000000001011110000000000000000000000000000000000000000000000001111111100000000101011010110010100000000000000001111111100000000000000000000000000000000
00000000000000001111111100000000000111110000000000000000000111100000000000000000000000000000000000000000000000000001111100000000010111011001100000000000000000001111111100000000000000000000000000000000
00000000000000001111111100000000001111110000000000000000100101110000000000000000000000000000000000000000000000000000111100000000100110100110000100000000000000001111111100000000000000000000000000000000
00000000000000000000000000000000000000000000000000000000000110111011100000000000000000000000000000000000000000000000000010010100011110000000000000000000000000000000000000000000000000000000000000000000
00000000000000000000000000000000000000000000000000000000101001011100011100000000000000000000000000000000000000000000000001100101101100000000000000000000000000000000000000000000000000000000000000000000
00000000000000000000000000000000000000000000000000000000010000101111101000000000000000000000000000000000000000000000000010110010011110000000000000000000000000000000000000000000000000000000000000000000
00000000000000000000000000000000000000000000000000000000000110010111010100000000000000000000000000000000000000000000000001001110011000110000000000000000000000000000000000000000000000000000000000000000
00000000000000000000000000000000000000000000000000000000110010010011101000000000000000000000000000000000000000000000000000010000111100000000000000000000000000000000000000000000000000000000000000000000
00000000000000000000000000000000000000000000000000000000001101001001111000000000000000000000000000000000000000000000000010110101111011010000000000000000000000000000000000000000000000000000000000000000
00000000000000000000000000000000000000000000000000000000100001010110110100000000000000000000000000000000000000000000000001011011110000100000000000000000000000000000000000000000000000000000000000000000
00000000000000000000000000000000000000000000000000000000011000101000011000000000000000000000000000000000000000000000000001101111001010010000000000000000000000000000000000000000000000000000000000000000
00000000000000000000000000000000000000000000000000000000000000000110111100001000000000000000000000000000101001100100100111001111000000000000000000000000000000000000000000000000000000000000000000000000
00000000000000000000000000000000000000000000000000000000000000000101101110110110000000000000000000000000000110010101011011111100000000000000000000000000000000000000000000000000000000000000000000000000
00000000000000000000000000000000000000000000000000000000000000001011010110111000000000000000000000000000101001100100101111111011000000000000000000000000000000000000000000000000000000000000000000000000
00000000000000000000000000000000000000000000000000000000000000000001000111100111000000000000000000000000010110101011111110000010000000000000000000000000000000000000000000000000000000000000000000000000
00000000000000000000000000000000000000000000000000000000000000000000111011101010000000000000000000000000100101010011111100010100000000000000000000000000000000000000000000000000000000000000000000000000
00000000000000000000000000000000000000000000000000000000000000001011001001111010000000000000000000000000111010010111101011000000000000000000000000000000000000000000000000000000000000000000000000000000
00000000000000000000000000000000000000000000000000000000000000000110011111111100000000000000000000000000100101101111011000011011000000000000000000000000000000000000000000000000000000000000000000000000
00000000000000000000000000000000000000000000000000000000000000001001010001011100000000000000000000000000010010011110010111100010000000000000000000000000000000000000000000000000000000000000000000000000
00000000000000000000000000000000000000000000000000000000000000000000000001101111100101010000000000000000000111111001001000000000000000000000000000000000000000000000000000000000000000000000000000000000
00000000000000000000000000000000000000000000000000000000000000000000000011000111001011000000000000000000011111100110100100000000000000000000000000000000000000000000000000000000000000000000000000000000
00000000000000000000000000000000000000000000000000000000000000000000000000010011101001110000000000000000101111111000011100000000000000000000000000000000000000000000000000000000000000000000000000000000
00000000000000000000000000000000000000000000000000000000000000000000000010011111111111111111111111111111111101001010100100000000000000000000000000000000000000000000000000000000000000000000000000000000
00000000000000000000000000000000000000000000000000000000000000000000000000100011011111111111111111111111111000010101101000000000000000000000000000000000000000000000000000000000000000000000000000000000
00000000000000000000000000000000000000000000000000000000000000000000000011011000110110110000000000000000110111010110010100000000000000000000000000000000000000000000000000000000000000000000000000000000
00000000000000000000000000000000000000000000000000000000000000000000000000100101101000000000000000000000001100001001100000000000000000000000000000000000000000000000000000000000000000000000000000000000
00000000000000000000000000000000000000000000000000000000000000000000000001011010010010000000000000000000101011000110000100000000000000000000000000000000000000000000000000000000000000000000000000000000
00000000000000000000000000000000000000000000000000000000000000000000000000000000000000000000000000000000000000000000000000000000000000000000000000000000000000000000000000000000000000000000000000000000
00000000000000000000000000000000000000000000000000000000000000000000000000000000000000000000000000000000000000000000000000000000000000000000000000000000000000000000000000000000000000000000000000000000
00000000000000000000000000000000000000000000000000000000000000000000000000000000000000000000000000000000000000000000000000000000000000000000000000000000000000000000000000000000000000000000000000000000
00000000000000000000000000000000000000000000000000000000000000000000000000000000000000000000000000000000000000000000000000000000000000000000000000000000000000000000000000000000000000000000000000000000
00000000000000000000000000000000000000000000000000000000000000000000000000000000000000000000000000000000000000000000000000000000000000000000000000000000000000000000000000000000000000000000000000000000
00000000000000000000000000000000000000000000000000000000000000000000000000000000000000000000000000000000000000000000000000000000000000000000000000000000000000000000000000000000000000000000000000000000
00000000000000000000000000000000000000000000000000000000000000000000000000000000000000000000000000000000000000000000000000000000000000000000000000000000000000000000000000000000000000000000000000000000
00000000000000000000000000000000000000000000000000000000000000000000000000000000000000000000000000000000000000000000000000000000000000000000000000000000000000000000000000000000000000000000000000000000
00000000000000000000000000000000000000000000000000000000000000000000000000000000000000000000000000000000000000000000000000000000000000000000000000000000000000000000000000000000000000000000000000000000
00000000000000000000000000000000000000000000000000000000000000000000000000000000000000000000000000000000000000000000000000000000000000000000000000000000000000000000000000000000000000000000000000000000
00000000000000000000000000000000000000000000000000000000000000000000000000000000000000000000000000000000000000000000000000000000000000000000000000000000000000000000000000000000000000000000000000000000
00000000000000000000000000000000000000000000000000000000000000000000000000000000000000000000000000000000000000000000000000000000000000000000000000000000000000000000000000000000000000000000000000000000
00000000000000000000000000000000000000000000000000000000000000000000000000000000000000000000000000000000000000000000000000000000000000000000000000000000000000000000000000000000000000000000000000000000
00000000000000000000000000000000000000000000000000000000000000000000000000000000000000000000000000000000000000000000000000000000000000000000000000000000000000000000000000000000000000000000000000000000
00000000000000000000000000000000000000000000000000000000000000000000000000000000000000000000000000000000000000000000000000000000000000000000000000000000000000000000000000000000000000000000000000000000
00000000000000000000000000000000000000000000000000000000000000000000000000000000000000000000000000000000000000000000000000000000000000000000000000000000000000000000000000000000000000000000000000000000
00000000000000000000000000000000000000000000000000000000000000000000000000000000000000000000000000000000000000000000000000000000000000000000000000000000000000000000000000000000000000000000000000000000
00000000000000000000000000000000000000000000000000000000000000000000000000000000000000000000000000000000000000000000000000000000000000000000000000000000000000000000000000000000000000000000000000000000
00000000000000000000000000000000000000000000000000000000000000000000000000000000000000000000000000000000000000000000000000000000000000000000000000000000000000000000000000000000000000000000000000000000
00000000000000000000000000000000000000000000000000000000000000000000000000000000000000000000000000000000000000000000000000000000000000000000000000000000000000000000000000000000000000000000000000000000
00000000000000000000000000000000000000000000000000000000000000000000000000000000000000000000000000000000000000000000000000000000000000000000000000000000000000000000000000000000000000000000000000000000
00000000000000000000000000000000000000000000000000000000000000000000000000000000000000000000000000000000000000000000000000000000000000000000000000000000000000000000000000000000000000000000000000000000
00000000000000000000000000000000000000000000000000000000000000000000000000000000000000000000000000000000000000000000000000000000000000000000000000000000000000000000000000000000000000000000000000000000
00000000000000000000000000000000000000000000000000000000000000000000000000000000000000000000000000000000000000000000000000000000000000000000000000000000000000000000000000000000000000000000000000000000
00000000000000000000000000000000000000000000000000000000000000000000000000000000000000000000000000000000000000000000000000000000000000000000000000000000000000000000000000000000000000000000000000000000
00000000000000000000000000000000000000000000000000000000000000000000000000000000000000000000000000000000000000000000000000000000000000000000000000000000000000000000000000000000000000000000000000000000
00000000000000000000000000000000000000000000000000000000000000000000000000000000000000000000000000000000000000000000000000000000000000000000000000000000000000000000000000000000000000000000000000000000
00000000000000000000000000000000000000000000000000000000000000000000000000000000000000000000000000000000000000000000000000000000000000000000000000000000000000000000000000000000000000000000000000000000
00000000000000000000000000000000000000000000000000000000000000000000000000000000000000000000000000000000000000000000000000000000000000000000000000000000000000000000000000000000000000000000000000000000
00000000000000000000000000000000000000000000000000000000000000000000000000000000000000000000000000000000000000000000000000000000000000000000000000000000000000000000000000000000000000000000000000000000
00000000000000000000000000000000000000000000000000000000000000000000000000000000000000000000000000000000000000000000000000000000000000000000000000000000000000000000000000000000000000000000000000000000
00000000000000000000000000000000000000000000000000000000000000000000000000000000000000000000000000000000000000000000000000000000000000000000000000000000000000000000000000000000000000000000000000000000
