200 200
00000000000000000000000000000000000000000000000000000000000000000000000000000000000000000000000000000000000000000000000000000000000000000000000000000000000000000000000000000000000000000000000000000000
00000000000000000000000000000000000000000000000000000000000000000000000000000000000000000000000000000000000000000000000000000000000000000000000000000000000000000000000000000000000000000000000000000000
00000000000000000000000000000000000000000000000000000000000000000000000000000000000000000000000000000000000000000000000000000000000000000000000000000000000000000000000000000000000000000000000000000000
00000000000000000000000000000000000000000000000000000000000000000000000000000000000000000000000000000000000000000000000000000000000000000000000000000000000000000000000000000000000000000000000000000000
00000000000000000000000000000000000000000000000000000000000000000000000000000000000000000000000000000000000000000000000000000000000000000000000000000000000000000000000000000000000000000000000000000000
00000000000000000000000000000000000000000000000000000000000000000000000000000000000000000000000000000000000000000000000000000000000000000000000000000000000000000000000000000000000000000000000000000000
00000000000000000000000000000000000000000000000000000000000000000000000000000000000000000000000000000000000000000000000000000000000000000000000000000000000000000000000000000000000000000000000000000000
00000000000000000000000000000000000000000000000000000000000000000000000000000000000000000000000000000000000000000000000000000000000000000000000000000000000000000000000000000000000000000000000000000000
00000000000000000000000000000000000000000000000000000000000000000000000000000000000000000000000000000000000000000000000000000000000000000000000000000000000000000000000000000000000000000000000000000000
00000000000000000000000000000000000000000000000000000000000000000000000000000000000000000000000000000000000000000000000000000000000000000000000000000000000000000000000000000000000000000000000000000000
00000000000000000000000000000000000000000000000000000000000000000000000000000000000000000000000000000000000000000000000000000000000000000000000000000000000000000000000000000000000000000000000000000000
00000000000000000000000000000000000000000000000000000000000000000000000000000000000000000000000000000000000000000000000000000000000000000000000000000000000000000000000000000000000000000000000000000000
00000000000000000000000000000000000000000000000000000000000000000000000000000000000000000000000000000000000000000000000000000000000000000000000000000000000000000000000000000000000000000000000000000000
00000000000000000000000000000000000000000000000000000000000000000000000000000000000000000000000000000000000000000000000000000000000000000000000000000000000000000000000000000000000000000000000000000000
00000000000000000000000000000000000000000000000000000000000000000000000000000000000000000000000000000000000000000000000000000000000000000000000000000000000000000000000000000000000000000000000000000000
00000000000000000000000000000000000000000000000000000000000000000000000000000000000000000000000000000000000000000000000000000000000000000000000000000000000000000000000000000000000000000000000000000000
00000000000000000000000000000000000000000000000000000000000000000000000000000000000000000000000000000000000000000000000000000000000000000000000000000000000000000000000000000000000000000000000000000000
00000000000000000000000000000000000000000000000000000000000000000000000000000000000000000000000000000000000000000000000000000000000000000000000000000000000000000000000000000000000000000000000000000000
00000000000000000000000000000000000000000000000000000000000000000000000000000000000000000000000000000000000000000000000000000000000000000000000000000000000000000000000000000000000000000000000000000000
00000000000000000000000000000000000000000000000000000000000000000000000000000000000000000000000000000000000000000000000000000000000000000000000000000000000000000000000000000000000000000000000000000000
00000000000000000000000000000000000000000000000000000000000000000000000000000000000000000000000000000000000000000000000000000000000000000000000000000000000000000000000000000000000000000000000000000000
00000000000000000000000000000000000000000000000000000000000000000000000000000000000000000000000000000000000000000000000000000000000000000000000000000000000000000000000000000000000000000000000000000000
00000000000000000000000000000000000000000000000000000000000000000000000000000000000000000000000000000000000000000000000000000000000000000000000000000000000000000000000000000000000000000000000000000000
00000000000000000000000000000000000000000000000000000000000000000000000000000000000000000000000000000000000000000000000000000000000000000000000000000000000000000000000000000000000000000000000000000000
00000000000000000000000000000000000000000000000000000000000000000000000000000000000000000000000000000000000000000000000000000000000000000000000000000000000000000000000000000000000000000000000000000000
00000000000000000000000000000000000000000000000000000000000000000000000000000000000000000000000000000000000000000000000000000000000000000000000000000000000000000000000000000000000000000000000000000000
00000000000000000000000000000000000000000000000000000000000000000000000000000000000000000000000000000000000000000000000000000000000000000000000000000000000000000000000000000000000000000000000000000000
00000000000000000000000000000000000000000000000000000000000000000000000000000000000000000000000000000000000000000000000000000000000000000000000000000000000000000000000000000000000000000000000000000000
00000000000000000000000000000000000000000000000000000000000000000000000000000000000000000000000000000000000000000000000000000000000000000000000000000000000000000000000000000000000000000000000000000000
00000000000000000000000000000000000000000000000000000000000000000000000000000000000000000000000000000000000000000000000000000000000000000000000000000000000000000000000000000000000000000000000000000000
00000000000000000000000000000000000000000000000000000000000000000000000000000000000000000000000000000000000000000000000000000000000000000000000000000000000000000000000000000000000000000000000000000000
00000000000000000000000000000000000000000000000000000000000000000000000000000000000000000000000000000000000000000000000000000000000000000000000000000000000000000000000000000000000000000000000000000000
00000000000000000000000000000000000000000000000000000000000000000000000000000000000000000000000000000000000000000000000000000000000000000000000000000000000000000000000000000000000000000000000000000000
00000000000000000000000000000000000000000000000000000000000000000000000000000000000000000000000000000000000000000000000000000000000000000000000000000000000000000000000000000000000000000000000000000000
00000000000000000000000000000000000000000000000000000000000000000000000000000000000000000000000000000000000000000000000000000000000000000000000000000000000000000000000000000000000000000000000000000000
00000000000000000000000000000000000000000000000000000000000000000000000000000000000000000000000000000000000000000000000000000000000000000000000000000000000000000000000000000000000000000000000000000000
00000000000000000000000000000000000000000000000000000000000000000000000000000000000000000000000000000000000000000000000000000000000000000000000000000000000000000000000000000000000000000000000000000000
00000000000000000000000000000000000000000000000000000000000000000000000000000000000000000000000000000000000000000000000000000000000000000000000000000000000000000000000000000000000000000000000000000000
00000000000000000000000000000000000000000000000000000000000000000000000000000000000000000000000000000000000000000000000000000000000000000000000000000000000000000000000000000000000000000000000000000000
00000000000000000000000000000000000000000000000000000000000000000000000000000000000000000000000000000000000000000000000000000000000000000000000000000000000000000000000000000000000000000000000000000000
00000000000000000000000000000000000000000000000000000000000000000000000000000000000000000000000000000000000000000000000000000000000000000000000000000000000000000000000000000000000000000000000000000000
00000000000000000000000000000000000000000000000000000000000000000000000000000000000000000000000000000000000000000000000000000000000000000000000000000000000000000000000000000000000000000000000000000000
00000000000000000000000000000000000000000000000000000000000000000000000000000000000000000000000000000000000000000000000000000000000000000000000000000000000000000000000000000000000000000000000000000000
00000000000000000000000000000000000000000000000000000000000000000000000000000000000000000000000000000000000000000000000000000000000000000000000000000000000000000000000000000000000000000000000000000000
00000000000000000000000000000000000000000000000000000000000000000000000000000000000000000000000000000000000000000000000000000000000000000000000000000000000000000000000000000000000000000000000000000000
00000000000000000000000000000000000000000000000000000000000000000000000000000000000000000000000000000000000000000000000000000000000000000000000000000000000000000000000000000000000000000000000000000000
00000000000000000000000000000000000000000000000000000000000000000000000000000000000000000000000000000000000000000000000000000000000000000000000000000000000000000000000000000000000000000000000000000000
00000000000000000000000000000000000000000000000000000000000000000000000000000000000000000000000000000000000000000000000000000000000000000000000000000000000000000000000000000000000000000000000000000000
00000000000000000000000000000000000000000000000000000000000000000000000000000000101010010100101001010010000000000110010100000111000000000000000000000000000000000000000000000000000000000000000000000000
00000000000000000000000000000000000000000000000000000000000000000000000000000000010101101010001000100101000000001001010001000100000000000000000000000000000000000000000000000000000000000000000000000000
00000000000000000000000000000000000000000000000000000000000000000000000000000000100011011011110111010000000000000110101000011010000000000000000000000000000000000000000000000000000000000000000000000000
00000000000000000000000000000000000000000000000000000000000000000000000000000000010110110100110000101111111111111111111111100000000000000000000000000000000000000000000000000000000000000000000000000000
00000000000000000000000000000000000000000000000000000000000000000000000000000000101000100110000111111111111111111111111111111011000000000000000000000000000000000000000000000000000000000000000000000000
00000000000000000000000000000000000000000000000000000000000000000000000000000000110001011001111111111111000000001000011110011100000000000000000000000000000000000000000000000000000000000000000000000000
00000000000000000000000000000000000000000000000000000000000000000000000000000000001010001111111101001000000000000101101110101001000000000000000000000000000000000000000000000000000000000000000000000000
00000000000000000000000000000000000000000000000000000000000000000000000000000000010001111111100010100001000000001010010111010110000000000000000000000000000000000000000000000000000000000000000000000000
00000000000000000000000000000000000000000000000000000000000000001001011010100100000111111001001000000000000000000000000011110001000000000000000000000000000000000000000000000000000000000000000000000000
00000000000000000000000000000000000000000000000000000000000000000110010001010011011111000110100100000000000000000000000001110110000000000000000000000000000000000000000000000000000000000000000000000000
00000000000000000000000000000000000000000000000000000000000000000010101100010101111101111000011100000000000000000000000010110001000000000000000000000000000000000000000000000000000000000000000000000000
00000000000000000000000000000000000000000000000000000000000000001100110010001111111100001010100100000000000000000000000001111001000000000000000000000000000000000000000000000000000000000000000000000000
00000000000000000000000000000000000000000000000000000000000000000010100110111110010011100101101000000000000000000000000001011110000000000000000000000000000000000000000000000000000000000000000000000000
00000000000000000000000000000000000000000000000000000000000000001010000111111011100100000110010100000000000000000000000010001101000000000000000000000000000000000000000000000000000000000000000000000000
00000000000000000000000000000000000000000000000000000000000000001001111111011001001101011001100000000000000000000000000000101111000000000000000000000000000000000000000000000000000000000000000000000000
00000000000000000000000000000000000000000000000000000000000000000111111000010110100010010110000100000000000000000000000000100110000000000000000000000000000000000000000000000000000000000000000000000000
00000000000000000000000000000000000000000000000000110000010001011111101000000000000000000000000000000000000000000000000000110111101001100000000000000000000000000000000000000000000000000000000000000000
00000000000000000000000000000000000000000000000010101111100010111111110100000000000000000000000000000000000000000000000001000001110100100000000000000000000000000000000000000000000000000000000000000000
00000000000000000000000000000000000000000000000001001000100111111111101000000000000000000000000000000000000000000000000000010010111010010000000000000000000000000000000000000000000000000000000000000000
00000000000000000000000000000000000000000000000001101111010111111000010100000000000000000000000000000000000000000000000010101000011101010000000000000000000000000000000000000000000000000000000000000000
00000000000000000000000000000000000000000000000010100001011110101111011000000000000000000000000000000000000000000000000000000110101111000000000000000000000000000000000000000000000000000000000000000000
00000000000000000000000000000000000000000000000001011111111101010001001000000000000000000000000000000000000000000000000010111100010111110000000000000000000000000000000000000000000000000000000000000000
00000000000000000000000000000000000000000000000010111111101001001111010100000000000000000000000000000000000000000000000000101010100111010000000000000000000000000000000000000000000000000000000000000000
00000000000000000000000000000000000000000000000001011111010010000000110000000000000000000000000000000000000000000000000010001100010011000000000000000000000000000000000000000000000000000000000000000000
00000000000000000000000000000000000000000110010111111100000000000000000000000000000000000000000000000000000000000000000000000000101111110001011000000000000000000000000000000000000000000000000000000000
00000000000000000000000000000000000000001100110111110110000000000000000000000000000000000000000000000000000000000000000000000000100001111110110100000000000000000000000000000000000000000000000000000000
00000000000000000000000000000000000000000011001111001101000000000000000000000000000000000000000000000000000000000000000000000000001110111010010000000000000000000000000000000000000000000000000000000000
00000000000000000000000000000000000000001101011110100010000000000000000000000000000000000000000000000000000000000000000000000000001100111101001000000000000000000000000000000000000000000000000000000000
00000000000000000000000000000000000000000000111000110011000000000000000000000000000000000000000000000000000000000000000000000000101001001110110100000000000000000000000000000000000000000000000000000000
00000000000000000000000000000000000000001111110110011010000000000000000000000000000000000000000000000000000000000000000000000000000110111111011000000000000000000000000000000000000000000000000000000000
00000000000000000000000000000000000000001111001101100111000000000000000000000000000000000000000000000000000000000000000000000000011001000111000100000000000000000000000000000000000000000000000000000000
00000000000000000000000000000000000000001110101010101000000000000000000000000000000000000000000000000000000000000000000000000000000010111011101000000000000000000000000000000000000000000000000000000000
00000000000000000000000010100110000100011101100000000000000000000000000000000000000000000000000000000000000000000000000000000000000000000111110101001010000000000000000000000000000000000000000000000000
00000000000000000000000000011001011001111010010100000000000000000000000000000000000000000000000000000000000000000000000000000000000000001000111110111100000000000000000000000000000000000000000000000000
00000000000000000000000010100110010011110100001000000000000000000000000000000000000000000000000000000000000000000000000000000000000000001101011110000011000000000000000000000000000000000000000000000000
00000000000000000000000001011010010111001001100000000000000000000000000000000000000000000000000000000000000000000000000000000000000000000010001100101100000000000000000000000000000000000000000000000000
00000000000000000000000010010101101111101001001100000000000000000000000000000000000000000000000000000000000000000000000000000000000000001101111110010000000000000000000000000000000000000000000000000000
00000000000000000000000011101001011100010010110000000000000000000000000000000000000000000000000000000000000000000000000000000000000000000110001110101111000000000000000000000000000000000000000000000000
00000000000000000000000010010110111100001010000100000000000000000000000000000000000000000000000000000000000000000000000000000000000000001001101111110100000000000000000000000000000000000000000000000000
00000000000000000000000001001001110101010100011000000000000000000000000000000000000000000000000000000000000000000000000000000000000000000100000111000101000000000000000000000000000000000000000000000000
00000000000000000000000000100011100100100000000000000000000000000000000000000000000000000000000000000000000000000000000000000000000000000000000011100101000000000000000000000000000000000000000000000000
00000000000000000000000010011111011010010000000000000000000000000000000000000000000000000000000000000000000000000000000000000000000000000000000001111001000000000000000000000000000000000000000000000000
00000000000000000000000001001110100001110000000000000000000000000000000000000000000000000000000000000000000000000000000000000000000000000000000000111100000000000000000000000000000000000000000000000000
00000000000000000000000010111111101010010000000000000000000000000000000000000000000000000000000000000000000000000000000000000000000000000000000010011010000000000000000000000000000000000000000000000000
00000000000000000000000010011110010110100000000000000000000000000000000000000000000000000000000000000000000000000000000000000000000000000000000000001100000000000000000000000000000000000000000000000000
00000000000000000000000001011100011001010000000000000000000000000000000000000000000000000000000000000000000000000000000000000000000000000000000001001111000000000000000000000000000000000000000000000000
00000000000000000000000001011111100110000000000000000000000000000000000000000000000000000000000000000000000000000000000000000000000000000000000000011100000000000000000000000000000000000000000000000000
00000000000000000000000010101001011000010000000000000000000000000000000000000000000000000000000000000000000000000000000000000000000000000000000010001110000000000000000000000000000000000000000000000000
00000000000000000000000010011010000000000000000000000000000000000000000000000000000000000000000000000000000000000000000000000000000000000000000000111111000000000000000000000000000000000000000000000000
00000000000000000000000001011000000000000000000000000000000000000000000000000000000000000000000000000000000000000000000000000000000000000000000001010110000000000000000000000000000000000000000000000000
00000000000000000000000000011010000000000000000000000000000000000000000000000000000000000000000000000000000000000000000000000000000000000000000000101111000000000000000000000000000000000000000000000000
00000000000000000000000010111110000000000000000000000000000000000000000000000000000000000000000000000000000000000000000000000000000000000000000001110111000000000000000000000000000000000000000000000000
00000000000000000000000010110101000000000000000000000000000000000000000000000000000000000000000000000000000000000000000000000000000000000000000000001011000000000000000000000000000000000000000000000000
00000000000000000000000001111010000000000000000000000000000000000000000000000000000000000000000000000000000000000000000000000000000000000000000011100011000000000000000000000000000000000000000000000000
00000000000000000000000010111000000000000000000000000000000000000000000000000000000000000000000000000000000000000000000000000000000000000000000000101011000000000000000000000000000000000000000000000000
00000000000000000000000000110110000000000000000000000000000000000000000000000000000000000000000000000000000000000000000000000000000000000000000001010111000000000000000000000000000000000000000000000000
00000000000000000000000001111100000000000000000000000000000000000000000000000000000000000000000000000000000000000000000000000000000000000000000000100011000000000000000000000000000000000000000000000000
00000000000000000000000000111001000000000000000000000000000000000000000000000000000000000000000000000000000000000000000000000000000000000000000000100011000000000000000000000000000000000000000000000000
00000000000000000000000010110110000000000000000000000000000000000000000000000000000000000000000000000000000000000000000000000000000000000000000000100011000000000000000000000000000000000000000000000000
00000000000000000000000001110100000000000000000000000000000000000000000000000000000000000000000000000000000000000000000000000000000000000000000000100011000000000000000000000000000000000000000000000000
00000000000000000000000000111011000000000000000000000000000000000000000000000000000000000000000000000000000000000000000000000000000000000000000000100011000000000000000000000000000000000000000000000000
00000000000000000000000000110100000000000000000000000000000000000000000000000000000000000000000000000000000000000000000000000000000000000000000000100011000000000000000000000000000000000000000000000000
00000000000000000000000010111000000000000000000000000000000000000000000000000000000000000000000000000000000000000000000000000000000000000000000000100011000000000000000000000000000000000000000000000000
00000000000000000000000001011010000000000000000000000000000000000000000000000000000000000000000000000000000000000000000000000000000000000000000000100011000000000000000000000000000000000000000000000000
00000000000000000000000011011000000000000000000000000000000000000000000000000000000000000000000000000000000000000000000000000000000000000000000000100011000000000000001100000000000000000000000000000000
00000000000000000000000000111011000000000000000000000000000000000000000000000000000000000000000000000000000000000000000000000000000000000000000000100011000000000000001100000000000000000000000000000000
00000000000000000000000010111100000000000000000000000000000000000000000000000000000000000000000000000000000000000000000000000000000000000000000000100011000000000000001100000000000000000000000000000000
00000000000000000000000001011111000000000000000000000000000000000000000000000000000000000000000000000000000000000000000000000000000000000000000000100011000000000000001100000000000000000000000000000000
00000000000000000000000001111100000000000000000000000000000000000000000000000000000000000000000000000000000000000000000000000000000000000000000000100011000000000000001100000000000000000000000000000000
00000000000000000000000010011110000000000000000000000000000000000000000000000000000000000000000000000000000000000000000000000000000000000000000000100011000000000000011100000000000000000000000000000000
00000000000000000000000000101101000000000000000000000000000000000000000000000000000000000000000000000000000000000000000000000000000000000000000000100011000000000000011100000000000000000000000000000000
00000000000000000000000001011110000000000000000000000000000000000000000000000000000000000000000000000000000000000000000000000000000000000000000000100011000000000000011100000000000000000000000000000000
00000000000000000000000010101111101101010000000000000000000000000000000000000000000000000000000000000000000000000000000000000000000000000000000011001011000000000000001100000000000000000000000000000000
00000000000000000000000001000110011010000000000000000000000000000000000000000000000000000000000000000000000000000000000000000000000000000000000000110001000000000000001100000000000000000000000000000000
00000000000000000000000011001111110101100000000000000000000000000000000000000000000000000000000000000000000000000000000000000000000000000000000010100111000000000000001100000000000000000000000000000000
00000000000000000000000001110011101100000000000000000000000000000000000000000000000000000000000000000000000000000000000000000000000000000000000001011011000000000000001100000000000000000000000000000000
00000000000000000000000010001011000101100000000000000000000000000000000000000000000000000000000000000000000000000000000000000000000000000000000001001011000000000000001100000000000000000000000000000000
00000000000000000000000010110001110011010000000000000000000000000000000000000000000000000000000000000000000000000000000000000000000000000000000010100011000000000000001100000000000000000000000000000000
00000000000000000000000001011001101100010000000000000000000000000000000000000000000000000000000000000000000000000000000000000000000000000000000010011111000000000000001100000000000000000000000000000000
00000000000000000000000001010000110100000000000000000000000000000000000000000000000000000000000000000000000000000000000000000000000000000000000001100011000000000000001100000000000000000000000000000000
00000000000000001110000000000000110001010000000000000000000000000000000000000000000000000000000000000000000000000000000000000000000000000000000001001011000000000000001100000000000000000000000000000000
00000000000000001110000000000000111110100000000000000000000000000000000000000000000000000000000000000000000000000000000000000000000000000000000000101111000000000000001100000000000000000000000000000000
00000000000000001110000000000000111001010000000000000000000000000000000000000000000000000000000000000000000000000000000000000000000000000000000000101111000000000000001100000000000000000000000000000000
00000000000000001110000000000000011110000000000000000000000000000000000000000000000000000000000000000000000000000000000000000000000000000000000000010110000000000000001100000000000000000000000000000000
00000000000000001110000000000000111111100000000000000000000000000000000000000000000000000000000000000000000000000000000000000000000000000000000001010110000000000000001100000000000000000000000000000000
00000000000000001110000000000000110110000000000000000000000000000000000000000000000000000000000000000000000000000000000000000000000000000000000001001111000000000000001100000000000000000000000000000000
00000000000000001110000000000000010111100000000000000000000000000000000000000000000000000000000000000000000000000000000000000000000000000000000000111100000000000000001100000000000000000000000000000000
00000000000000001110000000000000100011100000000000000000000000000000000000000000000000000000000000000000000000000000000000000000000000000000000010001101000000000000001100000000000000000000000000000000
00000000000000001110000000000000001101101011000000000000000000000000000000000000000000000000000000000000000000000000000000000000000000000000000001011100000000000000011100000000000000000000000000000000
00000000000000001110000000000000010011110110001100000000000000000000000000000000000000000000000000000000000000000000000000000000000000000000000000001101000000000000000100000000000000000000000000000000
00000000000000001110000000000000000110110000110000000000000000000000000000000000000000000000000000000000000000000000000000000000000000000000000010011101000000000000000000000000000000000000000000000000
00000000000000001111000000000000101001111110001100000000000000000000000000000000000000000000000000000000000000000000000000000000000000000000000001001100000000000000001100000000000000000000000000000000
00000000000000001111100000000000000110111100100100000000000000000000000000000000000000000000000000000000000000001111111100000000000000000000000000101111000000001111111100000000000000000000000000000000
00000000000000001111111100000000011001001111001000000000000000000000000000000000000000000000000000000000000000001111111100000000000000000000000001011110000000001111111100000000000000000000000000000000
00000000000000001111111100000000010010101110110100000000000000000000000000000000000000000000000000000000000000000001111100000000000000000000000001111100000000001111111100000000000000000000000000000000
00000000000000001111111100000000110101000011001000000000000000000000000000000000000000000000000000000000000000000000111100000000000000000000000010111101000000001111111100000000000000000000000000000000
00000000000000000000000000000000000000000011100001000010000000000000000000000000000000000000000000000000000000000000000000000000000000000000000010111100000000000000000000000000000000000000000000000000
00000000000000000000000000000000000000001001111110100001000000000000000000000000000000000000000000000000000000000000000000000000000000000000000001111001000000000000000000000000000000000000000000000000
00000000000000000000000000000000000000000100110000101100000000000000000000000000000000000000000000000000000000000000000000000000000000000000000010110110000000000000000000000000000000000000000000000000
00000000000000000000000000000000000000001010111110010011000000000000000000000000000000000000000000000000000000000000000000000000000000000000000000111000000000000000000000000000000000000000000000000000
00000000000000000000000000000000000000000100011110011000000000000000000000000000000000000000000000000000000000000000000000000000000000000000000011101000000000000000000000000000000000000000000000000000
00000000000000000000000000000000000000001011011101000110000000000000000000000000000000000000000000000000000000000000000000000000000000000000000001111001000000000000000000000000000000000000000000000000
00000000000000000000000000000000000000001000011110100101000000000000000000000000000000000000000000000000000000000000000000000000000000000000000011100100000000000000000000000000000000000000000000000000
00000000000000000000000000000000000000000101000111001010000000000000000000000000000000000000000000000000000000000000000000000000000000000000000011111011000000000000000000000000000000000000000000000000
00000000000000000000000000000000000000000000000011101010001100010000000000000000000000000000000000000000000000000000000000000000000000001001010011000101000000000000000000000000000000000000000000000000
00000000000000000000000000000000000000000000000011110001010101000000000000000000000000000000000000000000000000000000000000000000000000000000000111110000000000000000000000000000000000000000000000000000
00000000000000000000000000000000000000000000000000111010001111010000000000000000000000000000000000000000000000000000000000000000000000000101101111101111000000000000000000000000000000000000000000000000
00000000000000000000000000000000000000000000000010011101011000000000000000000000000000000000000000000000000000000000000000000000000000000110011110010000000000000000000000000000000000000000000000000000
00000000000000000000000000000000000000000000000001011110010101010000000000000000000000000000000000000000000000000000000000000000000000001001001100101100000000000000000000000000000000000000000000000000
00000000000000000000000000000000000000000000000010001111010010000000000000000000000000000000000000000000000000000000000000000000000000000001111110001011000000000000000000000000000000000000000000000000
00000000000000000000000000000000000000000000000000110111100000100000000000000000000000000000000000000000000000000000000000000000000000000110011100111100000000000000000000000000000000000000000000000000
00000000000000000000000000000000000000000000000000001100111011000000000000000000000000000000000000000000000000000000000000000000000000001001111001001010000000000000000000000000000000000000000000000000
00000000000000000000000000000000000000000000000000000000011100101010000100000000000000000000000000000000000000000000000000000000000000001010111100000000000000000000000000000000000000000000000000000000
00000000000000000000000000000000000000000000000000000000101110001001101000000000000000000000000000000000000000000000000000000000000000001101110000000000000000000000000000000000000000000000000000000000
00000000000000000000000000000000000000000000000000000000001111110010110100000000000000000000000000000000000000000000000000000000000000000111100100000000000000000000000000000000000000000000000000000000
00000000000000000000000000000000000000000000000000000000110001111000100000000000000000000000000000000000000000000000000000000000000000000101101000000000000000000000000000000000000000000000000000000000
00000000000000000000000000000000000000000000000000000000000110111101001000000000000000000000000000000000000000000000000000000000000000000111110100000000000000000000000000000000000000000000000000000000
00000000000000000000000000000000000000000000000000000000010001011111110100000000000000000000000000000000000000000000000000000000000000000011001000000000000000000000000000000000000000000000000000000000
00000000000000000000000000000000000000000000000000000000001110100111110000000000000000000000000000000000000000000000000000000000000000000111101100000000000000000000000000000000000000000000000000000000
00000000000000000000000000000000000000000000000000000000010001001011111100000000000000000000000000000000000000000000000000000000000000000110101000000000000000000000000000000000000000000000000000000000
00000000000000000000000000000000000000000000000000000000000000000011011111010001000100100000000000100110000100000000000000000000101100110110100100000000000000000000000000000000000000000000000000000000
00000000000000000000000000000000000000000000000000000000000000000100000111111100010001010000000010001001001100110000000000000000001011001110010100000000000000000000000000000000000000000000000000000000
00000000000000000000000000000000000000000000000000000000000000000001001001111111101001000000000001111010100000000000000000000000110110011101001000000000000000000000000000000000000000000000000000000000
00000000000000000000000000000000000000000000000000000000000000001010100010011111010110100000000010001101000100110000000000000000101011111010100000000000000000000000000000000000000000000000000000000000
00000000000000000000000000000000000000000000000000000000000000000000011000111111111100000000000010110001110010000000000000000000010111110101010100000000000000000000000000000000000000000000000000000000
00000000000000000000000000000000000000000000000000000000000000001011110010110110111111111111111101010100010101011111111111111111001111111001010000000000000000000000000000000000000000000000000000000000
00000000000000000000000000000000000000000000000000000000000000000010101000010010001111111111111110110001101011111111111111111111111111000011001000000000000000000000000000000000000000000000000000000000
00000000000000000000000000000000000000000000000000000000000000001000110001000100010001101111111111111111111111111111111111111111111110000100100100000000000000000000000000000000000000000000000000000000
00000000000000000000000000000000000000000000000000000000000000000000000000000000000000000000000000000000000000000000000000000000000000000000000000000000000000000000000000000000000000000000000000000000
00000000000000000000000000000000000000000000000000000000000000000000000000000000000000000000000000000000000000000000000000000000000000000000000000000000000000000000000000000000000000000000000000000000
00000000000000000000000000000000000000000000000000000000000000000000000000000000000000000000000000000000000000000000000000000000000000000000000000000000000000000000000000000000000000000000000000000000
00000000000000000000000000000000000000000000000000000000000000000000000000000000000000000000000000000000000000000000000000000000000000000000000000000000000000000000000000000000000000000000000000000000
00000000000000000000000000000000000000000000000000000000000000000000000000000000000000000000000000000000000000000000000000000000000000000000000000000000000000000000000000000000000000000000000000000000
00000000000000000000000000000000000000000000000000000000000000000000000000000000000000000000000000000000000000000000000000000000000000000000000000000000000000000000000000000000000000000000000000000000
00000000000000000000000000000000000000000000000000000000000000000000000000000000000000000000000000000000000000000000000000000000000000000000000000000000000000000000000000000000000000000000000000000000
00000000000000000000000000000000000000000000000000000000000000000000000000000000000000000000000000000000000000000000000000000000000000000000000000000000000000000000000000000000000000000000000000000000
00000000000000000000000000000000000000000000000000000000000000000000000000000000000000000000000000000000000000000000000000000000000000000000000000000000000000000000000000000000000000000000000000000000
00000000000000000000000000000000000000000000000000000000000000000000000000000000000000000000000000000000000000000000000000000000000000000000000000000000000000000000000000000000000000000000000000000000
00000000000000000000000000000000000000000000000000000000000000000000000000000000000000000000000000000000000000000000000000000000000000000000000000000000000000000000000000000000000000000000000000000000
00000000000000000000000000000000000000000000000000000000000000000000000000000000000000000000000000000000000000000000000000000000000000000000000000000000000000000000000000000000000000000000000000000000
00000000000000000000000000000000000000000000000000000000000000000000000000000000000000000000000000000000000000000000000000000000000000000000000000000000000000000000000000000000000000000000000000000000
00000000000000000000000000000000000000000000000000000000000000000000000000000000000000000000000000000000000000000000000000000000000000000000000000000000000000000000000000000000000000000000000000000000
00000000000000000000000000000000000000000000000000000000000000000000000000000000000000000000000000000000000000000000000000000000000000000000000000000000000000000000000000000000000000000000000000000000
00000000000000000000000000000000000000000000000000000000000000000000000000000000000000000000000000000000000000000000000000000000000000000000000000000000000000000000000000000000000000000000000000000000
00000000000000000000000000000000000000000000000000000000000000000000000000000000000000000000000000000000000000000000000000000000000000000000000000000000000000000000000000000000000000000000000000000000
00000000000000000000000000000000000000000000000000000000000000000000000000000000000000000000000000000000000000000000000000000000000000000000000000000000000000000000000000000000000000000000000000000000
00000000000000000000000000000000000000000000000000000000000000000000000000000000000000000000000000000000000000000000000000000000000000000000000000000000000000000000000000000000000000000000000000000000
00000000000000000000000000000000000000000000000000000000000000000000000000000000000000000000000000000000000000000000000000000000000000000000000000000000000000000000000000000000000000000000000000000000
00000000000000000000000000000000000000000000000000000000000000000000000000000000000000000000000000000000000000000000000000000000000000000000000000000000000000000000000000000000000000000000000000000000
00000000000000000000000000000000000000000000000000000000000000000000000000000000000000000000000000000000000000000000000000000000000000000000000000000000000000000000000000000000000000000000000000000000
00000000000000000000000000000000000000000000000000000000000000000000000000000000000000000000000000000000000000000000000000000000000000000000000000000000000000000000000000000000000000000000000000000000
00000000000000000000000000000000000000000000000000000000000000000000000000000000000000000000000000000000000000000000000000000000000000000000000000000000000000000000000000000000000000000000000000000000
