200 200
00000000000000000000000000000000000000000000000000000000000000000000000000000000000000000000000000000000000000000000000000000000000000000000000000000000000000000000000000000000000000000000000000000000
00000000000000000000000000000000000000000000000000000000000000000000000000000000000000000000000000000000000000000000000000000000000000000000000000000000000000000000000000000000000000000000000000000000
00000000000000000000000000000000000000000000000000000000000000000000000000000000000000000000000000000000000000000000000000000000000000000000000000000000000000000000000000000000000000000000000000000000
00000000000000000000000000000000000000000000000000000000000000000000000000000000000000000000000000000000000000000000000000000000000000000000000000000000000000000000000000000000000000000000000000000000
00000000000000000000000000000000000000000000000000000000000000000000000000000000000000000000000000000000000000000000000000000000000000000000000000000000000000000000000000000000000000000000000000000000
00000000000000000000000000000000000000000000000000000000000000000000000000000000000000000000000000000000000000000000000000000000000000000000000000000000000000000000000000000000000000000000000000000000
00000000000000000000000000000000000000000000000000000000000000000000000000000000000000000000000000000000000000000000000000000000000000000000000000000000000000000000000000000000000000000000000000000000
00000000000000000000000000000000000000000000000000000000000000000000000000000000000000000000000000000000000000000000000000000000000000000000000000000000000000000000000000000000000000000000000000000000
00000000000000000000000000000000000000000000000000000000000000000000000000000000000000000000000000000000000000000000000000000000000000000000000000000000000000000000000000000000000000000000000000000000
00000000000000000000000000000000000000000000000000000000000000000000000000000000000000000000000000000000000000000000000000000000000000000000000000000000000000000000000000000000000000000000000000000000
00000000000000000000000000000000000000000000000000000000000000000000000000000000000000000000000000000000000000000000000000000000000000000000000000000000000000000000000000000000000000000000000000000000
00000000000000000000000000000000000000000000000000000000000000000000000000000000000000000000000000000000000000000000000000000000000000000000000000000000000000000000000000000000000000000000000000000000
00000000000000000000000000000000000000000000000000000000000000000000000000000000000000000000000000000000000000000000000000000000000000000000000000000000000000000000000000000000000000000000000000000000
00000000000000000000000000000000000000000000000000000000000000000000000000000000000000000000000000000000000000000000000000000000000000000000000000000000000000000000000000000000000000000000000000000000
00000000000000000000000000000000000000000000000000000000000000000000000000000000000000000000000000000000000000000000000000000000000000000000000000000000000000000000000000000000000000000000000000000000
00000000000000000000000000000000000000000000000000000000000000000000000000000000000000000000000000000000000000000000000000000000000000000000000000000000000000000000000000000000000000000000000000000000
00000000000000000000000000000000000000000000000000000000000000000000000000000000000000000000000000000000000000000000000000000000000000000000000000000000000000000000000000000000000000000000000000000000
00000000000000000000000000000000000000000000000000000000000000000000000000000000000000000000000000000000000000000000000000000000000000000000000000000000000000000000000000000000000000000000000000000000
00000000000000000000000000000000000000000000000000000000000000000000000000000000000000000000000000000000000000000000000000000000000000000000000000000000000000000000000000000000000000000000000000000000
00000000000000000000000000000000000000000000000000000000000000000000000000000000000000000000000000000000000000000000000000000000000000000000000000000000000000000000000000000000000000000000000000000000
00000000000000000000000000000000000000000000000000000000000000000000000000000000000000000000000000000000000000000000000000000000000000000000000000000000000000000000000000000000000000000000000000000000
00000000000000000000000000000000000000000000000000000000000000000000000000000000000000000000000000000000000000000000000000000000000000000000000000000000000000000000000000000000000000000000000000000000
00000000000000000000000000000000000000000000000000000000000000000000000000000000000000000000000000000000000000000000000000000000000000000000000000000000000000000000000000000000000000000000000000000000
00000000000000000000000000000000000000000000000000000000000000000000000000000000000000000000000000000000000000000000000000000000000000000000000000000000000000000000000000000000000000000000000000000000
00000000000000000000000000000000000000000000000000000000000000000000000000000000000000000000000000000000000000000000000000000000000000000000000000000000000000000000000000000000000000000000000000000000
00000000000000000000000000000000000000000000000000000000000000000000000000000000000000000000000000000000000000000000000000000000000000000000000000000000000000000000000000000000000000000000000000000000
00000000000000000000000000000000000000000000000000000000000000000000000000000000000000000000000000000000000000000000000000000000000000000000000000000000000000000000000000000000000000000000000000000000
00000000000000000000000000000000000000000000000000000000000000000000000000000000000000000000000000000000000000000000000000000000000000000000000000000000000000000000000000000000000000000000000000000000
00000000000000000000000000000000000000000000000000000000000000000000000000000000000000000000000000000000000000000000000000000000000000000000000000000000000000000000000000000000000000000000000000000000
00000000000000000000000000000000000000000000000000000000000000000000000000000000000000000000000000000000000000000000000000000000000000000000000000000000000000000000000000000000000000000000000000000000
00000000000000000000000000000000000000000000000000000000000000000000000000000000000000000000000000000000000000000000000000000000000000000000000000000000000000000000000000000000000000000000000000000000
00000000000000000000000000000000000000000000000000000000000000000000000000000000000000000000000000000000000000000000000000000000000000000000000000000000000000000000000000000000000000000000000000000000
00000000000000000000000000000000000000000000000000000000000000000000000000000000000000000000000000000000000000000000000000000000000000000000000000000000000000000000000000000000000000000000000000000000
00000000000000000000000000000000000000000000000000000000000000000000000000000000000000000000000000000000000000000000000000000000000000000000000000000000000000000000000000000000000000000000000000000000
00000000000000000000000000000000000000000000000000000000000000000000000000000000000000000000000000000000000000000000000000000000000000000000000000000000000000000000000000000000000000000000000000000000
00000000000000000000000000000000000000000000000000000000000000000000000000000000000000000000000000000000000000000000000000000000000000000000000000000000000000000000000000000000000000000000000000000000
00000000000000000000000000000000000000000000000000000000000000000000000000000000000000000000000000000000000000000000000000000000000000000000000000000000000000000000000000000000000000000000000000000000
00000000000000000000000000000000000000000000000000000000000000000000000000000000000000000000000000000000000000000000000000000000000000000000000000000000000000000000000000000000000000000000000000000000
00000000000000000000000000000000000000000000000000000000000000000000000000000000000000000000000000000000000000000000000000000000000000000000000000000000000000000000000000000000000000000000000000000000
00000000000000000000000000000000000000000000000000000000000000000000000000000000000000000000000000000000000000000000000000000000000000000000000000000000000000000000000000000000000000000000000000000000
00000000000000000000000000000000000000000000000000000000000000000000000000000000000000000000000000000000000000000000000000000000000000000000000000000000000000000000000000000000000000000000000000000000
00000000000000000000000000000000000000000000000000000000000000000000000000000000000000000000000000000000000000000000000000000000000000000000000000000000000000000000000000000000000000000000000000000000
00000000000000000000000000000000000000000000000000000000000000000000000000000000000000000000000000000000000000000000000000000000000000000000000000000000000000000000000000000000000000000000000000000000
00000000000000000000000000000000000000000000000000000000000000000000000000000000000000000000000000000000000000000000000000000000000000000000000000000000000000000000000000000000000000000000000000000000
00000000000000000000000000000000000000000000000000000000000000000000000000000000000000000000000000000000000000000000000000000000000000000000000000000000000000000000000000000000000000000000000000000000
00000000000000000000000000000000000000000000000000000000000000000000000000000000000000000000000000000000000000000000000000000000000000000000000000000000000000000000000000000000000000000000000000000000
00000000000000000000000000000000000000000000000000000000000000000000000000000000000000000000000000000000000000000000000000000000000000000000000000000000000000000000000000000000000000000000000000000000
00000000000000000000000000000000000000000000000000000000000000000000000000000000000000000000000000000000000000000000000000000000000000000000000000000000000000000000000000000000000000000000000000000000
00000000000000000000000000000000000000000000000000000000000000000000000000000000010101000000000001011010000000000000000000000000000000000000000000000000000000000000000000000000000000000000000000000000
00000000000000000000000000000000000000000000000000000000000000000000000000000000100010010000000010101100000000000000000000000000000000000000000000000000000000000000000000000000000000000000000000000000
00000000000000000000000000000000000000000000000000000000000000000000000000000000010100100000000011000101000000000000000000000000000000000000000000000000000000000000000000000000000000000000000000000000
00000000000000000000000000000000000000000000000000000000000000000000000000000000100001010000000000011100000000000000000000000000000000000000000000000000000000000000000000000000000000000000000000000000
00000000000000000000000000000000000000000000000000000000000000000000000000000000001100010000000011110101000000000000000000000000000000000000000000000000000000000000000000000000000000000000000000000000
00000000000000000000000000000000000000000000000000000000000000000000000000000000110101001111111100010010000000000000000000000000000000000000000000000000000000000000000000000000000000000000000000000000
00000000000000000000000000000000000000000000000000000000000000000000000000000000000011111111111111110001000000000000000000000000000000000000000000000000000000000000000000000000000000000000000000000000
00000000000000000000000000000000000000000000000000000000000000000000000000000000101111111111111111111101000000000000000000000000000000000000000000000000000000000000000000000000000000000000000000000000
00000000000000000000000000000000000000000000000000000000000000000000000001000001000101100100010100111111000101000101010001100101000000000000000000000000000000000000000000000000000000000000000000000000
00000000000000000000000000000000000000000000000000000000000000000000000001001100101111100010001001100111110010010001001010011000000000000000000000000000000000000000000000000000000000000000000000000000
00000000000000000000000000000000000000000000000000000000000000000000000011010111111111111111000010010001111111101110011001100101000000000000000000000000000000000000000000000000000000000000000000000000
00000000000000000000000000000000000000000000000000000000000000000000000000111001111100011111111101101101001111110001100101011010000000000000000000000000000000000000000000000000000000000000000000000000
00000000000000000000000000000000000000000000000000000000000000000000000001001011111010011000111110000100000101111101001010101001000000000000000000000000000000000000000000000000000000000000000000000000
00000000000000000000000000000000000000000000000000000000000000000000000000101111001100010111000111111001011010111111110110010111000000000000000000000000000000000000000000000000000000000000000000000000
00000000000000000000000000000000000000000000000000000000000000000000000011011101111110101100110001001110100001011111111001101001000000000000000000000000000000000000000000000000000000000000000000000000
00000000000000000000000000000000000000000000000000000000000000000000000001111010001001010001010010110001010110100101111110010010000000000000000000000000000000000000000000000000000000000000000000000000
00000000000000000000000000000000000000000000000000000000000000001010101011111101000000000000000000000000000000000100100111001000000000000000000000000000000000000000000000000000000000000000000000000000
00000000000000000000000000000000000000000000000000000000000000000001100111100010000000000000000000000000000000001001011011100101000000000000000000000000000000000000000000000000000000000000000000000000
00000000000000000000000000000000000000000000000000000000000000001010001111011000000000000000000000000000000000001110000101110010000000000000000000000000000000000000000000000000000000000000000000000000
00000000000000000000000000000000000000000000000000000000000000001001011110100101000000000000000000000000000000001001010101111111000000000000000000000000000000000000000000000000000000000000000000000000
00000000000000000000000000000000000000000000000000000000000000000100111001101110000000000000000000000000000000000101101010011100000000000000000000000000000000000000000000000000000000000000000000000000
00000000000000000000000000000000000000000000000000000000000000000101111011011000000000000000000000000000000000001010011000111111000000000000000000000000000000000000000000000000000000000000000000000000
00000000000000000000000000000000000000000000000000000000000000001111100100100011000000000000000000000000000000000001100110101110000000000000000000000000000000000000000000000000000000000000000000000000
00000000000000000000000000000000000000000000000000000000000000000011101010110000000000000000000000000000000000001000011001001111000000000000000000000000000000000000000000000000000000000000000000000000
00000000000000000000000000000000000000000000000000000000101010010111001000000000000000000000000000000000000000000000000000011011110100000000000000000000000000000000000000000000000000000000000000000000
00000000000000000000000000000000000000000000000000000000010101001110010000000000000000000000000000000000000000000000000010100101111010100000000000000000000000000000000000000000000000000000000000000000
00000000000000000000000000000000000000000000000000000000001011011111011100000000000000000000000000000000000000000000000001000010110010100000000000000000000000000000000000000000000000000000000000000000
00000000000000000000000000000000000000000000000000000000001000111110100100000000000000000000000000000000000000000000000000011001011010010000000000000000000000000000000000000000000000000000000000000000
00000000000000000000000000000000000000000000000000000000100011110100011000000000000000000000000000000000000000000000000011001001011011100000000000000000000000000000000000000000000000000000000000000000
00000000000000000000000000000000000000000000000000000000011111100110100100000000000000000000000000000000000000000000000000110100101101010000000000000000000000000000000000000000000000000000000000000000
00000000000000000000000000000000000000000000000000000000110110110101000000000000000000000000000000000000000000000000000010000101011110000000000000000000000000000000000000000000000000000000000000000000
00000000000000000000000000000000000000000000000000000000001110100100010000000000000000000000000000000000000000000000000001100010100110010000000000000000000000000000000000000000000000000000000000000000
00000000000000000000000000000000000000000000000001000010101110000000000000000000000000000000000000000000000000000000000000000000101110100000000000000000000000000000000000000000000000000000000000000000
00000000000000000000000000000000000000000000000010000101001110100000000000000000000000000000000000000000000000000000000000000000000111010000000000000000000000000000000000000000000000000000000000000000
00000000000000000000000000000000000000000000000000110100111100000000000000000000000000000000000000000000000000000000000000000000101111000000000000000000000000000000000000000000000000000000000000000000
00000000000000000000000000000000000000000000000011001001011101100000000000000000000000000000000000000000000000000000000000000000000111100000000000000000000000000000000000000000000000000000000000000000
00000000000000000000000000000000000000000000000000011001111010010000000000000000000000000000000000000000000000000000000000000000100111100000000000000000000000000000000000000000000000000000000000000000
00000000000000000000000000000000000000000000000001100010111011000000000000000000000000000000000000000000000000000000000000000000001101100000000000000000000000000000000000000000000000000000000000000000
00000000000000000000000000000000000000000000000010100101110100110000000000000000000000000000000000000000000000000000000000000000100011110000000000000000000000000000000000000000000000000000000000000000
00000000000000000000000000000000000000000000000001010011101101000000000000000000000000000000000000000000000000000000000000000000010011110000000000000000000000000000000000000000000000000000000000000000
00000000000000000000000000000000000000000000000001011011000000000000000000000000000000000000000000000000000000000000000000000000000110111010100100000000000000000000000000000000000000000000000000000000
00000000000000000000000000000000000000000000000000100111000000000000000000000000000000000000000000000000000000000000000000000000101001011100101000000000000000000000000000000000000000000000000000000000
00000000000000000000000000000000000000000000000010011110000000000000000000000000000000000000000000000000000000000000000000000000010000101110101000000000000000000000000000000000000000000000000000000000
00000000000000000000000000000000000000000000000000011101000000000000000000000000000000000000000000000000000000000000000000000000000110011100010000000000000000000000000000000000000000000000000000000000
00000000000000000000000000000000000000000000000001011100000000000000000000000000000000000000000000000000000000000000000000000000110010010110011100000000000000000000000000000000000000000000000000000000
00000000000000000000000000000000000000000000000010111011000000000000000000000000000000000000000000000000000000000000000000000000001101001110010000000000000000000000000000000000000000000000000000000000
00000000000000000000000000000000000000000000000010111100000000000000000000000000000000000000000000000000000000000000000000000000100001010011001100000000000000000000000000000000000000000000000000000000
00000000000000000000000000000000000000000000000000111001000000000000000000000000000000000000000000000000000000000000000000000000011000100111100000000000000000000000000000000000000000000000000000000000
00000000000000000000000000000000000000000000000010111100000000000000000000000000000000000000000000000000000000000000000000000000000000000111110000000000000000000000000000000000000000000000000000000000
00000000000000000000000000000000000000000000000011110010000000000000000000000000000000000000000000000000000000000000000000000000000000001101101000000000000000000000000000000000000000000000000000000000
00000000000000000000000000000000000000000000000001110110000000000000000000000000000000000000000000000000000000000000000000000000000000000011111000000000000000000000000000000000000000000000000000000000
00000000000000000000000000000000000000000000000001110001000000000000000000000000000000000000000000000000000000000000000000000000000000001010110000000000000000000000000000000000000000000000000000000000
00000000000000000000000000000000000000000000000011101010000000000000000000000000000000000000000000000000000000000000000000000000000000000010111100000000000000000000000000000000000000000000000000000000
00000000000000000000000000000000000000000000000011100001000000000000000000000000000000000000000000000000000000000000000000000000000000001101110000000000000000000000000000000000000000000000000000000000
00000000000000000000000000000000000000000000000011011010000000000000000000000000000000000000000000000000000000000000000000000000000000000010110100000000000000000000000000000000000000000000000000000000
00000000000000000000000000000000000000000000000011101010000000000000000000000000000000000000000000000000000000000000000000000000000000001101110100000000000000000000000000000000000000000000000000000000
00000000000000000000000000000000000000000000000011000100000000000000000000000000000000000000000000000000000000000000000000000000000000000000111000000000000000000000000000000000000000000000000000000000
00000000000000000000000000000000000000000000000011000100000000000000000000000000000000000000000000000000000000000000000000000000000000000000111000000000000000000000000000000000000000000000000000000000
00000000000000000000000000000000000000000000000011000100000000000000000000000000000000000000000000000000000000000000000000000000000000000000111000000000000000000000000000000000000000000000000000000000
00000000000000000000000000000000000000000000000011000100000000000000000000000000000000000000000000000000000000000000000000000000000000000000111000000000000000000000000000000000000000000000000000000000
00000000000000000000000000000000000000000000000011000100000000000000000000000000000000000000000000000000000000000000000000000000000000000000111000000000000000000000000000000000000000000000000000000000
00000000000000000000000000000000000000000000000011000100000000000000000000000000000000000000000000000000000000000000000000000000000000000000111000000000000000000000000000000000000000000000000000000000
00000000000000000000000000000000000000000000000011000100000000000000000000000000000000000000000000000000000000000000000000000000000000000000111000000000000000000000000000000000000000000000000000000000
00000000000000000000000000000000000000000000000011000100000000000000000000000000000000000000000000000000000000000000000000000000000000000000111000000000000000000000000000000000000000000000000000000000
00000000000000000000000000000000000000000000000011000100000000000000000000000000000000000000000000000000000000000000000000000000000000000000111000000000000000000000001100000000000000000000000000000000
00000000000000000000000000000000000000000000000011000100000000000000000000000000000000000000000000000000000000000000000000000000000000000000111000000000000000000000001100000000000000000000000000000000
00000000000000000000000000000000000000000000000011000100000000000000000000000000000000000000000000000000000000000000000000000000000000000000111000000000000000000000001100000000000000000000000000000000
00000000000000000000000000000000000000000000000011000100000000000000000000000000000000000000000000000000000000000000000000000000000000000000111000000000000000000000001100000000000000000000000000000000
00000000000000000000000000000000000000000000000011000100000000000000000000000000000000000000000000000000000000000000000000000000000000000000111000000000000000000000001100000000000000000000000000000000
00000000000000000000000000000000000000000000000011000100000000000000000000000000000000000000000000000000000000000000000000000000000000000000111000000000000000000000011100000000000000000000000000000000
00000000000000000000000000000000000000000000000011000100000000000000000000000000000000000000000000000000000000000000000000000000000000000000111000000000000000000000011100000000000000000000000000000000
00000000000000000000000000000000000000000000000011000100000000000000000000000000000000000000000000000000000000000000000000000000000000000000111000000000000000000000011100000000000000000000000000000000
00000000000000000000000000000000000000000000000011100101000000000000000000000000000000000000000000000000000000000000000000000000000000000100111000000000000000000000001100000000000000000000000000000000
00000000000000000000000000000000000000000000000011010010000000000000000000000000000000000000000000000000000000000000000000000000000000001000110000000000000000000000001100000000000000000000000000000000
00000000000000000000000000000000000000000000000011011010000000000000000000000000000000000000000000000000000000000000000000000000000000001000110100000000000000000000001100000000000000000000000000000000
00000000000000000000000000000000000000000000000011100101000000000000000000000000000000000000000000000000000000000000000000000000000000000011111000000000000000000000001100000000000000000000000000000000
00000000000000000000000000000000000000000000000011110101000000000000000000000000000000000000000000000000000000000000000000000000000000000111110100000000000000000000001100000000000000000000000000000000
00000000000000000000000000000000000000000000000001100110000000000000000000000000000000000000000000000000000000000000000000000000000000001001111000000000000000000000001100000000000000000000000000000000
00000000000000000000000000000000000000000000000011110101000000000000000000000000000000000000000000000000000000000000000000000000000000000111110100000000000000000000001100000000000000000000000000000000
00000000000000000000000000000000000000000000000000110010000000000000000000000000000000000000000000000000000000000000000000000000000000000111100000000000000000000000001100000000000000000000000000000000
00000000000000001110000000000000000000000000000000110000000000000000000000000000000000000000000000000000000000000000000000000000000000001011110000000000000000000000001100000000000000000000000000000000
00000000000000001110000000000000000000000000000000111111000000000000000000000000000000000000000000000000000000000000000000000000000000001111001000000000000000000000001100000000000000000000000000000000
00000000000000001110000000000000000000000000000001111100000000000000000000000000000000000000000000000000000000000000000000000000000000000111011000000000000000000000001100000000000000000000000000000000
00000000000000001110000000000000000000000000000010011111000000000000000000000000000000000000000000000000000000000000000000000000000000000111000100000000000000000000001100000000000000000000000000000000
00000000000000001110000000000000000000000000000000011110000000000000000000000000000000000000000000000000000000000000000000000000000000001110101000000000000000000000001100000000000000000000000000000000
00000000000000001110000000000000000000000000000010111110000000000000000000000000000000000000000000000000000000000000000000000000000000001110000100000000000000000000001100000000000000000000000000000000
00000000000000001110000000000000000000000000000000001110000000000000000000000000000000000000000000000000000000000000000000000000000000001101101000000000000000000000001100000000000000000000000000000000
00000000000000001110000000000000000000000000000010100111000000000000000000000000000000000000000000000000000000000000000000000000000000001110101000000000000000000000001100000000000000000000000000000000
00000000000000001110000000000000000000000000000000011011010100100000000000000000000000000000000000000000000000000000000000000000010101111010010100000000000000000000011100000000000000000000000000000000
00000000000000001110000000000000000000000000000000100111100011010000000000000000000000000000000000000000000000000000000000000000100000011001101000000000000000000000000100000000000000000000000000000000
00000000000000001110000000000000000000000000000010010101111101010000000000000000000000000000000000000000000000000000000000000000010110111110000100000000000000000000000000000000000000000000000000000000
00000000000000001111000000000000000000000000000001100001110010000000000000000000000000000000000000000000000000000000000000000000000010110011110100000000000000000000001100000000000000000000000000000000
00000000000000001111100000000000000010000000000010110100011110110000000000000000000000000000000000000000000000001111111100000000101101111000100000000000000000001111111100000000000000000000000000000000
00000000000000001111111100000000000111000000000000011000011110100000000000000000000000000000000000000000000000001111111100000000011101110101011000000000000000001111111100000000000000000000000000000000
00000000000000001111111100000000000111110000000001001110101100010000000000000000000000000000000000000000000000000001111100000000101001100010100100000000000000001111111100000000000000000000000000000000
00000000000000001111111100000000001111110000000010110101011101000000000000000000000000000000000000000000000000000000111100000000010011111010010000000000000000001111111100000000000000000000000000000000
00000000000000000000000000000000000000000000000000000000011110100001000100000000000000000000000000000000000000000000000000000000101011100000000000000000000000000000000000000000000000000000000000000000
00000000000000000000000000000000000000000000000000000000000111010100011000000000000000000000000000000000000000000000000000000000000111110000000000000000000000000000000000000000000000000000000000000000
00000000000000000000000000000000000000000000000000000000001011110001100000000000000000000000000000000000000000000000000000000000101011000000000000000000000000000000000000000000000000000000000000000000
00000000000000000000000000000000000000000000000000000000010010111010011100000000000000000000000000000000000000000000000000000000011111010000000000000000000000000000000000000000000000000000000000000000
00000000000000000000000000000000000000000000000000000000001110011100010000000000000000000000000000000000000000000000000000000000010110100000000000000000000000000000000000000000000000000000000000000000
00000000000000000000000000000000000000000000000000000000110101111111110000000000000000000000000000000000000000000000000000000000101111010000000000000000000000000000000000000000000000000000000000000000
00000000000000000000000000000000000000000000000000000000011010000110101000000000000000000000000000000000000000000000000000000000111101100000000000000000000000000000000000000000000000000000000000000000
00000000000000000000000000000000000000000000000000000000010000111111100100000000000000000000000000000000000000000000000000000000011110010000000000000000000000000000000000000000000000000000000000000000
00000000000000000000000000000000000000000000000000000000000000000111111001001001011001010000000000000000000000000000000010100010111100000000000000000000000000000000000000000000000000000000000000000000
00000000000000000000000000000000000000000000000000000000000000001000111110010110100110010000000000000000000000000000000000111001110001000000000000000000000000000000000000000000000000000000000000000000
00000000000000000000000000000000000000000000000000000000000000001010001110100001010100100000000000000000000000000000000010100001111010110000000000000000000000000000000000000000000000000000000000000000
00000000000000000000000000000000000000000000000000000000000000000101010111110100101011000000000000000000000000000000000001001011100110100000000000000000000000000000000000000000000000000000000000000000
00000000000000000000000000000000000000000000000000000000000000001010000101110000000111010000000000000000000000000000000000011111101011010000000000000000000000000000000000000000000000000000000000000000
00000000000000000000000000000000000000000000000000000000000000000011101011111111011000100000000000000000000000000000000001101110100000100000000000000000000000000000000000000000000000000000000000000000
00000000000000000000000000000000000000000000000000000000000000000000010101011111101010010000000000000000000000000000000001011101010001010000000000000000000000000000000000000000000000000000000000000000
00000000000000000000000000000000000000000000000000000000000000000010001010101011111100100000000000000000000000000000000010111010011011010000000000000000000000000000000000000000000000000000000000000000
00000000000000000000000000000000000000000000000000000000000000000000000000000000111111100000000000000000000000000000000011110010000000000000000000000000000000000000000000000000000000000000000000000000
00000000000000000000000000000000000000000000000000000000000000000000000000000000010111111111111111111111111111111111111111100100000000000000000000000000000000000000000000000000000000000000000000000000
00000000000000000000000000000000000000000000000000000000000000000000000000000000011000111111111111111111111111111111111100001011000000000000000000000000000000000000000000000000000000000000000000000000
00000000000000000000000000000000000000000000000000000000000000000000000000000000101001100000000000000000000000000000000000100000000000000000000000000000000000000000000000000000000000000000000000000000
00000000000000000000000000000000000000000000000000000000000000000000000000000000011100100000000000000000000000000000000000110101000000000000000000000000000000000000000000000000000000000000000000000000
00000000000000000000000000000000000000000000000000000000000000000000000000000000000010110000000000000000000000000000000010011010000000000000000000000000000000000000000000000000000000000000000000000000
00000000000000000000000000000000000000000000000000000000000000000000000000000000011001000000000000000000000000000000000001000110000000000000000000000000000000000000000000000000000000000000000000000000
00000000000000000000000000000000000000000000000000000000000000000000000000000000101010110000000000000000000000000000000010001001000000000000000000000000000000000000000000000000000000000000000000000000
00000000000000000000000000000000000000000000000000000000000000000000000000000000000000000000000000000000000000000000000000000000000000000000000000000000000000000000000000000000000000000000000000000000
00000000000000000000000000000000000000000000000000000000000000000000000000000000000000000000000000000000000000000000000000000000000000000000000000000000000000000000000000000000000000000000000000000000
00000000000000000000000000000000000000000000000000000000000000000000000000000000000000000000000000000000000000000000000000000000000000000000000000000000000000000000000000000000000000000000000000000000
00000000000000000000000000000000000000000000000000000000000000000000000000000000000000000000000000000000000000000000000000000000000000000000000000000000000000000000000000000000000000000000000000000000
00000000000000000000000000000000000000000000000000000000000000000000000000000000000000000000000000000000000000000000000000000000000000000000000000000000000000000000000000000000000000000000000000000000
00000000000000000000000000000000000000000000000000000000000000000000000000000000000000000000000000000000000000000000000000000000000000000000000000000000000000000000000000000000000000000000000000000000
00000000000000000000000000000000000000000000000000000000000000000000000000000000000000000000000000000000000000000000000000000000000000000000000000000000000000000000000000000000000000000000000000000000
00000000000000000000000000000000000000000000000000000000000000000000000000000000000000000000000000000000000000000000000000000000000000000000000000000000000000000000000000000000000000000000000000000000
00000000000000000000000000000000000000000000000000000000000000000000000000000000000000000000000000000000000000000000000000000000000000000000000000000000000000000000000000000000000000000000000000000000
00000000000000000000000000000000000000000000000000000000000000000000000000000000000000000000000000000000000000000000000000000000000000000000000000000000000000000000000000000000000000000000000000000000
00000000000000000000000000000000000000000000000000000000000000000000000000000000000000000000000000000000000000000000000000000000000000000000000000000000000000000000000000000000000000000000000000000000
00000000000000000000000000000000000000000000000000000000000000000000000000000000000000000000000000000000000000000000000000000000000000000000000000000000000000000000000000000000000000000000000000000000
00000000000000000000000000000000000000000000000000000000000000000000000000000000000000000000000000000000000000000000000000000000000000000000000000000000000000000000000000000000000000000000000000000000
00000000000000000000000000000000000000000000000000000000000000000000000000000000000000000000000000000000000000000000000000000000000000000000000000000000000000000000000000000000000000000000000000000000
00000000000000000000000000000000000000000000000000000000000000000000000000000000000000000000000000000000000000000000000000000000000000000000000000000000000000000000000000000000000000000000000000000000
00000000000000000000000000000000000000000000000000000000000000000000000000000000000000000000000000000000000000000000000000000000000000000000000000000000000000000000000000000000000000000000000000000000
00000000000000000000000000000000000000000000000000000000000000000000000000000000000000000000000000000000000000000000000000000000000000000000000000000000000000000000000000000000000000000000000000000000
00000000000000000000000000000000000000000000000000000000000000000000000000000000000000000000000000000000000000000000000000000000000000000000000000000000000000000000000000000000000000000000000000000000
00000000000000000000000000000000000000000000000000000000000000000000000000000000000000000000000000000000000000000000000000000000000000000000000000000000000000000000000000000000000000000000000000000000
00000000000000000000000000000000000000000000000000000000000000000000000000000000000000000000000000000000000000000000000000000000000000000000000000000000000000000000000000000000000000000000000000000000
00000000000000000000000000000000000000000000000000000000000000000000000000000000000000000000000000000000000000000000000000000000000000000000000000000000000000000000000000000000000000000000000000000000
00000000000000000000000000000000000000000000000000000000000000000000000000000000000000000000000000000000000000000000000000000000000000000000000000000000000000000000000000000000000000000000000000000000
00000000000000000000000000000000000000000000000000000000000000000000000000000000000000000000000000000000000000000000000000000000000000000000000000000000000000000000000000000000000000000000000000000000
00000000000000000000000000000000000000000000000000000000000000000000000000000000000000000000000000000000000000000000000000000000000000000000000000000000000000000000000000000000000000000000000000000000
00000000000000000000000000000000000000000000000000000000000000000000000000000000000000000000000000000000000000000000000000000000000000000000000000000000000000000000000000000000000000000000000000000000
00000000000000000000000000000000000000000000000000000000000000000000000000000000000000000000000000000000000000000000000000000000000000000000000000000000000000000000000000000000000000000000000000000000
00000000000000000000000000000000000000000000000000000000000000000000000000000000000000000000000000000000000000000000000000000000000000000000000000000000000000000000000000000000000000000000000000000000
00000000000000000000000000000000000000000000000000000000000000000000000000000000000000000000000000000000000000000000000000000000000000000000000000000000000000000000000000000000000000000000000000000000
00000000000000000000000000000000000000000000000000000000000000000000000000000000000000000000000000000000000000000000000000000000000000000000000000000000000000000000000000000000000000000000000000000000
00000000000000000000000000000000000000000000000000000000000000000000000000000000000000000000000000000000000000000000000000000000000000000000000000000000000000000000000000000000000000000000000000000000
00000000000000000000000000000000000000000000000000000000000000000000000000000000000000000000000000000000000000000000000000000000000000000000000000000000000000000000000000000000000000000000000000000000
00000000000000000000000000000000000000000000000000000000000000000000000000000000000000000000000000000000000000000000000000000000000000000000000000000000000000000000000000000000000000000000000000000000
