200 200
00000000000000000000000000000000000000000000000000000000000000000000000000000000000000000000000000000000000000000000000000000000000000000000000000000000000000000000000000000000000000000000000000000000
00000000000000000000000000000000000000000000000000000000000000000000000000000000000000000000000000000000000000000000000000000000000000000000000000000000000000000000000000000000000000000000000000000000
00000000000000000000000000000000000000000000000000000000000000000000000000000000000000000000000000000000000000000000000000000000000000000000000000000000000000000000000000000000000000000000000000000000
00000000000000000000000000000000000000000000000000000000000000000000000000000000000000000000000000000000000000000000000000000000000000000000000000000000000000000000000000000000000000000000000000000000
00000000000000000000000000000000000000000000000000000000000000000000000000000000000000000000000000000000000000000000000000000000000000000000000000000000000000000000000000000000000000000000000000000000
00000000000000000000000000000000000000000000000000000000000000000000000000000000000000000000000000000000000000000000000000000000000000000000000000000000000000000000000000000000000000000000000000000000
00000000000000000000000000000000000000000000000000000000000000000000000000000000000000000000000000000000000000000000000000000000000000000000000000000000000000000000000000000000000000000000000000000000
00000000000000000000000000000000000000000000000000000000000000000000000000000000000000000000000000000000000000000000000000000000000000000000000000000000000000000000000000000000000000000000000000000000
00000000000000000000000000000000000000000000000000000000000000000000000000000000000000000000000000000000000000000000000000000000000000000000000000000000000000000000000000000000000000000000000000000000
00000000000000000000000000000000000000000000000000000000000000000000000000000000000000000000000000000000000000000000000000000000000000000000000000000000000000000000000000000000000000000000000000000000
00000000000000000000000000000000000000000000000000000000000000000000000000000000000000000000000000000000000000000000000000000000000000000000000000000000000000000000000000000000000000000000000000000000
00000000000000000000000000000000000000000000000000000000000000000000000000000000000000000000000000000000000000000000000000000000000000000000000000000000000000000000000000000000000000000000000000000000
00000000000000000000000000000000000000000000000000000000000000000000000000000000000000000000000000000000000000000000000000000000000000000000000000000000000000000000000000000000000000000000000000000000
00000000000000000000000000000000000000000000000000000000000000000000000000000000000000000000000000000000000000000000000000000000000000000000000000000000000000000000000000000000000000000000000000000000
00000000000000000000000000000000000000000000000000000000000000000000000000000000000000000000000000000000000000000000000000000000000000000000000000000000000000000000000000000000000000000000000000000000
00000000000000000000000000000000000000000000000000000000000000000000000000000000000000000000000000000000000000000000000000000000000000000000000000000000000000000000000000000000000000000000000000000000
00000000000000000000000000000000000000000000000000000000000000000000000000000000000000000000000000000000000000000000000000000000000000000000000000000000000000000000000000000000000000000000000000000000
00000000000000000000000000000000000000000000000000000000000000000000000000000000000000000000000000000000000000000000000000000000000000000000000000000000000000000000000000000000000000000000000000000000
00000000000000000000000000000000000000000000000000000000000000000000000000000000000000000000000000000000000000000000000000000000000000000000000000000000000000000000000000000000000000000000000000000000
00000000000000000000000000000000000000000000000000000000000000000000000000000000000000000000000000000000000000000000000000000000000000000000000000000000000000000000000000000000000000000000000000000000
00000000000000000000000000000000000000000000000000000000000000000000000000000000000000000000000000000000000000000000000000000000000000000000000000000000000000000000000000000000000000000000000000000000
00000000000000000000000000000000000000000000000000000000000000000000000000000000000000000000000000000000000000000000000000000000000000000000000000000000000000000000000000000000000000000000000000000000
00000000000000000000000000000000000000000000000000000000000000000000000000000000000000000000000000000000000000000000000000000000000000000000000000000000000000000000000000000000000000000000000000000000
00000000000000000000000000000000000000000000000000000000000000000000000000000000000000000000000000000000000000000000000000000000000000000000000000000000000000000000000000000000000000000000000000000000
00000000000000000000000000000000000000000000000000000000000000000000000000000000000000000000000000000000000000000000000000000000000000000000000000000000000000000000000000000000000000000000000000000000
00000000000000000000000000000000000000000000000000000000000000000000000000000000000000000000000000000000000000000000000000000000000000000000000000000000000000000000000000000000000000000000000000000000
00000000000000000000000000000000000000000000000000000000000000000000000000000000000000000000000000000000000000000000000000000000000000000000000000000000000000000000000000000000000000000000000000000000
00000000000000000000000000000000000000000000000000000000000000000000000000000000000000000000000000000000000000000000000000000000000000000000000000000000000000000000000000000000000000000000000000000000
00000000000000000000000000000000000000000000000000000000000000000000000000000000000000000000000000000000000000000000000000000000000000000000000000000000000000000000000000000000000000000000000000000000
00000000000000000000000000000000000000000000000000000000000000000000000000000000000000000000000000000000000000000000000000000000000000000000000000000000000000000000000000000000000000000000000000000000
00000000000000000000000000000000000000000000000000000000000000000000000000000000000000000000000000000000000000000000000000000000000000000000000000000000000000000000000000000000000000000000000000000000
00000000000000000000000000000000000000000000000000000000000000000000000000000000000000000000000000000000000000000000000000000000000000000000000000000000000000000000000000000000000000000000000000000000
00000000000000000000000000000000000000000000000000000000000000000000000000000000000000001010011000000000010000100000000000000000000000000000000000000000000000000000000000000000000000000000000000000000
00000000000000000000000000000000000000000000000000000000000000000000000000000000000000001001100100000000101000010000000000000000000000000000000000000000000000000000000000000000000000000000000000000000
00000000000000000000000000000000000000000000000000000000000000000000000000000000000000000100101000000000001011000000000000000000000000000000000000000000000000000000000000000000000000000000000000000000
00000000000000000000000000000000000000000000000000000000000000000000000000000000000000000011010100000000100100110000000000000000000000000000000000000000000000000000000000000000000000000000000000000000
00000000000000000000000000000000000000000000000000000000000000000000000000000000000000001011100000000000100110000000000000000000000000000000000000000000000000000000000000000000000000000000000000000000
00000000000000000000000000000000000000000000000000000000000000000000000000000000000000000100011011111111010001100000000000000000000000000000000000000000000000000000000000000000000000000000000000000000
00000000000000000000000000000000000000000000000000000000000000000000000000000000000000001001010111111111101001010000000000000000000000000000000000000000000000000000000000000000000000000000000000000000
00000000000000000000000000000000000000000000000000000000000000000000000000000000000000000100111111111111110010100000000000000000000000000000000000000000000000000000000000000000000000000000000000000000
00000000000000000000000000000000000000000000000000000000000000001000110001101100000110101111111100011011010010110000000000000000000000000000000000000000000000000000000000000000000000000000000000000000
00000000000000000000000000000000000000000000000000000000000000000010101010000010101111111111010100100111101100100000000000000000000000000000000000000000000000000000000000000000000000000000000000000000
00000000000000000000000000000000000000000000000000000000000000001011110001000100111111111010101010010101110100100000000000000000000000000000000000000000000000000000000000000000000000000000000000000000
00000000000000000000000000000000000000000000000000000000000000000000011001010011111111010001001101100001111000010000000000000000000000000000000000000000000000000000000000000000000000000000000000000000
00000000000000000000000000000000000000000000000000000000000000001010101010001111101100101100100010110100011111000000000000000000000000000000000000000000000000000000000000000000000000000000000000000000
00000000000000000000000000000000000000000000000000000000000000000001001001111101110110010000000100011000001101010000000000000000000000000000000000000000000000000000000000000000000000000000000000000000
00000000000000000000000000000000000000000000000000000000000000000100000111110001101001011100110001001110001111010000000000000000000000000000000000000000000000000000000000000000000000000000000000000000
00000000000000000000000000000000000000000000000000000000000000000011011111000100010110010000100010110101100111100000000000000000000000000000000000000000000000000000000000000000000000000000000000000000
00000000000000000000000000000000000000000000000010000010010010011001111100000000000000000000000000000000101011110001110100000000000000000000000000000000000000000000000000000000000000000000000000000000
00000000000000000000000000000000000000000000000001010100100010000111110000000000000000000000000000000000001001100100001000000000000000000000000000000000000000000000000000000000000000000000000000000000
00000000000000000000000000000000000000000000000010100011101101011111110100000000000000000000000000000000110101110101100000000000000000000000000000000000000000000000000000000000000000000000000000000000
00000000000000000000000000000000000000000000000001011000000011111101001000000000000000000000000000000000001010111001010100000000000000000000000000000000000000000000000000000000000000000000000000000000
00000000000000000000000000000000000000000000000010100101101111101000100000000000000000000000000000000000111001111010101000000000000000000000000000000000000000000000000000000000000000000000000000000000
00000000000000000000000000000000000000000000000000010011011110000110110100000000000000000000000000000000010100111011101100000000000000000000000000000000000000000000000000000000000000000000000000000000
00000000000000000000000000000000000000000000000010010110111001101001101000000000000000000000000000000000001001101100100000000000000000000000000000000000000000000000000000000000000000000000000000000000
00000000000000000000000000000000000000000000000001000111111010100010000100000000000000000000000000000000010010011111001000000000000000000000000000000000000000000000000000000000000000000000000000000000
00000000000000000000000000000000000000000111010010000111000000000000000000000000000000000000000000000000000000000111001000000000000000000000000000000000000000000000000000000000000000000000000000000000
00000000000000000000000000000000000000000000011000111110000000000000000000000000000000000000000000000000000000001011110000000000000000000000000000000000000000000000000000000000000000000000000000000000
00000000000000000000000000000000000000001011101000111010000000000000000000000000000000000000000000000000000000000111011100000000000000000000000000000000000000000000000000000000000000000000000000000000
00000000000000000000000000000000000000000000010111110010000000000000000000000000000000000000000000000000000000000011110100000000000000000000000000000000000000000000000000000000000000000000000000000000
00000000000000000000000000000000000000001001001111101100000000000000000000000000000000000000000000000000000000000111010100000000000000000000000000000000000000000000000000000000000000000000000000000000
00000000000000000000000000000000000000000000001110010001000000000000000000000000000000000000000000000000000000001001101000000000000000000000000000000000000000000000000000000000000000000000000000000000
00000000000000000000000000000000000000001010111100110110000000000000000000000000000000000000000000000000000000000001110000000000000000000000000000000000000000000000000000000000000000000000000000000000
00000000000000000000000000000000000000000101111010011000000000000000000000000000000000000000000000000000000000000111110100000000000000000000000000000000000000000000000000000000000000000000000000000000
00000000000000000000000000000000101001100101101000000000000000000000000000000000000000000000000000000000000000000100110000000000000000000000000000000000000000000000000000000000000000000000000000000000
00000000000000000000000000000000000110011011100100000000000000000000000000000000000000000000000000000000000000000101110000000000000000000000000000000000000000000000000000000000000000000000000000000000
00000000000000000000000000000000101001101011011000000000000000000000000000000000000000000000000000000000000000001010111100000000000000000000000000000000000000000000000000000000000000000000000000000000
00000000000000000000000000000000010110100111101000000000000000000000000000000000000000000000000000000000000000000111110000000000000000000000000000000000000000000000000000000000000000000000000000000000
00000000000000000000000000000000100101011110010100000000000000000000000000000000000000000000000000000000000000001101111000000000000000000000000000000000000000000000000000000000000000000000000000000000
00000000000000000000000000000000111010011110100000000000000000000000000000000000000000000000000000000000000000000110011100000000000000000000000000000000000000000000000000000000000000000000000000000000
00000000000000000000000000000000100101101110000100000000000000000000000000000000000000000000000000000000000000000001011100000000000000000000000000000000000000000000000000000000000000000000000000000000
00000000000000000000000000000000010010011101101000000000000000000000000000000000000000000000000000000000000000000100011100000000000000000000000000000000000000000000000000000000000000000000000000000000
00000000000000000000000000000000001001011011100000000000000000000000000000000000000000000000000000000000000000000001101100101001000000000000000000000000000000000000000000000000000000000000000000000000
00000000000000000000000000000000110001111100010100000000000000000000000000000000000000000000000000000000000000000010011111000010000000000000000000000000000000000000000000000000000000000000000000000000
00000000000000000000000000000000101010110001001000000000000000000000000000000000000000000000000000000000000000001001010111101101000000000000000000000000000000000000000000000000000000000000000000000000
00000000000000000000000000000000001000110010111000000000000000000000000000000000000000000000000000000000000000000110000111110000000000000000000000000000000000000000000000000000000000000000000000000000
00000000000000000000000000000000010111110010100100000000000000000000000000000000000000000000000000000000000000001011010001100011000000000000000000000000000000000000000000000000000000000000000000000000
00000000000000000000000000000000000111100011010000000000000000000000000000000000000000000000000000000000000000000001100001111010000000000000000000000000000000000000000000000000000000000000000000000000
00000000000000000000000000000000101011110010101000000000000000000000000000000000000000000000000000000000000000000100111010110010000000000000000000000000000000000000000000000000000000000000000000000000
00000000000000000000000000000000000111101001010000000000000000000000000000000000000000000000000000000000000000001011010101111000000000000000000000000000000000000000000000000000000000000000000000000000
00000000000000000000000000000000010111000000000000000000000000000000000000000000000000000000000000000000000000000000000001011010000000000000000000000000000000000000000000000000000000000000000000000000
00000000000000000000000000000000101110110000000000000000000000000000000000000000000000000000000000000000000000000000000010111110000000000000000000000000000000000000000000000000000000000000000000000000
00000000000000000000000000000000011111000000000000000000000000000000000000000000000000000000000000000000000000000000000001001100000000000000000000000000000000000000000000000000000000000000000000000000
00000000000000000000000000000000001101100000000000000000000000000000000000000000000000000000000000000000000000000000000001011111000000000000000000000000000000000000000000000000000000000000000000000000
00000000000000000000000000000000111110010000000000000000000000000000000000000000000000000000000000000000000000000000000001100111000000000000000000000000000000000000000000000000000000000000000000000000
00000000000000000000000000000000011011000000000000000000000000000000000000000000000000000000000000000000000000000000000010010111000000000000000000000000000000000000000000000000000000000000000000000000
00000000000000000000000000000000011110110000000000000000000000000000000000000000000000000000000000000000000000000000000010110111000000000000000000000000000000000000000000000000000000000000000000000000
00000000000000000000000000000000111001000000000000000000000000000000000000000000000000000000000000000000000000000000000001001011000000000000000000000000000000000000000000000000000000000000000000000000
00000000000000000000000000000000111100100000000000000000000000000000000000000000000000000000000000000000000000000000000011110011011011010000000000000000000000000000000000000000000000000000000000000000
00000000000000000000000000000000001011000000000000000000000000000000000000000000000000000000000000000000000000000000000000001111100100100000000000000000000000000000000000000000000000000000000000000000
00000000000000000000000000000000111000010000000000000000000000000000000000000000000000000000000000000000000000000000000011110101111010000000000000000000000000000000000000000000000000000000000000000000
00000000000000000000000000000000011000100000000000000000000000000000000000000000000000000000000000000000000000000000000010100001100101100000000000000000000000000000000000000000000000000000000000000000
00000000000000000000000000000000111101010000000000000000000000000000000000000000000000000000000000000000000000000000000000001101101001010000000000000000000000000000000000000000000000000000000000000000
00000000000000000000000000000000111100100000000000000000000000000000000000000000000000000000000000000000000000000000000001010011100110100000000000000000000000000000000000000000000000000000000000000000
00000000000000000000000000000000110011010000000000000000000000000000000000000000000000000000000000000000000000000000000010101011111001010000000000000000000000000000000000000000000000000000000000000000
00000000000000000000000000000000111100000000000000000000000000000000000000000000000000000000000000000000000000000000000001010011100010000000000000000000000000000000000000000000000000000000000000000000
00000000000000000000000000000000111010010000000000000000000000000000000000000000000000000000000000000000000000000000000011011011100000000000000000000000000000000000000000000000000000000000000000000000
00000000000000000000000000000000111000100000000000000000000000000000000000000000000000000000000000000000000000000000000000100101100000000000000000000000000000000000000000000000000000000000000000000000
00000000000000000000000000000000110010010000000000000000000000000000000000000000000000000000000000000000000000000000000010010001100000000000000000000000000000000000000000000000000000000000000000000000
00000000000000000000000000000000111001010000000000000000000000000000000000000000000000000000000000000000000000000000000001111011100000000000000000000000000000000000000000000000000000000000000000000000
00000000000000000000000000000000110100100000000000000000000000000000000000000000000000000000000000000000000000000000000001100101100000000000000000000000000000000000000000000000000000000000000000000000
00000000000000000000000000000000111010000000000000000000000000000000000000000000000000000000000000000000000000000000000010110111100000000000000000000000000000000000000000000000000000000000000000000000
00000000000000000000000000000000110100010000000000000000000000000000000000000000000000000000000000000000000000000000000000100101100000000000000000000000000000000000000000000000000000000000000000000000
00000000000000000000000000000000111001100000000000000000000000000000000000000000000000000000000000000000000000000000000001101011100000000000000000000000000000000000000000000000000000000000000000000000
00000000000000000000000000000000011000100000000000000000000000000000000000000000000000000000000000000000000000001010011000010111000000000000000000000000000000000000000000000000000000000000000000000000
00000000000000000000000000000000011101000000000000000000000000000000000000000000000000000000000000000000000000000001100110100111000000000000000000000000000000000000000000000000000000000000000000000000
00000000000000000000000000000000011100100000000000000000000000000000000000000000000000000000000000000000000000001010011000111110000000000000000000000000000000000000000000000000000000000000000000000000
00000000000000000000000000000000010110000000000000000000000000000000000000000000000000000000000000000000000000000101101010011100000000000000000000000000000000000000000000000000000000000000000000000000
00000000000000000000000000000000101111010000000000000000000000000000000000000000000000000000000000000000000000001001010111111100000000000000000000000000000000000000000000000000000000000000000000000000
00000000000000000000000000000000000111100000000000000000000000000000000000000000000000000000000000000000000000001110100111101010000000000000000000000000000000000000000000000000000000000000000000000000
00000000000000000000000000000000010011100000000000000000000000000000000000000000000000000000000000000000000000001001011011000001000000000000000000000000000000000000000000000000000000000000000000000000
00000000000000000000000000000000000100110000000000000000000000000000000000000000000000000000000000000000000000000100100110100110000000000000000000000000000000000000000000000000000000000000000000000000
00000000000000000000000000000000000110111001001000000000000000000000000000000000000000000000000000000000100101000101101110010010000000000000000000000000000000000000001100000000000000000000000000000000
00000000000000000000000000000000101001011010110000000000000000000000000000000000000000000000000000000000011001010100111101101001000000000000000000000000000000000000001100000000000000000000000000000000
00000000000000000000000000000000010000101101110100000000000000000000000000000000000000000000000000000000101100100011110010000111000000000000000000000000000000000000001100000000000000000000000000000000
00000000000000000000000000000000000110011111001000000000000000000000000000000000000000000000000000000000010011100111101010101001000000000000000000000000000000000000001100000000000000000000000000000000
00000000000000000000000000000000110010011110110100000000000000000000000000000000000000000000000000000000000100001111010001011010000000000000000000000000000000000000001100000000000000000000000000000000
00000000000000000000000000000000001101001011001100000000000000000000000000000000000000000000000000000000101101011100101001100101000000000000000000000000000000000000011100000000000000000000000000000000
00000000000000000000000000000000100001010011111000000000000000000000000000000000000000000000000000000000010110111100000110011000000000000000000000000000000000000000011100000000000000000000000000000000
00000000000000000000000000000000011000101001100100000000000000000000000000000000000000000000000000000000011011111001010101100001000000000000000000000000000000000000011100000000000000000000000000000000
00000000000000000000000000000000000000000010110111010010000000000000000000000000000000001010011000010100000111100000000000000000000000000000000000000000000000000000001100000000000000000000000000000000
00000000000000000000000000000000000000000100111101001011000000000000000000000000000000000001100101101011011111100000000000000000000000000000000000000000000000000000001100000000000000000000000000000000
00000000000000000000000000000000000000000001111010001000000000000000000000000000000000001010011001000101111100010000000000000000000000000000000000000000000000000000001100000000000000000000000000000000
00000000000000000000000000000000000000001001001101110101000000000000000000000000000000000101101000101011110010100000000000000000000000000000000000000000000000000000001100000000000000000000000000000000
00000000000000000000000000000000000000000110101110001000000000000000000000000000000000001001010101101111101100110000000000000000000000000000000000000000000000000000001100000000000000000000000000000000
00000000000000000000000000000000000000000000110111100110000000000000000000000000000000001110100110011110010011010000000000000000000000000000000000000000000000000000001100000000000000000000000000000000
00000000000000000000000000000000000000000011000111100100000000000000000000000000000000001001011001111010001001100000000000000000000000000000000000000000000000000000001100000000000000000000000000000000
00000000000000000000000000000000000000001001000011110011000000000000000000000000000000000100100111111100100100110000000000000000000000000000000000000000000000000000001100000000000000000000000000000000
00000000000000001110000000000000000000000000000001111101110101000000000000000000100110100100011111100010000000000000000000000000000000000000000000000000000000000000001100000000000000000000000000000000
00000000000000001110000000000000000000000000000011011111100000110000000000000000101001011011111101101001000000000000000000000000000000000000000000000000000000000000001100000000000000000000000000000000
00000000000000001110000000000000000000000000000000001111111010010000000000000000100100010111110011001000000000000000000000000000000000000000000000000000000000000000001100000000000000000000000000000000
00000000000000001110000000000000000000000000000001000110111111100000000000000000010011111110010010100101000000000000000000000000000000000000000000000000000000000000001100000000000000000000000000000000
00000000000000001110000000000000000000000000000000101000011111111111111111111111111111111101001000011010000000000000000000000000000000000000000000000000000000000000001100000000000000000000000000000000
00000000000000001110000000000000000000000000000000101101110011111111111111111111111111110000000111000101000000000000000000000000000000000000000000000000000000000000001100000000000000000000000000000000
00000000000000001110000000000000000000000000000011010010011010101111111111111111101000110100111000101010000000000000000000000000000000000000000000000000000000000000001100000000000000000000000000000000
00000000000000001110000000000000000000000000000000100101101001010000000000000000010110101000100101000001000000000000000000000000000000000000000000000000000000000000001100000000000000000000000000000000
00000000000000001110000000000000000000000000000000000000000000000000000000000000000000000000000000000000000000000000000000000000000000000000000000000000000000000000011100000000000000000000000000000000
00000000000000001110000000000000000000000000000000000000000000000000000000000000000000000000000000000000000000000000000000000000000000000000000000000000000000000000000100000000000000000000000000000000
00000000000000001110000000000000000000000000000000000000000000000000000000000000000000000000000000000000000000000000000000000000000000000000000000000000000000000000000000000000000000000000000000000000
00000000000000001111000000000000000000000000000000000000000000000000000000000000000000000000000000000000000000000000000000000000000000000000000000000000000000000000001100000000000000000000000000000000
00000000000000001111100000000000000010000000000000000000000000000000000000000000000000000000000000000000000000001111111100000000000000000000000000000000000000001111111100000000000000000000000000000000
00000000000000001111111100000000000111000000000000000000000000000000000000000000000000000000000000000000000000001111111100000000000000000000000000000000000000001111111100000000000000000000000000000000
00000000000000001111111100000000000111110000000000000000000000000000000000000000000000000000000000000000000000000001111100000000000000000000000000000000000000001111111100000000000000000000000000000000
00000000000000001111111100000000001111110000000000000000000000000000000000000000000000000000000000000000000000000000111100000000000000000000000000000000000000001111111100000000000000000000000000000000
00000000000000000000000000000000000000000000000000000000000000000000000000000000000000000000000000000000000000000000000000000000000000000000000000000000000000000000000000000000000000000000000000000000
00000000000000000000000000000000000000000000000000000000000000000000000000000000000000000000000000000000000000000000000000000000000000000000000000000000000000000000000000000000000000000000000000000000
00000000000000000000000000000000000000000000000000000000000000000000000000000000000000000000000000000000000000000000000000000000000000000000000000000000000000000000000000000000000000000000000000000000
00000000000000000000000000000000000000000000000000000000000000000000000000000000000000000000000000000000000000000000000000000000000000000000000000000000000000000000000000000000000000000000000000000000
00000000000000000000000000000000000000000000000000000000000000000000000000000000000000000000000000000000000000000000000000000000000000000000000000000000000000000000000000000000000000000000000000000000
00000000000000000000000000000000000000000000000000000000000000000000000000000000000000000000000000000000000000000000000000000000000000000000000000000000000000000000000000000000000000000000000000000000
00000000000000000000000000000000000000000000000000000000000000000000000000000000000000000000000000000000000000000000000000000000000000000000000000000000000000000000000000000000000000000000000000000000
00000000000000000000000000000000000000000000000000000000000000000000000000000000000000000000000000000000000000000000000000000000000000000000000000000000000000000000000000000000000000000000000000000000
00000000000000000000000000000000000000000000000000000000000000000000000000000000000000000000000000000000000000000000000000000000000000000000000000000000000000000000000000000000000000000000000000000000
00000000000000000000000000000000000000000000000000000000000000000000000000000000000000000000000000000000000000000000000000000000000000000000000000000000000000000000000000000000000000000000000000000000
00000000000000000000000000000000000000000000000000000000000000000000000000000000000000000000000000000000000000000000000000000000000000000000000000000000000000000000000000000000000000000000000000000000
00000000000000000000000000000000000000000000000000000000000000000000000000000000000000000000000000000000000000000000000000000000000000000000000000000000000000000000000000000000000000000000000000000000
00000000000000000000000000000000000000000000000000000000000000000000000000000000000000000000000000000000000000000000000000000000000000000000000000000000000000000000000000000000000000000000000000000000
00000000000000000000000000000000000000000000000000000000000000000000000000000000000000000000000000000000000000000000000000000000000000000000000000000000000000000000000000000000000000000000000000000000
00000000000000000000000000000000000000000000000000000000000000000000000000000000000000000000000000000000000000000000000000000000000000000000000000000000000000000000000000000000000000000000000000000000
00000000000000000000000000000000000000000000000000000000000000000000000000000000000000000000000000000000000000000000000000000000000000000000000000000000000000000000000000000000000000000000000000000000
00000000000000000000000000000000000000000000000000000000000000000000000000000000000000000000000000000000000000000000000000000000000000000000000000000000000000000000000000000000000000000000000000000000
00000000000000000000000000000000000000000000000000000000000000000000000000000000000000000000000000000000000000000000000000000000000000000000000000000000000000000000000000000000000000000000000000000000
00000000000000000000000000000000000000000000000000000000000000000000000000000000000000000000000000000000000000000000000000000000000000000000000000000000000000000000000000000000000000000000000000000000
00000000000000000000000000000000000000000000000000000000000000000000000000000000000000000000000000000000000000000000000000000000000000000000000000000000000000000000000000000000000000000000000000000000
00000000000000000000000000000000000000000000000000000000000000000000000000000000000000000000000000000000000000000000000000000000000000000000000000000000000000000000000000000000000000000000000000000000
00000000000000000000000000000000000000000000000000000000000000000000000000000000000000000000000000000000000000000000000000000000000000000000000000000000000000000000000000000000000000000000000000000000
00000000000000000000000000000000000000000000000000000000000000000000000000000000000000000000000000000000000000000000000000000000000000000000000000000000000000000000000000000000000000000000000000000000
00000000000000000000000000000000000000000000000000000000000000000000000000000000000000000000000000000000000000000000000000000000000000000000000000000000000000000000000000000000000000000000000000000000
00000000000000000000000000000000000000000000000000000000000000000000000000000000000000000000000000000000000000000000000000000000000000000000000000000000000000000000000000000000000000000000000000000000
00000000000000000000000000000000000000000000000000000000000000000000000000000000000000000000000000000000000000000000000000000000000000000000000000000000000000000000000000000000000000000000000000000000
00000000000000000000000000000000000000000000000000000000000000000000000000000000000000000000000000000000000000000000000000000000000000000000000000000000000000000000000000000000000000000000000000000000
00000000000000000000000000000000000000000000000000000000000000000000000000000000000000000000000000000000000000000000000000000000000000000000000000000000000000000000000000000000000000000000000000000000
00000000000000000000000000000000000000000000000000000000000000000000000000000000000000000000000000000000000000000000000000000000000000000000000000000000000000000000000000000000000000000000000000000000
00000000000000000000000000000000000000000000000000000000000000000000000000000000000000000000000000000000000000000000000000000000000000000000000000000000000000000000000000000000000000000000000000000000
00000000000000000000000000000000000000000000000000000000000000000000000000000000000000000000000000000000000000000000000000000000000000000000000000000000000000000000000000000000000000000000000000000000
00000000000000000000000000000000000000000000000000000000000000000000000000000000000000000000000000000000000000000000000000000000000000000000000000000000000000000000000000000000000000000000000000000000
00000000000000000000000000000000000000000000000000000000000000000000000000000000000000000000000000000000000000000000000000000000000000000000000000000000000000000000000000000000000000000000000000000000
00000000000000000000000000000000000000000000000000000000000000000000000000000000000000000000000000000000000000000000000000000000000000000000000000000000000000000000000000000000000000000000000000000000
00000000000000000000000000000000000000000000000000000000000000000000000000000000000000000000000000000000000000000000000000000000000000000000000000000000000000000000000000000000000000000000000000000000
00000000000000000000000000000000000000000000000000000000000000000000000000000000000000000000000000000000000000000000000000000000000000000000000000000000000000000000000000000000000000000000000000000000
00000000000000000000000000000000000000000000000000000000000000000000000000000000000000000000000000000000000000000000000000000000000000000000000000000000000000000000000000000000000000000000000000000000
00000000000000000000000000000000000000000000000000000000000000000000000000000000000000000000000000000000000000000000000000000000000000000000000000000000000000000000000000000000000000000000000000000000
00000000000000000000000000000000000000000000000000000000000000000000000000000000000000000000000000000000000000000000000000000000000000000000000000000000000000000000000000000000000000000000000000000000
00000000000000000000000000000000000000000000000000000000000000000000000000000000000000000000000000000000000000000000000000000000000000000000000000000000000000000000000000000000000000000000000000000000
00000000000000000000000000000000000000000000000000000000000000000000000000000000000000000000000000000000000000000000000000000000000000000000000000000000000000000000000000000000000000000000000000000000
00000000000000000000000000000000000000000000000000000000000000000000000000000000000000000000000000000000000000000000000000000000000000000000000000000000000000000000000000000000000000000000000000000000
00000000000000000000000000000000000000000000000000000000000000000000000000000000000000000000000000000000000000000000000000000000000000000000000000000000000000000000000000000000000000000000000000000000
00000000000000000000000000000000000000000000000000000000000000000000000000000000000000000000000000000000000000000000000000000000000000000000000000000000000000000000000000000000000000000000000000000000
00000000000000000000000000000000000000000000000000000000000000000000000000000000000000000000000000000000000000000000000000000000000000000000000000000000000000000000000000000000000000000000000000000000
00000000000000000000000000000000000000000000000000000000000000000000000000000000000000000000000000000000000000000000000000000000000000000000000000000000000000000000000000000000000000000000000000000000
00000000000000000000000000000000000000000000000000000000000000000000000000000000000000000000000000000000000000000000000000000000000000000000000000000000000000000000000000000000000000000000000000000000
00000000000000000000000000000000000000000000000000000000000000000000000000000000000000000000000000000000000000000000000000000000000000000000000000000000000000000000000000000000000000000000000000000000
00000000000000000000000000000000000000000000000000000000000000000000000000000000000000000000000000000000000000000000000000000000000000000000000000000000000000000000000000000000000000000000000000000000
00000000000000000000000000000000000000000000000000000000000000000000000000000000000000000000000000000000000000000000000000000000000000000000000000000000000000000000000000000000000000000000000000000000
00000000000000000000000000000000000000000000000000000000000000000000000000000000000000000000000000000000000000000000000000000000000000000000000000000000000000000000000000000000000000000000000000000000
00000000000000000000000000000000000000000000000000000000000000000000000000000000000000000000000000000000000000000000000000000000000000000000000000000000000000000000000000000000000000000000000000000000
00000000000000000000000000000000000000000000000000000000000000000000000000000000000000000000000000000000000000000000000000000000000000000000000000000000000000000000000000000000000000000000000000000000
00000000000000000000000000000000000000000000000000000000000000000000000000000000000000000000000000000000000000000000000000000000000000000000000000000000000000000000000000000000000000000000000000000000
00000000000000000000000000000000000000000000000000000000000000000000000000000000000000000000000000000000000000000000000000000000000000000000000000000000000000000000000000000000000000000000000000000000
00000000000000000000000000000000000000000000000000000000000000000000000000000000000000000000000000000000000000000000000000000000000000000000000000000000000000000000000000000000000000000000000000000000
