200 200
00000000000000000000000000000000000000000000000000000000000000000000000000000000000000000000000000000000000000000000000000000000000000000000000000000000000000000000000000000000000000000000000000000000
00000000000000000000000000000000000000000000000000000000000000000000000000000000000000000000000000000000000000000000000000000000000000000000000000000000000000000000000000000000000000000000000000000000
00000000000000000000000000000000000000000000000000000000000000000000000000000000000000000000000000000000000000000000000000000000000000000000000000000000000000000000000000000000000000000000000000000000
00000000000000000000000000000000000000000000000000000000000000000000000000000000000000000000000000000000000000000000000000000000000000000000000000000000000000000000000000000000000000000000000000000000
00000000000000000000000000000000000000000000000000000000000000000000000000000000000000000000000000000000000000000000000000000000000000000000000000000000000000000000000000000000000000000000000000000000
00000000000000000000000000000000000000000000000000000000000000000000000000000000000000000000000000000000000000000000000000000000000000000000000000000000000000000000000000000000000000000000000000000000
00000000000000000000000000000000000000000000000000000000000000000000000000000000000000000000000000000000000000000000000000000000000000000000000000000000000000000000000000000000000000000000000000000000
00000000000000000000000000000000000000000000000000000000000000000000000000000000000000000000000000000000000000000000000000000000000000000000000000000000000000000000000000000000000000000000000000000000
00000000000000000000000000000000000000000000000000000000000000000000000000000000000000000000000000000000000000000000000000000000000000000000000000000000000000000000000000000000000000000000000000000000
00000000000000000000000000000000000000000000000000000000000000000000000000000000000000000000000000000000000000000000000000000000000000000000000000000000000000000000000000000000000000000000000000000000
00000000000000000000000000000000000000000000000000000000000000000000000000000000000000000000000000000000000000000000000000000000000000000000000000000000000000000000000000000000000000000000000000000000
00000000000000000000000000000000000000000000000000000000000000000000000000000000000000000000000000000000000000000000000000000000000000000000000000000000000000000000000000000000000000000000000000000000
00000000000000000000000000000000000000000000000000000000000000000000000000000000000000000000000000000000000000000000000000000000000000000000000000000000000000000000000000000000000000000000000000000000
00000000000000000000000000000000000000000000000000000000000000000000000000000000000000000000000000000000000000000000000000000000000000000000000000000000000000000000000000000000000000000000000000000000
00000000000000000000000000000000000000000000000000000000000000000000000000000000000000000000000000000000000000000000000000000000000000000000000000000000000000000000000000000000000000000000000000000000
00000000000000000000000000000000000000000000000000000000000000000000000000000000000000000000000000000000000000000000000000000000000000000000000000000000000000000000000000000000000000000000000000000000
00000000000000000000000000000000000000000000000000000000000000000000000000000000000000000000000000000000000000000000000000000000000000000000000000000000000000000000000000000000000000000000000000000000
00000000000000000000000000000000000000000000000000000000000000000000000000000000000000000000000000000000000000000000000000000000000000000000000000000000000000000000000000000000000000000000000000000000
00000000000000000000000000000000000000000000000000000000000000000000000000000000000000000000000000000000000000000000000000000000000000000000000000000000000000000000000000000000000000000000000000000000
00000000000000000000000000000000000000000000000000000000000000000000000000000000000000000000000000000000000000000000000000000000000000000000000000000000000000000000000000000000000000000000000000000000
00000000000000000000000000000000000000000000000000000000000000000000000000000000000000000000000000000000000000000000000000000000000000000000000000000000000000000000000000000000000000000000000000000000
00000000000000000000000000000000000000000000000000000000000000000000000000000000000000000000000000000000000000000000000000000000000000000000000000000000000000000000000000000000000000000000000000000000
00000000000000000000000000000000000000000000000000000000000000000000000000000000000000000000000000000000000000000000000000000000000000000000000000000000000000000000000000000000000000000000000000000000
00000000000000000000000000000000000000000000000000000000000000000000000000000000000000000000000000000000000000000000000000000000000000000000000000000000000000000000000000000000000000000000000000000000
00000000000000000000000000000000000000000000000000000000000000000000000000000000001100000101010100000000010001100000101000000000000000000000000000000000000000000000000000000000000000000000000000000000
00000000000000000000000000000000000000000000000000000000000000000000000000000000101011111010011111111111111111111111010100000000000000000000000000000000000000000000000000000000000000000000000000000000
00000000000000000000000000000000000000000000000000000000000000000000000000000000010010000111111111111111111111111111111100000000000000000000000000000000000000000000000000000000000000000000000000000000
00000000000000000000000000000000000000000000000000000000000000000000000000000000011011111001111000000000101101110100111000000000000000000000000000000000000000000000000000000000000000000000000000000000
00000000000000000000000000000000000000000000000000000000000000000000000000000000101000010111110000000000001001111000000100000000000000000000000000000000000000000000000000000000000000000000000000000000
00000000000000000000000000000000000000000000000000000000000000000000000000000000010111111111101000000000000110110010010000000000000000000000000000000000000000000000000000000000000000000000000000000000
00000000000000000000000000000000000000000000000000000000000000000000000000000000101111111110001100000000000100110010101100000000000000000000000000000000000000000000000000000000000000000000000000000000
00000000000000000000000000000000000000000000000000000000000000000000000000000000010111110001100000000000100101111001001000000000000000000000000000000000000000000000000000000000000000000000000000000000
00000000000000000000000000000000000000000000000000000000000000001010011000101000011111010000000000000000001000110000000000000000000000000000000000000000000000000000000000000000000000000000000000000000
00000000000000000000000000000000000000000000000000000000000000000001100110010111011111100000000000000000001000110000000000000000000000000000000000000000000000000000000000000000000000000000000000000000
00000000000000000000000000000000000000000000000000000000000000001010011001001101111110100000000000000000001000110000000000000000000000000000000000000000000000000000000000000000000000000000000000000000
00000000000000000000000000000000000000000000000000000000000000000101101010011011111001100000000000000000001000110000000000000000000000000000000000000000000000000000000000000000000000000000000000000000
00000000000000000000000000000000000000000000000000000000000000001001010100001111101011000000000000000000001000110000000000000000000000000000000000000000000000000000000000000000000000000000000000000000
00000000000000000000000000000000000000000000000000000000000000001110100100111110010011010000000000000000001000110000000000000000000000000000000000000000000000000000000000000000000000000000000000000000
00000000000000000000000000000000000000000000000000000000000000001001011011111011011000010000000000000000001000110000000000000000000000000000000000000000000000000000000000000000000000000000000000000000
00000000000000000000000000000000000000000000000000000000000000000100100111101100101100100000000000000000001000110000000000000000000000000000000000000000000000000000000000000000000000000000000000000000
00000000000000000000000000000000000000000000000000000000101101111000111110010010000000000000000000000000010001110100011000000000000000000000000000000000000000000000000000000000000000000000000000000000
00000000000000000000000000000000000000000000000000000000011100000101111101101001000000000000000000000000100100110100100000000000000000000000000000000000000000000000000000000000000000000000000000000000
00000000000000000000000000000000000000000000000000000000010011001011110010000111000000000000000000000000011001111000011000000000000000000000000000000000000000000000000000000000000000000000000000000000
00000000000000000000000000000000000000000000000000000000100000011111110110101001000000000000000000000000110110110011000000000000000000000000000000000000000000000000000000000000000000000000000000000000
00000000000000000000000000000000000000000000000000000000010110111111000001011010000000000000000000000000010010111100110100000000000000000000000000000000000000000000000000000000000000000000000000000000
00000000000000000000000000000000000000000000000000000000110011111000101001100101000000000000000000000000001000111010101000000000000000000000000000000000000000000000000000000000000000000000000000000000
00000000000000000000000000000000000000000000000000000000011111101011001110011000000000000000000000000000100101011100011000000000000000000000000000000000000000000000000000000000000000000000000000000000
00000000000000000000000000000000000000000000000000000000111110101010110001100001000000000000000000000000011010011111000100000000000000000000000000000000000000000000000000000000000000000000000000000000
00000000000000000000000000000000000000000000000001110000110100000000000000000000000000000000000000000000000000001110010000000000000000000000000000000000000000000000000000000000000000000000000000000000
00000000000000000000000000000000000000000000000010001101101100010000000000000000000000000000000000000000000000000111010100000000000000000000000000000000000000000000000000000000000000000000000000000000
00000000000000000000000000000000000000000000000001101011110011010000000000000000000000000000000000000000000000001111100000000000000000000000000000000000000000000000000000000000000000000000000000000000
00000000000000000000000000000000000000000000000000100111000101100000000000000000000000000000000000000000000000000011110100000000000000000000000000000000000000000000000000000000000000000000000000000000
00000000000000000000000000000000000000000000000010000110101100000000000000000000000000000000000000000000000000001001111000000000000000000000000000000000000000000000000000000000000000000000000000000000
00000000000000000000000000000000000000000000000001001110110101100000000000000000000000000000000000000000000000000010110100000000000000000000000000000000000000000000000000000000000000000000000000000000
00000000000000000000000000000000000000000000000001011110011010000000000000000000000000000000000000000000000000000110110000000000000000000000000000000000000000000000000000000000000000000000000000000000
00000000000000000000000000000000000000000000000000111101101101010000000000000000000000000000000000000000000000001010111000000000000000000000000000000000000000000000000000000000000000000000000000000000
00000000000000000000000000000000000000000010100101011001000000000000000000000000000000000000000000000000000000000010111111101000000000000000000000000000000000000000000000000000000000000000000000000000
00000000000000000000000000000000000000000101010010111010000000000000000000000000000000000000000000000000000000001000011110001110000000000000000000000000000000000000000000000000000000000000000000000000
00000000000000000000000000000000000000000010110011110010000000000000000000000000000000000000000000000000000000000011001100110000000000000000000000000000000000000000000000000000000000000000000000000000
00000000000000000000000000000000000000001001010011101010000000000000000000000000000000000000000000000000000000001100111110001101000000000000000000000000000000000000000000000000000000000000000000000000
00000000000000000000000000000000000000000111010011100001000000000000000000000000000000000000000000000000000000001001000110111100000000000000000000000000000000000000000000000000000000000000000000000000
00000000000000000000000000000000000000000100100011110000000000000000000000000000000000000000000000000000000000001011001011110101000000000000000000000000000000000000000000000000000000000000000000000000
00000000000000000000000000000000000000001010001111000110000000000000000000000000000000000000000000000000000000001100101011001010000000000000000000000000000000000000000000000000000000000000000000000000
00000000000000000000000000000000000000000001110110110001000000000000000000000000000000000000000000000000000000000010010111110110000000000000000000000000000000000000000000000000000000000000000000000000
00000000000000000000000000000000000000000010101100000000000000000000000000000000000000000000000000000000000000000000000011100110000000000000000000000000000000000000000000000000000000000000000000000000
00000000000000000000000000000000000000001010011100000000000000000000000000000000000000000000000000000000000000000000000011111001000000000000000000000000000000000000000000000000000000000000000000000000
00000000000000000000000000000000000000001010011000000000000000000000000000000000000000000000000000000000000000000000000011100101000000000000000000000000000000000000000000000000000000000000000000000000
00000000000000000000000000000000000000000101111000000000000000000000000000000000000000000000000000000000000000000000000001110001000000000000000000000000000000000000000000000000000000000000000000000000
00000000000000000000000000000000000000001000110100000000000000000000000000000000000000000000000000000000000000000000000001111010000000000000000000000000000000000000000000000000000000000000000000000000
00000000000000000000000000000000000000000011111000000000000000000000000000000000000000000000000000000000000000000000000011110100000000000000000000000000000000000000000000000000000000000000000000000000
00000000000000000000000000000000000000001001100100000000000000000000000000000000000000000000000000000000000000000000000000111100000000000000000000000000000000000000000000000000000000000000000000000000
00000000000000000000000000000000000000000111011000000000000000000000000000000000000000000000000000000000000000000000000001011000000000000000000000000000000000000000000000000000000000000000000000000000
00000000000000000000000000000000001001010011101000000000000000000000000000000000000000000000000000000000000000000000000001011001000000000000000000000000000000000000000000000000000000000000000000000000
00000000000000000000000000000000000101000110010100000000000000000000000000000000000000000000000000000000000000000000000010011110000000000000000000000000000000000000000000000000000000000000000000000000
00000000000000000000000000000000011010101110101000000000000000000000000000000000000000000000000000000000000000000000000001011110000000000000000000000000000000000000000000000000000000000000000000000000
00000000000000000000000000000000000100111100000100000000000000000000000000000000000000000000000000000000000000000000000010101100000000000000000000000000000000000000000000000000000000000000000000000000
00000000000000000000000000000000101111001100111000000000000000000000000000000000000000000000000000000000000000000000000000101110000000000000000000000000000000000000000000000000000000000000000000000000
00000000000000000000000000000000100001111100100000000000000000000000000000000000000000000000000000000000000000000000000010000110000000000000000000000000000000000000000000000000000000000000000000000000
00000000000000000000000000000000010110111011001000000000000000000000000000000000000000000000000000000000000000000000000000010111000000000000000000000000000000000000000000000000000000000000000000000000
00000000000000000000000000000000101001011000000000000000000000000000000000000000000000000000000000000000000000000000000010000110000000000000000000000000000000000000000000000000000000000000000000000000
00000000000000000000000000000000010011110000000000000000000000000000000000000000000000000000000000000000000000000000000010001111010000100000000000000000000000000000000000000000000000000000000000000000
00000000000000000000000000000000110000110000000000000000000000000000000000000000000000000000000000000000000000000000000000000111010100000000000000000000000000000000000000000000000000000000000000000000
00000000000000000000000000000000000101110000000000000000000000000000000000000000000000000000000000000000000000000000000001110011101100100000000000000000000000000000000000000000000000000000000000000000
00000000000000000000000000000000110001110000000000000000000000000000000000000000000000000000000000000000000000000000000010011011010001000000000000000000000000000000000000000000000000000000000000000000
00000000000000000000000000000000000001100000000000000000000000000000000000000000000000000000000000000000000000000000000001001011101110100000000000000000000000000000000000000000000000000000000000000000
00000000000000000000000000000000101011010000000000000000000000000000000000000000000000000000000000000000000000000000000010100101110010000000000000000000000000000000000000000000000000000000000000000000
00000000000000000000000000000000100011000000000000000000000000000000000000000000000000000000000000000000000000000000000001011001111000110000000000000000000000000000000000000000000000000000000000000000
00000000000000000000000000000000010111100000000000000000000000000000000000000000000000000000000000000000000000000000000000100101100000100000000000000000000000000000000000000000000000000000000000000000
00000000000000000000000000000000101111100000000000000000000000000000000000000000000000000000000000000000000000000000000000000001100000000000000000000000000000000000000000000000000000000000000000000000
00000000000000000000000000000000000110100000000000000000000000000000000000000000000000000000000000000000000000000000000000000001100000000000000000000000000000000000000000000000000000000000000000000000
00000000000000000000000000000000011110000000000000000000000000000000000000000000000000000000000000000000000000000000000000000001100000000000000000000000000000000000000000000000000000000000000000000000
00000000000000000000000000000000101101100000000000000000000000000000000000000000000000000000000000000000000000000000000000000001100000000000000000000000000000000000000000000000000000000000000000000000
00000000000000000000000000000000001110100000000000000000000000000000000000000000000000000000000000000000000000000000000000000001100000000000000000000000000000000000000000000000000000000000000000000000
00000000000000000000000000000000101101010000000000000000000000000000000000000000000000000000000000000000000000000000000000000001100000000000000000000000000000000000000000000000000000000000000000000000
00000000000000000000000000000000001110010000000000000000000000000000000000000000000000000000000000000000000000000000000000000001100000000000000000000000000000000000000000000000000000000000000000000000
00000000000000000000000000000000011001000000000000000000000000000000000000000000000000000000000000000000000000000000000000000001100000000000000000000000000000000000000000000000000000000000000000000000
00000000000000000000000000000000111111000000000000000000000000000000000000000000000000000000000000000000000000000000000000000001100000000000000000000000000000000000000000000000000000000000000000000000
00000000000000000000000000000000011010100000000000000000000000000000000000000000000000000000000000000000000000000000000000000001100000000000000000000000000000000000000000000000000000000000000000000000
00000000000000000000000000000000111101000000000000000000000000000000000000000000000000000000000000000000000000000000000000000001100000000000000000000000000000000000000000000000000000000000000000000000
00000000000000000000000000000000111011100000000000000000000000000000000000000000000000000000000000000000000000000000000000000001100000000000000000000000000000000000000000000000000000000000000000000000
00000000000000000000000000000000110100000000000000000000000000000000000000000000000000000000000000000000000000000000000000000001100000000000000000000000000000000000000000000000000000000000000000000000
00000000000000000000000000000000110001110000000000000000000000000000000000000000000000000000000000000000000000000000000000000001100000000000000000000000000000000000000000000000000000000000000000000000
00000000000000000000000000000000110101000000000000000000000000000000000000000000000000000000000000000000000000000000000000000001100000000000000000000000000000000000000000000000000000000000000000000000
00000000000000000000000000000000111010100000000000000000000000000000000000000000000000000000000000000000000000000000000000000001100000000000000000000000000000000000000000000000000000000000000000000000
00000000000000000000000000000000110001000000000000000000000000000000000000000000000000000000000000000000000000000000000000000001100000000000000000000000000000000000000000000000000000000000000000000000
00000000000000000000000000000000110001000000000000000000000000000000000000000000000000000000000000000000000000000000000000000001100000000000000000000000000000000000000000000000000000000000000000000000
00000000000000000000000000000000110001000000000000000000000000000000000000000000000000000000000000000000000000000000000000000001100000000000000000000000000000000000000000000000000000000000000000000000
00000000000000000000000000000000110001000000000000000000000000000000000000000000000000000000000000000000000000000000000000000001100000000000000000000000000000000000000000000000000000000000000000000000
00000000000000000000000000000000110001000000000000000000000000000000000000000000000000000000000000000000000000000000000000000001100000000000000000000000000000000000000000000000000000000000000000000000
00000000000000000000000000000000110001000000000000000000000000000000000000000000000000000000000000000000000000000000000000000001100000000000000000000000000000000000000000000000000000000000000000000000
00000000000000000000000000000000110001000000000000000000000000000000000000000000000000000000000000000000000000000000000000000001100000000000000000000000000000000000000000000000000000000000000000000000
00000000000000000000000000000000110001000000000000000000000000000000000000000000000000000000000000000000000000000000000000000001100000000000000000000000000000000000000000000000000000000000000000000000
00000000000000000000000000000000110001000000000000000000000000000000000000000000000000000000000000000000000000000000000000000001100000000000000000000000000000000000001100000000000000000000000000000000
00000000000000000000000000000000110001000000000000000000000000000000000000000000000000000000000000000000000000000000000000000001100000000000000000000000000000000000001100000000000000000000000000000000
00000000000000000000000000000000110001000000000000000000000000000000000000000000000000000000000000000000000000000000000000000001100000000000000000000000000000000000001100000000000000000000000000000000
00000000000000000000000000000000110001000000000000000000000000000000000000000000000000000000000000000000000000000000000000000001100000000000000000000000000000000000001100000000000000000000000000000000
00000000000000000000000000000000110001000000000000000000000000000000000000000000000000000000000000000000000000000000000000000001100000000000000000000000000000000000001100000000000000000000000000000000
00000000000000000000000000000000110001000000000000000000000000000000000000000000000000000000000000000000000000000000000000000001100000000000000000000000000000000000011100000000000000000000000000000000
00000000000000000000000000000000110001000000000000000000000000000000000000000000000000000000000000000000000000000000000000000001100000000000000000000000000000000000011100000000000000000000000000000000
00000000000000000000000000000000110001000000000000000000000000000000000000000000000000000000000000000000000000000000000000000001100000000000000000000000000000000000011100000000000000000000000000000000
00000000000000000000000000000000110110010000000000000000000000000000000000000000000000000000000000000000000000000000000000000001100000000000000000000000000000000000001100000000000000000000000000000000
00000000000000000000000000000000110001010000000000000000000000000000000000000000000000000000000000000000000000000000000000000001100000000000000000000000000000000000001100000000000000000000000000000000
00000000000000000000000000000000111010010000000000000000000000000000000000000000000000000000000000000000000000000000000000000001100000000000000000000000000000000000001100000000000000000000000000000000
00000000000000000000000000000000110100100000000000000000000000000000000000000000000000000000000000000000000000000000000000000001100000000000000000000000000000000000001100000000000000000000000000000000
00000000000000000000000000000000111001010000000000000000000000000000000000000000000000000000000000000000000000000000000000000001100000000000000000000000000000000000001100000000000000000000000000000000
00000000000000000000000000000000111010000000000000000000000000000000000000000000000000000000000000000000000000000000000000000001100000000000000000000000000000000000001100000000000000000000000000000000
00000000000000000000000000000000111101010000000000000000000000000000000000000000000000000000000000000000000000000000000000000001100000000000000000000000000000000000001100000000000000000000000000000000
00000000000000000000000000000000011110100000000000000000000000000000000000000000000000000000000000000000000000000000000000000001100000000000000000000000000000000000001100000000000000000000000000000000
00000000000000001110000000000000011010000000000000000000000000000000000000000000000000000000000000000000000000000000000010110001100010100000000000000000000000000000001100000000000000000000000000000000
00000000000000001110000000000000011100100000000000000000000000000000000000000000000000000000000000000000000000000000000001001111111001010000000000000000000000000000001100000000000000000000000000000000
00000000000000001110000000000000011001000000000000000000000000000000000000000000000000000000000000000000000000000000000000110011100110100000000000000000000000000000001100000000000000000000000000000000
00000000000000001110000000000000101101110000000000000000000000000000000000000000000000000000000000000000000000000000000010010011101000010000000000000000000000000000001100000000000000000000000000000000
00000000000000001110000000000000011100100000000000000000000000000000000000000000000000000000000000000000000000000000000001000101100101100000000000000000000000000000001100000000000000000000000000000000
00000000000000001110000000000000111111010000000000000000000000000000000000000000000000000000000000000000000000000000000010010001111010000000000000000000000000000000001100000000000000000000000000000000
00000000000000001110000000000000011100010000000000000000000000000000000000000000000000000000000000000000000000000000000001011111100100100000000000000000000000000000001100000000000000000000000000000000
00000000000000001110000000000000100111100000000000000000000000000000000000000000000000000000000000000000000000000000000010100111010011010000000000000000000000000000001100000000000000000000000000000000
00000000000000001110000000000000101111000000000000000000000000000000000000000000000000000000000000000000000000000000000011001011000000000000000000000000000000000000011100000000000000000000000000000000
00000000000000001110000000000000000110010000000000000000000000000000000000000000000000000000000000000000000000000000000000101011000000000000000000000000000000000000000100000000000000000000000000000000
00000000000000001110000000000000011111000000000000000000000000000000000000000000000000000000000000000000000000000000000011010011000000000000000000000000000000000000000000000000000000000000000000000000
00000000000000001111000000000000000011100000000000000000000000000000000000000000000000000000000000000000000000000000000000111011000000000000000000000000000000000000001100000000000000000000000000000000
00000000000000001111100000000000000111000000000000000000000000000000000000000000000000000000000000000000000000001111111100100101000000000000000000000000000000001111111100000000000000000000000000000000
00000000000000001111111100000000001011110000000000000000000000000000000000000000000000000000000000000000000000001111111101011011000000000000000000000000000000001111111100000000000000000000000000000000
00000000000000001111111100000000101101110000000000000000000000000000000000000000000000000000000000000000000000000001111101101011000000000000000000000000000000001111111100000000000000000000000000000000
00000000000000001111111100000000010101110000000000000000000000000000000000000000000000000000000000000000000000000000111110010011000000000000000000000000000000001111111100000000000000000000000000000000
00000000000000000000000000000000110010110010010000000000000000000000000000000000000000000000000000000000000000000000000001001011000000000000000000000000000000000000000000000000000000000000000000000000
00000000000000000000000000000000001001111010100100000000000000000000000000000000000000000000000000000000000000000000000000010011000000000000000000000000000000000000000000000000000000000000000000000000
00000000000000000000000000000000100100111010010000000000000000000000000000000000000000000000000000000000000000000000000011100011000000000000000000000000000000000000000000000000000000000000000000000000
00000000000000000000000000000000011011111101100100000000000000000000000000000000000000000000000000000000000000000000000000001110000000000000000000000000000000000000000000000000000000000000000000000000
00000000000000000000000000000000000100111111010100000000000000000000000000000000000000000000000000000000000000000000000000100110000000000000000000000000000000000000000000000000000000000000000000000000
00000000000000000000000000000000100011101100110000000000000000000000000000000000000000000000000000000000000000000000000010010110000000000000000000000000000000000000000000000000000000000000000000000000
00000000000000000000000000000000001000010110100100000000000000000000000000000000000000000000000000000000000000000000000000110111000000000000000000000000000000000000000000000000000000000000000000000000
00000000000000000000000000000000110010100111001000000000000000000000000000000000000000000000000000000000000000000000000011000110000000000000000000000000000000000000000000000000000000000000000000000000
00000000000000000000000000000000000000000111110001100101000000000000000000000000000000000000000000000000000000000000000010000110000000000000000000000000000000000000000000000000000000000000000000000000
00000000000000000000000000000000000000000011000110011000000000000000000000000000000000000000000000000000000000000000000000011110000000000000000000000000000000000000000000000000000000000000000000000000
00000000000000000000000000000000000000001001101001100101000000000000000000000000000000000000000000000000000000000000000011101100000000000000000000000000000000000000000000000000000000000000000000000000
00000000000000000000000000000000000000001001100001011010000000000000000000000000000000000000000000000000000000000000000010111111000000000000000000000000000000000000000000000000000000000000000000000000
00000000000000000000000000000000000000001111110110101001000000000000000000000000000000000000000000000000000000000000000001001110000000000000000000000000000000000000000000000000000000000000000000000000
00000000000000000000000000000000000000001001111010010111000000000000000000000000000000000000000000000000000000000000000001001101000000000000000000000000000000000000000000000000000000000000000000000000
00000000000000000000000000000000000000000100111101101001000000000000000000000000000000000000000000000000000000000000000000111110000000000000000000000000000000000000000000000000000000000000000000000000
00000000000000000000000000000000000000001011011110010010000000000000000000000000000000000000000000000000000000000000000010010100000000000000000000000000000000000000000000000000000000000000000000000000
00000000000000000000000000000000000000000100100111011000000000000000000000000000000000000000000000000000000000000000000000011100000000000000000000000000000000000000000000000000000000000000000000000000
00000000000000000000000000000000000000001001011011100101000000000000000000000000000000000000000000000000000000000000000001001111000000000000000000000000000000000000000000000000000000000000000000000000
00000000000000000000000000000000000000001110000101110100000000000000000000000000000000000000000000000000000000000000000000101101000000000000000000000000000000000000000000000000000000000000000000000000
00000000000000000000000000000000000000001001010111110101000000000000000000000000000000000000000000000000000000000000000011011100000000000000000000000000000000000000000000000000000000000000000000000000
00000000000000000000000000000000000000000101101001111010000000000000000000000000000000000000000000000000000000000000000010011101000000000000000000000000000000000000000000000000000000000000000000000000
00000000000000000000000000000000000000001010011001011101000000000000000000000000000000000000000000000000000000000000000000111010000000000000000000000000000000000000000000000000000000000000000000000000
00000000000000000000000000000000000000000001100110101110000000000000000000000000000000000000000000000000000000000000000011111101000000000000000000000000000000000000000000000000000000000000000000000000
00000000000000000000000000000000000000001000011000011110000000000000000000000000000000000000000000000000000000000000000000111010000000000000000000000000000000000000000000000000000000000000000000000000
00000000000000000000000000000000000000000000000000001011101001100000000000000000000000000000000000000000000000000101000111111000000000000000000000000000000000000000000000000000000000000000000000000000
00000000000000000000000000000000000000000000000010001101101100110000000000000000000000000000000000000000000000000011010101110110000000000000000000000000000000000000000000000000000000000000000000000000
00000000000000000000000000000000000000000000000010110011110011000000000000000000000000000000000000000000000000001100010111011010000000000000000000000000000000000000000000000000000000000000000000000000
00000000000000000000000000000000000000000000000001101000111010110000000000000000000000000000000000000000000000000010001111010001000000000000000000000000000000000000000000000000000000000000000000000000
00000000000000000000000000000000000000000000000000001101011100000000000000000000000000000000000000000000000000001011010110011110000000000000000000000000000000000000000000000000000000000000000000000000
00000000000000000000000000000000000000000000000001101011101111110000000000000000000000000000000000000000000000000100111101100001000000000000000000000000000000000000000000000000000000000000000000000000
00000000000000000000000000000000000000000000000000010110110011110000000000000000000000000000000000000000000000001010011110001101000000000000000000000000000000000000000000000000000000000000000000000000
00000000000000000000000000000000000000000000000010101101010101110000000000000000000000000000000000000000000000000101111111100010000000000000000000000000000000000000000000000000000000000000000000000000
00000000000000000000000000000000000000000000000000000000000110111011010000101001000000000000000000000000010010111011110000000000000000000000000000000000000000000000000000000000000000000000000000000000
00000000000000000000000000000000000000000000000000000000101001011101000110100110000000000000000000000000110100101111100100000000000000000000000000000000000000000000000000000000000000000000000000000000
00000000000000000000000000000000000000000000000000000000010000101110101001001101000000000000000000000000000100011110110100000000000000000000000000000000000000000000000000000000000000000000000000000000
00000000000000000000000000000000000000000000000000000000000110011111000101110010000000000000000000000000101011101110001000000000000000000000000000000000000000000000000000000000000000000000000000000000
00000000000000000000000000000000000000000000000000000000110010010111111100001000000000000000000000000000000100011100100000000000000000000000000000000000000000000000000000000000000000000000000000000000
00000000000000000000000000000000000000000000000000000000001101000011111110101101000000000000000000000000011001111100001100000000000000000000000000000000000000000000000000000000000000000000000000000000
00000000000000000000000000000000000000000000000000000000100001010100101111011010000000000000000000000000001001111011010000000000000000000000000000000000000000000000000000000000000000000000000000000000
00000000000000000000000000000000000000000000000000000000011000101010011011110110000000000000000000000000110011110100110100000000000000000000000000000000000000000000000000000000000000000000000000000000
00000000000000000000000000000000000000000000000000000000000000000000000000111010000000000000000000000000011111100000000000000000000000000000000000000000000000000000000000000000000000000000000000000000
00000000000000000000000000000000000000000000000000000000000000000000000001011111111111111111111111111111011110010000000000000000000000000000000000000000000000000000000000000000000000000000000000000000
00000000000000000000000000000000000000000000000000000000000000000000000001101111111111111111111111111111111000000000000000000000000000000000000000000000000000000000000000000000000000000000000000000000
00000000000000000000000000000000000000000000000000000000000000000000000001000101111111111111111111111111110110010000000000000000000000000000000000000000000000000000000000000000000000000000000000000000
00000000000000000000000000000000000000000000000000000000000000000000000001011010000000000000000000000000100001000000000000000000000000000000000000000000000000000000000000000000000000000000000000000000
00000000000000000000000000000000000000000000000000000000000000000000000010100010000000000000000000000000011000110000000000000000000000000000000000000000000000000000000000000000000000000000000000000000
00000000000000000000000000000000000000000000000000000000000000000000000000110010000000000000000000000000010100100000000000000000000000000000000000000000000000000000000000000000000000000000000000000000
00000000000000000000000000000000000000000000000000000000000000000000000000001010000000000000000000000000001001010000000000000000000000000000000000000000000000000000000000000000000000000000000000000000
00000000000000000000000000000000000000000000000000000000000000000000000000000000000000000000000000000000000000000000000000000000000000000000000000000000000000000000000000000000000000000000000000000000
00000000000000000000000000000000000000000000000000000000000000000000000000000000000000000000000000000000000000000000000000000000000000000000000000000000000000000000000000000000000000000000000000000000
00000000000000000000000000000000000000000000000000000000000000000000000000000000000000000000000000000000000000000000000000000000000000000000000000000000000000000000000000000000000000000000000000000000
00000000000000000000000000000000000000000000000000000000000000000000000000000000000000000000000000000000000000000000000000000000000000000000000000000000000000000000000000000000000000000000000000000000
00000000000000000000000000000000000000000000000000000000000000000000000000000000000000000000000000000000000000000000000000000000000000000000000000000000000000000000000000000000000000000000000000000000
00000000000000000000000000000000000000000000000000000000000000000000000000000000000000000000000000000000000000000000000000000000000000000000000000000000000000000000000000000000000000000000000000000000
00000000000000000000000000000000000000000000000000000000000000000000000000000000000000000000000000000000000000000000000000000000000000000000000000000000000000000000000000000000000000000000000000000000
00000000000000000000000000000000000000000000000000000000000000000000000000000000000000000000000000000000000000000000000000000000000000000000000000000000000000000000000000000000000000000000000000000000
