200 200
00000000000000000000000000000000000000000000000000000000000000000000000000000000000000000000000000000000000000000000000000000000000000000000000000000000000000000000000000000000000000000000000000000000
00000000000000000000000000000000000000000000000000000000000000000000000000000000000000000000000000000000000000000000000000000000000000000000000000000000000000000000000000000000000000000000000000000000
00000000000000000000000000000000000000000000000000000000000000000000000000000000000000000000000000000000000000000000000000000000000000000000000000000000000000000000000000000000000000000000000000000000
00000000000000000000000000000000000000000000000000000000000000000000000000000000000000000000000000000000000000000000000000000000000000000000000000000000000000000000000000000000000000000000000000000000
00000000000000000000000000000000000000000000000000000000000000000000000000000000000000000000000000000000000000000000000000000000000000000000000000000000000000000000000000000000000000000000000000000000
00000000000000000000000000000000000000000000000000000000000000000000000000000000000000000000000000000000000000000000000000000000000000000000000000000000000000000000000000000000000000000000000000000000
00000000000000000000000000000000000000000000000000000000000000000000000000000000000000000000000000000000000000000000000000000000000000000000000000000000000000000000000000000000000000000000000000000000
00000000000000000000000000000000000000000000000000000000000000000000000000000000000000000000000000000000000000000000000000000000000000000000000000000000000000000000000000000000000000000000000000000000
00000000000000000000000000000000000000000000000000000000000000000000000000000000000000000000000000000000000000000000000000000000000000000000000000000000000000000000000000000000000000000000000000000000
00000000000000000000000000000000000000000000000000000000000000000000000000000000000000000000000000000000000000000000000000000000000000000000000000000000000000000000000000000000000000000000000000000000
00000000000000000000000000000000000000000000000000000000000000000000000000000000000000000000000000000000000000000000000000000000000000000000000000000000000000000000000000000000000000000000000000000000
00000000000000000000000000000000000000000000000000000000000000000000000000000000000000000000000000000000000000000000000000000000000000000000000000000000000000000000000000000000000000000000000000000000
00000000000000000000000000000000000000000000000000000000000000000000000000000000000000000000000000000000000000000000000000000000000000000000000000000000000000000000000000000000000000000000000000000000
00000000000000000000000000000000000000000000000000000000000000000000000000000000000000000000000000000000000000000000000000000000000000000000000000000000000000000000000000000000000000000000000000000000
00000000000000000000000000000000000000000000000000000000000000000000000000000000000000000000000000000000000000000000000000000000000000000000000000000000000000000000000000000000000000000000000000000000
00000000000000000000000000000000000000000000000000000000000000000000000000000000000000000000000000000000000000000000000000000000000000000000000000000000000000000000000000000000000000000000000000000000
00000000000000000000000000000000000000000000000000000000000000000000000000000000000000000000000000000000000000000000000000000000000000000000000000000000000000000000000000000000000000000000000000000000
00000000000000000000000000000000000000000000000000000000000000000000000000000000000000000000000000000000000000000000000000000000000000000000000000000000000000000000000000000000000000000000000000000000
00000000000000000000000000000000000000000000000000000000000000000000000000000000000000000000000000000000000000000000000000000000000000000000000000000000000000000000000000000000000000000000000000000000
00000000000000000000000000000000000000000000000000000000000000000000000000000000000000000000000000000000000000000000000000000000000000000000000000000000000000000000000000000000000000000000000000000000
00000000000000000000000000000000000000000000000000000000000000000000000000000000000000000000000000000000000000000000000000000000000000000000000000000000000000000000000000000000000000000000000000000000
00000000000000000000000000000000000000000000000000000000000000000000000000000000000000000000000000000000000000000000000000000000000000000000000000000000000000000000000000000000000000000000000000000000
00000000000000000000000000000000000000000000000000000000000000000000000000000000000000000000000000000000000000000000000000000000000000000000000000000000000000000000000000000000000000000000000000000000
00000000000000000000000000000000000000000000000000000000000000000000000000000000000000000000000000000000000000000000000000000000000000000000000000000000000000000000000000000000000000000000000000000000
00000000000000000000000000000000000000000000000000000000000000000000000000000000000000000000000000000000000000000000000000000000000000000000000000000000000000000000000000000000000000000000000000000000
00000000000000000000000000000000000000000000000000000000000000000000000000000000000000000000000000000000000000000000000000000000000000000000000000000000000000000000000000000000000000000000000000000000
00000000000000000000000000000000000000000000000000000000000000000000000000000000000000000000000000000000000000000000000000000000000000000000000000000000000000000000000000000000000000000000000000000000
00000000000000000000000000000000000000000000000000000000000000000000000000000000000000000000000000000000000000000000000000000000000000000000000000000000000000000000000000000000000000000000000000000000
00000000000000000000000000000000000000000000000000000000000000000000000000000000000000000000000000000000000000000000000000000000000000000000000000000000000000000000000000000000000000000000000000000000
00000000000000000000000000000000000000000000000000000000000000000000000000000000000000000000000000000000000000000000000000000000000000000000000000000000000000000000000000000000000000000000000000000000
00000000000000000000000000000000000000000000000000000000000000000000000000000000000000000000000000000000000000000000000000000000000000000000000000000000000000000000000000000000000000000000000000000000
00000000000000000000000000000000000000000000000000000000000000000000000000000000000000000000000000000000000000000000000000000000000000000000000000000000000000000000000000000000000000000000000000000000
00000000000000000000000000000000000000000000000000000000000000000000000000000000000000000000000000000000000000000000000000000000000000000000000000000000000000000000000000000000000000000000000000000000
00000000000000000000000000000000000000000000000000000000000000000000000000000000000000000000000000000000000000000000000000000000000000000000000000000000000000000000000000000000000000000000000000000000
00000000000000000000000000000000000000000000000000000000000000000000000000000000000000000000000000000000000000000000000000000000000000000000000000000000000000000000000000000000000000000000000000000000
00000000000000000000000000000000000000000000000000000000000000000000000000000000000000000000000000000000000000000000000000000000000000000000000000000000000000000000000000000000000000000000000000000000
00000000000000000000000000000000000000000000000000000000000000000000000000000000000000000000000000000000000000000000000000000000000000000000000000000000000000000000000000000000000000000000000000000000
00000000000000000000000000000000000000000000000000000000000000000000000000000000000000000000000000000000000000000000000000000000000000000000000000000000000000000000000000000000000000000000000000000000
00000000000000000000000000000000000000000000000000000000000000000000000000000000000000000000000000000000000000000000000000000000000000000000000000000000000000000000000000000000000000000000000000000000
00000000000000000000000000000000000000000000000000000000000000000000000000000000000000000000000000000000000000000000000000000000000000000000000000000000000000000000000000000000000000000000000000000000
00000000000000000000000000000000100000100010100110110110110100000000000000000000000000001110000001000101000000000010010010101000000000000000000000000000000000000000000000000000000000000000000000000000
00000000000000000000000000000000010101000010010101001010001011111111111111111111111111111111111000100010000000001011011001000001000000000000000000000000000000000000000000000000000000000000000000000000
00000000000000000000000000000000101000111111101010011101111111111111111111111111111111111111111111110000000000001010000101101001000000000000000000000000000000000000000000000000000000000000000000000000
00000000000000000000000000000000010110000100010101100111111111010000000000000000000000000010101111111111111111110101111010001010000000000000000000000000000000000000000000000000000000000000000000000000
00000000000000000000000000000000101001011010110011111111110000000000000000000000000000000100100110001111111111111111111010100101000000000000000000000000000000000000000000000000000000000000000000000000
00000000000000000000000000000000000100111011111111111010100100100000000000000000000000000110001001110001000000001111111110011000000000000000000000000000000000000000000000000000000000000000000000000000
00000000000000000000000000000000100101101111111101001101011001010000000000000000000000000001101011001100000000001101111111000111000000000000000000000000000000000000000000000000000000000000000000000000
00000000000000000000000000000000010001111110101001010000100010100000000000000000000000001001000000010100000000001010101111111111000000000000000000000000000000000000000000000000000000000000000000000000
00000000000000001010100101010010010011111001001000000000000000000000000000000000000000000000000000000000000000000000000011111111101000100000000000000000000000000000000000000000000000000000000000000000
00000000000000000101011010100001001111100110100100000000000000000000000000000000000000000000000000000000000000000000000000111010100010010000000000000000000000000000000000000000000000000000000000000000
00000000000000001000110101101101111110101000011100000000000000000000000000000000000000000000000000000000000000000000000011011101101010100000000000000000000000000000000000000000000000000000000000000000
00000000000000000101101101100011111010001010100100000000000000000000000000000000000000000000000000000000000000000000000001011110010111000000000000000000000000000000000000000000000000000000000000000000
00000000000000001010001010001111100101110101101000000000000000000000000000000000000000000000000000000000000000000000000001001111100110110000000000000000000000000000000000000000000000000000000000000000
00000000000000001100010101111110110100100110010100000000000000000000000000000000000000000000000000000000000000000000000011000111101001000000000000000000000000000000000000000000000000000000000000000000
00000000000000000010100011111010000101011001100000000000000000000000000000000000000000000000000000000000000000000000000010100001101001010000000000000000000000000000000000000000000000000000000000000000
00000000000000000100011111001101110011000110000100000000000000000000000000000000000000000000000000000000000000000000000001000011110010000000000000000000000000000000000000000000000000000000000000000000
00000000010000010101111100000000000000000000000000000000000000000000000000000000000000000000000000000000000000000000000000000000111001010000000000000000000000000000000000000000000000000000000000000000
00000000010011000011111100000000000000000000000000000000000000000000000000000000000000000000000000000000000000000000000000000000111101100000000000000000000000000000000000000000000000000000000000000000
00000000110101111111100000000000000000000000000000000000000000000000000000000000000000000000000000000000000000000000000000000000011110110000000000000000000000000000000000000000000000000000000000000000
00000000001110011110011000000000000000000000000000000000000000000000000000000000000000000000000000000000000000000000000000000000101110000000000000000000000000000000000000000000000000000000000000000000
00000000010010111011100000000000000000000000000000000000000000000000000000000000000000000000000000000000000000000000000000000000010111010000000000000000000000000000000000000000000000000000000000000000
00000000001011111000001000000000000000000000000000000000000000000000000000000000000000000000000000000000000000000000000000000000001111110000000000000000000000000000000000000000000000000000000000000000
00000000110111010110100000000000000000000000000000000000000000000000000000000000000000000000000000000000000000000000000000000000100101100000000000000000000000000000000000000000000000000000000000000000
00000000011110101001000100000000000000000000000000000000000000000000000000000000000000000000000000000000000000000000000000000000011011110000000000000000000000000000000000000000000000000000000000000000
10010011111110000000000000000000000000000000000000000000000000000000000000000000000000000000000000000000000000000000000000000000001001110101101000000000000000000000000000000000000000000000000000000000
00101101011101100000000000000000000000000000000000000000000000000000000000000000000000000000000000000000000000000000000000000000010010111010010100000000000000000000000000000000000000000000000000000000
01110010110110100000000000000000000000000000000000000000000000000000000000000000000000000000000000000000000000000000000000000000101100110001111000000000000000000000000000000000000000000000000000000000
00000101110100010000000000000000000000000000000000000000000000000000000000000000000000000000000000000000000000000000000000000000101100111100001000000000000000000000000000000000000000000000000000000000
01101111100111100000000000000000000000000000000000000000000000000000000000000000000000000000000000000000000000000000000000000000011011011011011000000000000000000000000000000000000000000000000000000000
01011111011000010000000000000000000000000000000000000000000000000000000000000000000000000000000000000000000000000000000000000000010100111000100100000000000000000000000000000000000000000000000000000000
00101101100011010000000000000000000000000000000000000000000000000000000000000000000000000000000000000000000000000000000000000000000010111101011000000000000000000000000000000000000000000000000000000000
00101110111000100000000000000000000000000000000000000000000000000000000000000000000000000000000000000000000000000000000000000000101100011101100100000000000000000000000000000000000000000000000000000000
10011100000000000000000000000000000000000000000000000000000000000000000000000000000000000000000000000000000000000000000000000000000000011000000000000000000000000000000000000000000000000000000000000000
00111000000000000000000000000000000000000000000000000000000000000000000000000000000000000000000000000000000000000000000000000000000000011000000000000000000000000000000000000000000000000000000000000000
01111100000000000000000000000000000000000000000000000000000000000000000000000000000000000000000000000000000000000000000000000000000000011000000000000000000000000000000000000000000000000000000000000000
01111010000000000000000000000000000000000000000000000000000000000000000000000000000000000000000000000000000000000000000000000000000000011000000000000000000000000000000000000000000000000000000000000000
11100001000000000000000000000000000000000000000000000000000000000000000000000000000000000000000000000000000000000000000000000000000000011000000000000000000000000000000000000000000000000000000000000000
11101101000000000000000000000000000000000000000000000000000000000000000000000000000000000000000000000000000000000000000000000000000000011000000000000000000000000000000000000000000000000000000000000000
11110010000000000000000000000000000000000000000000000000000000000000000000000000000000000000000000000000000000000000000000000000000000011000000000000000000000000000000000000000000000000000000000000000
11101100000000000000000000000000000000000000000000000000000000000000000000000000000000000000000000000000000000000000000000000000000000011000000000000000000000000000000000000000000000000000000000000000
11000100000000000000000000000000000000000000000000000000000000000000000000000000000000000000000000000000000000000000000000000000000000011000000000000000000000000000000000000000000000000000000000000000
11000100000000000000000000000000000000000000000000000000000000000000000000000000000000000000000000000000000000000000000000000000000000011000000000000000000000000000000000000000000000000000000000000000
11000100000000000000000000000000000000000000000000000000000000000000000000000000000000000000000000000000000000000000000000000000000000011000000000000000000000000000000000000000000000000000000000000000
11000100000000000000000000000000000000000000000000000000000000000000000000000000000000000000000000000000000000000000000000000000000000011000000000000000000000000000000000000000000000000000000000000000
11000100000000000000000000000000000000000000000000000000000000000000000000000000000000000000000000000000000000000000000000000000000000011000000000000000000000000000000000000000000000000000000000000000
11000100000000000000000000000000000000000000000000000000000000000000000000000000000000000000000000000000000000000000000000000000000000011000000000000000000000000000000000000000000000000000000000000000
11000100000000000000000000000000000000000000000000000000000000000000000000000000000000000000000000000000000000000000000000000000000000011000000000000000000000000000000000000000000000000000000000000000
11000100000000000000000000000000000000000000000000000000000000000000000000000000000000000000000000000000000000000000000000000000000000011000000000000000000000000000000000000000000000000000000000000000
11000100000000000000000000000000000000000000000000000000000000000000000000000000000000000000000000000000000000000000000000000000110110111000000000000000000000000000000000000000000000000000000000000000
11000100000000000000000000000000000000000000000000000000000000000000000000000000000000000000000000000000000000000000000000000000001001011000000000000000000000000000000000000000000000000000000000000000
11000100000000000000000000000000000000000000000000000000000000000000000000000000000000000000000000000000000000000000000000000000100100011000000000000000000000000000000000000000000000000000000000000000
11000100000000000000000000000000000000000000000000000000000000000000000000000000000000000000000000000000000000000000000000000000011110111000000000000000000000000000000000000000000000000000000000000000
11000100000000000000000000000000000000000000000000000000000000000000000000000000000000000000000000000000000000000000000000000000011001011000000000000000000000000000000000000000000000000000000000000000
11000100000000000000000000000000000000000000000000000000000000000000000000000000000000000000000000000000000000000000000000000000101101111000000000000000000000000000000000000000000000000000000000000000
11000100000000000000000000000000000000000000000000000000000000000000000000000000000000000000000000000000000000000000000000000000001001011000000000000000000000000000000000000000000000000000000000000000
11000100000000000000000000000000000000000000000000000000000000000000000000000000000000000000000000000000000000000000000000000000011010111000000000000000000000000000000000000000000000000000000000000000
11011001000000000000000000000000000000000000000000000000000000000000000000000000000000000000000000000000000000000000000000000000100101110000000000000000000000000000000000000000000000000000000000000000
11000101000000000000000000000000000000000000000000000000000000000000000000000000000000000000000000000000000000000000000000000000101110110000000000000000000000000000000000000000000000000000000000000000
11101001000000000000000000000000000000000000000000000000000000000000000000000000000000000000000000000000000000000000000000000000010011110000000000000000000000000000000000000000000000000000000000000000
11010010000000000000000000000000000000000000000000000000000000000000000000000000000000000000000000000000000000000000000000000000010100110000000000000000000000000000000000000000000000000000000000000000
11100101000000000000000000000000000000000000000000000000000000000000000000000000000000000000000000000000000000000000000000000000001001110000000000000000000000000000000000000000000000000000000000000000
11101000000000000000000000000000000000000000000000000000000000000000000000000000000000000000000000000000000000000000000000000000100101100000000000000000000000000000000000000000000000000000000000000000
11110101000000000000000000000000000000000000000000000000000000000000000000000000000000000000000000000000000000000000000000000000110011100000000000000000000000000000000000000000000000000000000000000000
01111010000000000000000000000000000000000000000000000000000000000000000000000000000000000000000000000000000000000000000000000000001111100000000000000000000000000000000000000000000000000000000000000000
01100100000000000000000000000000000000000000000000000000000000000000000000000000000000000000000000000000000000000000000000000000001111010000000000000000000000000000000000000000000000000000000000000000
00111001000000000000000000000000000000000000000000000000000000000000000000000000000000000000000000000000000000000000000000000000001110100000000000000000000000000000000000000000000000000000000000000000
10110101000000000000000000000000000000000000000000000000000000000000000000000000000000000000000000000000000000000000000000000000100110100000000000000000000000000000000000000000000000000000000000000000
00111010000000000000000000000000000000000000000000000000000000000000000000000000000000000000000000000000000000000000000000000000001110010000000000000000000000000000000000000000000000000000000000000000
10110110000000000000000000000000000000000000000000000000000000000000000000000000000000000000000000000000000000000000000000000000111101000000000000000000000000000000000000000000000000000000000000000000
01111000000000000000000000000000000000000000000000000000000000000000000000000000000000000000000000000000000000000000000000000000011101010000000000000000000000000000000000000000000000000000000000000000
00011010000000000000000000000000000000000000000000000000000000000000000000000000000000000000000000000000000000000000000000000000011111000000000000000000000000000000000000000000000000000000000000000000
10111110000000000000000000000000000000000000000000000000000000000000000000000000000000000000000000000000000000000000000000000000111000100000000000000000000000000000000000000000000000000000000000000000
01011010101101010000000000000000000000000000000000000000000000000000000000000000000000000000000000000000000000000000000000100010110100010000000000000000000000000000001100000000000000000000000000000000
10111101011010000000000000000000000000000000000000000000000000000000000000000000000000000000000000000000000000000000000001011010110001100000000000000000000000000000001100000000000000000000000000000000
00011110110101100000000000000000000000000000000000000000000000000000000000000000000000000000000000000000000000000000000000100101110110110000000000000000000000000000001100000000000000000000000000000000
11101110101100000000000000000000000000000000000000000000000000000000000000000000000000000000000000000000000000000000000011001001111001000000000000000000000000000000001100000000000000000000000000000000
10000011000101100000000000000000000000000000000000000000000000000000000000000000000000000000000000000000000000000000000000101011101011010000000000000000000000000000001100000000000000000000000000000000
01011011110011010000000000000000000000000000000000000000000000000000000000000000000000000000000000000000000000000000000010000111010010110000000000000000000000000000011100000000000000000000000000000000
01100101101100010000000000000000000000000000000000000000000000000000000000000000000000000000000000000000000000000000000000101110100101000000000000000000000000000000011100000000000000000000000000000000
10100010110100000000000000000000000000000000000000000000000000000000000000000000000000000000000000000000000000000000000010011110010000010000000000000000000000000000011100000000000000000000000000000000
00000000011110000110010100000000000000000000000000000000000000000000000000000000000000000000000000000000000000001010011010101110000000000000000000000000000000000000001100000000000000000000000000000000
00000000011101011001100000000000000000000000000000000000000000000000000000000000000000000000000000000000000000000001100100011111000000000000000000000000000000000000001100000000000000000000000000000000
00000000101110100110010100000000000000000000000000000000000000000000000000000000000000000000000000000000000000001010011001011100000000000000000000000000000000000000001100000000000000000000000000000000
00000000010111100101101000000000000000000000000000000000000000000000000000000000000000000000000000000000000000000101101010111010000000000000000000000000000000000000001100000000000000000000000000000000
00000000101011111010100100000000000000000000000000000000000000000000000000000000000000000000000000000000000000001001010110110100000000000000000000000000000000000000001100000000000000000000000000000000
00000000001011101001011100000000000000000000000000000000000000000000000000000000000000000000000000000000000000001110100111110001000000000000000000000000000000000000001100000000000000000000000000000000
00000000101001110110100100000000000000000000000000000000000000000000000000000000000000000000000000000000000000001001011011101100000000000000000000000000000000000000001100000000000000000000000000000000
00000000000110111001001000000000000000000000000000000000000000000000000000000000000000000000000000000000000000000100100111110010000000000000000000000000000000000000001100000000000000000000000000000000
00000000010010011110101001000010000000000000000000000000000000000000000000000000000000000000000000000000101001001010011110010010000000000000000000000000000000000000001100000000000000000000000000000000
00000000100101101111010110100001000000000000000000000000000000000000000000000000000000000000000000000000011100110101111101101001000000000000000000000000000000000000001100000000000000000000000000000000
00000000111000011111011000101100000000000000000000000000000000000000000000000000000000000000000000000000100011100011110010000111000000000000000000000000000000000000001100000000000000000000000000000000
00000000100101010111110110010011000000000000000000000000000000000000000000000000000000000000000000000000111000001111111110101001000000000000000000000000000000000000001100000000000000000000000000000000
00000000010110101011111010011000000000000000000000000000000000000000000000000000000000000000000000000000000101011110001001011010000000000000000000000000000000000000001100000000000000000000000000000000
00000000101001100100011101000110000000000000000000000000000000000000000000000000000000000000000000000000001110111000001101100101000000000000000000000000000000000000001100000000000000000000000000000000
00000000000110011001101110100101000000000000000000000000000000000000000000000000000000000000000000000000011011110101100010011000000000000000000000000000000000000000001100000000000000000000000000000000
00000000100001100110000111001010000000000000000000000000000000000000000000000000000000000000000000000000100111101001010001100001000000000000000000000000000000000000001100000000000000000000000000000000
00000000000000001110000011110110100100100101101000000000000000000000000000000000000000001010011001000010011111000000000000000000000000000000000000000000000000000000011100000000000000000000000000000000
00000000000000001110000001111001011110001010110000000000000000000000000000000000000000000001100100110101111110100000000000000000000000000000000000000000000000000000000100000000000000000000000000000000
00000000000000001110000001111110101001111100010100000000000000000000000000000000000000001010011010000011110100010000000000000000000000000000000000000000000000000000000000000000000000000000000000000000
00000000000000001111000010011111100110000001110000000000000000000000000000000000000000000101101000110011111010010000000000000000000000000000000000000000000000000000001100000000000000000000000000000000
00000000000000001111100001010011111001111111010100000000000000000000000000000000000000001001010101011111000101101111111100000000000000000000000000000000000000001111111100000000000000000000000000000000
00000000000000001111111110110110111111000001001000000000000000000000000000000000000000001110100100111110110100101111111100000000000000000000000000000000000000001111111100000000000000000000000000000000
00000000000000001111111110010001011111111111000100000000000000000000000000000000000000001001011001111100000011000001111100000000000000000000000000000000000000001111111100000000000000000000000000000000
00000000000000001111111101000110001011111111110100000000000000000000000000000000000000000100100111110101101001010000111100000000000000000000000000000000000000001111111100000000000000000000000000000000
00000000000000000000000000000000000000000011111111001010001110100001010000000000001100000111111111100010000000000000000000000000000000000000000000000000000000000000000000000000000000000000000000000000
00000000000000000000000000000000000000001000111111111111110001011001111111111111110111111111111101101001000000000000000000000000000000000000000000000000000000000000000000000000000000000000000000000000
00000000000000000000000000000000000000000100000001111111111111111111111111111111111111111110101111001000000000000000000000000000000000000000000000000000000000000000000000000000000000000000000000000000
00000000000000000000000000000000000000001010111111010000010010001001101100000000100010011000100010100101000000000000000000000000000000000000000000000000000000000000000000000000000000000000000000000000
00000000000000000000000000000000000000000011100000010101101001010100100000000000100101010011101100011010000000000000000000000000000000000000000000000000000000000000000000000000000000000000000000000000
00000000000000000000000000000000000000001010001001010110101100101010011100000000010010001000010011000101000000000000000000000000000000000000000000000000000000000000000000000000000000000000000000000000
00000000000000000000000000000000000000001011010110100010010000011010100000000000110010010101101000101010000000000000000000000000000000000000000000000000000000000000000000000000000000000000000000000000
00000000000000000000000000000000000000000100101001010100011010100100111000000000001001100010000001000001000000000000000000000000000000000000000000000000000000000000000000000000000000000000000000000000
00000000000000000000000000000000000000000000000000000000000000000000000000000000000000000000000000000000000000000000000000000000000000000000000000000000000000000000000000000000000000000000000000000000
00000000000000000000000000000000000000000000000000000000000000000000000000000000000000000000000000000000000000000000000000000000000000000000000000000000000000000000000000000000000000000000000000000000
00000000000000000000000000000000000000000000000000000000000000000000000000000000000000000000000000000000000000000000000000000000000000000000000000000000000000000000000000000000000000000000000000000000
00000000000000000000000000000000000000000000000000000000000000000000000000000000000000000000000000000000000000000000000000000000000000000000000000000000000000000000000000000000000000000000000000000000
00000000000000000000000000000000000000000000000000000000000000000000000000000000000000000000000000000000000000000000000000000000000000000000000000000000000000000000000000000000000000000000000000000000
00000000000000000000000000000000000000000000000000000000000000000000000000000000000000000000000000000000000000000000000000000000000000000000000000000000000000000000000000000000000000000000000000000000
00000000000000000000000000000000000000000000000000000000000000000000000000000000000000000000000000000000000000000000000000000000000000000000000000000000000000000000000000000000000000000000000000000000
00000000000000000000000000000000000000000000000000000000000000000000000000000000000000000000000000000000000000000000000000000000000000000000000000000000000000000000000000000000000000000000000000000000
00000000000000000000000000000000000000000000000000000000000000000000000000000000000000000000000000000000000000000000000000000000000000000000000000000000000000000000000000000000000000000000000000000000
00000000000000000000000000000000000000000000000000000000000000000000000000000000000000000000000000000000000000000000000000000000000000000000000000000000000000000000000000000000000000000000000000000000
00000000000000000000000000000000000000000000000000000000000000000000000000000000000000000000000000000000000000000000000000000000000000000000000000000000000000000000000000000000000000000000000000000000
00000000000000000000000000000000000000000000000000000000000000000000000000000000000000000000000000000000000000000000000000000000000000000000000000000000000000000000000000000000000000000000000000000000
00000000000000000000000000000000000000000000000000000000000000000000000000000000000000000000000000000000000000000000000000000000000000000000000000000000000000000000000000000000000000000000000000000000
00000000000000000000000000000000000000000000000000000000000000000000000000000000000000000000000000000000000000000000000000000000000000000000000000000000000000000000000000000000000000000000000000000000
00000000000000000000000000000000000000000000000000000000000000000000000000000000000000000000000000000000000000000000000000000000000000000000000000000000000000000000000000000000000000000000000000000000
00000000000000000000000000000000000000000000000000000000000000000000000000000000000000000000000000000000000000000000000000000000000000000000000000000000000000000000000000000000000000000000000000000000
00000000000000000000000000000000000000000000000000000000000000000000000000000000000000000000000000000000000000000000000000000000000000000000000000000000000000000000000000000000000000000000000000000000
00000000000000000000000000000000000000000000000000000000000000000000000000000000000000000000000000000000000000000000000000000000000000000000000000000000000000000000000000000000000000000000000000000000
00000000000000000000000000000000000000000000000000000000000000000000000000000000000000000000000000000000000000000000000000000000000000000000000000000000000000000000000000000000000000000000000000000000
00000000000000000000000000000000000000000000000000000000000000000000000000000000000000000000000000000000000000000000000000000000000000000000000000000000000000000000000000000000000000000000000000000000
00000000000000000000000000000000000000000000000000000000000000000000000000000000000000000000000000000000000000000000000000000000000000000000000000000000000000000000000000000000000000000000000000000000
00000000000000000000000000000000000000000000000000000000000000000000000000000000000000000000000000000000000000000000000000000000000000000000000000000000000000000000000000000000000000000000000000000000
00000000000000000000000000000000000000000000000000000000000000000000000000000000000000000000000000000000000000000000000000000000000000000000000000000000000000000000000000000000000000000000000000000000
00000000000000000000000000000000000000000000000000000000000000000000000000000000000000000000000000000000000000000000000000000000000000000000000000000000000000000000000000000000000000000000000000000000
00000000000000000000000000000000000000000000000000000000000000000000000000000000000000000000000000000000000000000000000000000000000000000000000000000000000000000000000000000000000000000000000000000000
00000000000000000000000000000000000000000000000000000000000000000000000000000000000000000000000000000000000000000000000000000000000000000000000000000000000000000000000000000000000000000000000000000000
00000000000000000000000000000000000000000000000000000000000000000000000000000000000000000000000000000000000000000000000000000000000000000000000000000000000000000000000000000000000000000000000000000000
00000000000000000000000000000000000000000000000000000000000000000000000000000000000000000000000000000000000000000000000000000000000000000000000000000000000000000000000000000000000000000000000000000000
00000000000000000000000000000000000000000000000000000000000000000000000000000000000000000000000000000000000000000000000000000000000000000000000000000000000000000000000000000000000000000000000000000000
00000000000000000000000000000000000000000000000000000000000000000000000000000000000000000000000000000000000000000000000000000000000000000000000000000000000000000000000000000000000000000000000000000000
00000000000000000000000000000000000000000000000000000000000000000000000000000000000000000000000000000000000000000000000000000000000000000000000000000000000000000000000000000000000000000000000000000000
00000000000000000000000000000000000000000000000000000000000000000000000000000000000000000000000000000000000000000000000000000000000000000000000000000000000000000000000000000000000000000000000000000000
00000000000000000000000000000000000000000000000000000000000000000000000000000000000000000000000000000000000000000000000000000000000000000000000000000000000000000000000000000000000000000000000000000000
00000000000000000000000000000000000000000000000000000000000000000000000000000000000000000000000000000000000000000000000000000000000000000000000000000000000000000000000000000000000000000000000000000000
00000000000000000000000000000000000000000000000000000000000000000000000000000000000000000000000000000000000000000000000000000000000000000000000000000000000000000000000000000000000000000000000000000000
00000000000000000000000000000000000000000000000000000000000000000000000000000000000000000000000000000000000000000000000000000000000000000000000000000000000000000000000000000000000000000000000000000000
00000000000000000000000000000000000000000000000000000000000000000000000000000000000000000000000000000000000000000000000000000000000000000000000000000000000000000000000000000000000000000000000000000000
00000000000000000000000000000000000000000000000000000000000000000000000000000000000000000000000000000000000000000000000000000000000000000000000000000000000000000000000000000000000000000000000000000000
00000000000000000000000000000000000000000000000000000000000000000000000000000000000000000000000000000000000000000000000000000000000000000000000000000000000000000000000000000000000000000000000000000000
00000000000000000000000000000000000000000000000000000000000000000000000000000000000000000000000000000000000000000000000000000000000000000000000000000000000000000000000000000000000000000000000000000000
00000000000000000000000000000000000000000000000000000000000000000000000000000000000000000000000000000000000000000000000000000000000000000000000000000000000000000000000000000000000000000000000000000000
00000000000000000000000000000000000000000000000000000000000000000000000000000000000000000000000000000000000000000000000000000000000000000000000000000000000000000000000000000000000000000000000000000000
00000000000000000000000000000000000000000000000000000000000000000000000000000000000000000000000000000000000000000000000000000000000000000000000000000000000000000000000000000000000000000000000000000000
00000000000000000000000000000000000000000000000000000000000000000000000000000000000000000000000000000000000000000000000000000000000000000000000000000000000000000000000000000000000000000000000000000000
00000000000000000000000000000000000000000000000000000000000000000000000000000000000000000000000000000000000000000000000000000000000000000000000000000000000000000000000000000000000000000000000000000000
00000000000000000000000000000000000000000000000000000000000000000000000000000000000000000000000000000000000000000000000000000000000000000000000000000000000000000000000000000000000000000000000000000000
00000000000000000000000000000000000000000000000000000000000000000000000000000000000000000000000000000000000000000000000000000000000000000000000000000000000000000000000000000000000000000000000000000000
00000000000000000000000000000000000000000000000000000000000000000000000000000000000000000000000000000000000000000000000000000000000000000000000000000000000000000000000000000000000000000000000000000000
