200 200
00000000000000000000000000000000000000000000000000000000000000000000000000000000000000000000000000000000000000000000000000000000000000000000000000000000000000000000000000000000000000000000000000000000
00000000000000000000000000000000000000000000000000000000000000000000000000000000000000000000000000000000000000000000000000000000000000000000000000000000000000000000000000000000000000000000000000000000
00000000000000000000000000000000000000000000000000000000000000000000000000000000000000000000000000000000000000000000000000000000000000000000000000000000000000000000000000000000000000000000000000000000
00000000000000000000000000000000000000000000000000000000000000000000000000000000000000000000000000000000000000000000000000000000000000000000000000000000000000000000000000000000000000000000000000000000
00000000000000000000000000000000000000000000000000000000000000000000000000000000000000000000000000000000000000000000000000000000000000000000000000000000000000000000000000000000000000000000000000000000
00000000000000000000000000000000000000000000000000000000000000000000000000000000000000000000000000000000000000000000000000000000000000000000000000000000000000000000000000000000000000000000000000000000
00000000000000000000000000000000000000000000000000000000000000000000000000000000000000000000000000000000000000000000000000000000000000000000000000000000000000000000000000000000000000000000000000000000
00000000000000000000000000000000000000000000000000000000000000000000000000000000000000000000000000000000000000000000000000000000000000000000000000000000000000000000000000000000000000000000000000000000
00000000000000000000000000000000000000000000000000000000000000000000000000000000000000000000000000000000000000000000000000000000000000000000000000000000000000000000000000000000000000000000000000000000
00000000000000000000000000000000000000000000000000000000000000000000000000000000000000000000000000000000000000000000000000000000000000000000000000000000000000000000000000000000000000000000000000000000
00000000000000000000000000000000000000000000000000000000000000000000000000000000000000000000000000000000000000000000000000000000000000000000000000000000000000000000000000000000000000000000000000000000
00000000000000000000000000000000000000000000000000000000000000000000000000000000000000000000000000000000000000000000000000000000000000000000000000000000000000000000000000000000000000000000000000000000
00000000000000000000000000000000000000000000000000000000000000000000000000000000000000000000000000000000000000000000000000000000000000000000000000000000000000000000000000000000000000000000000000000000
00000000000000000000000000000000000000000000000000000000000000000000000000000000000000000000000000000000000000000000000000000000000000000000000000000000000000000000000000000000000000000000000000000000
00000000000000000000000000000000000000000000000000000000000000000000000000000000000000000000000000000000000000000000000000000000000000000000000000000000000000000000000000000000000000000000000000000000
00000000000000000000000000000000000000000000000000000000000000000000000000000000000000000000000000000000000000000000000000000000000000000000000000000000000000000000000000000000000000000000000000000000
00000000000000000000000000000000000000000000000000000000000000000000000000000000000000000000000000000000011000000000000000000000000000000000000000000000000000000000000000000000000000000000000000000000
00000000000000000000000000000000000000000000000000000000000000000000000000000000000000000000000000000000100011000000000000000000000000000000000000000000000000000000000000000000000000000000000000000000
00000000000000000000000000000000000000000000000000000000000000000000000000000000000000000000000000000000001010100000000000000000000000000000000000000000000000000000000000000000000000000000000000000000
00000000000000000000000000000000000000000000000000000000000000000000000000000000000000000000000000000000110110010000000000000000000000000000000000000000000000000000000000000000000000000000000000000000
00000000000000000000000000000000000000000000000000000000000000000000000000000000000000000000000000000000001000100000000000000000000000000000000000000000000000000000000000000000000000000000000000000000
00000000000000000000000000000000000000000000000000000000000000000000000000000000000000000000000000000000100010100000000000000000000000000000000000000000000000000000000000000000000000000000000000000000
00000000000000000000000000000000000000000000000000000000000000000000000000000000000000000000000000000000010001000000000000000000000000000000000000000000000000000000000000000000000000000000000000000000
00000000000000000000000000000000000000000000000000000000000000000000000000000000000000000000000000000000111101010000000000000000000000000000000000000000000000000000000000000000000000000000000000000000
00000000000000000000000000000000000000000000000000000000000000000000000000000000000000000000000010100110111101010000000000000000000000000000000000000000000000000000000000000000000000000000000000000000
00000000000000000000000000000000000000000000000000000000000000000000000000000000000000000000000000011001011000100000000000000000000000000000000000000000000000000000000000000000000000000000000000000000
00000000000000000000000000000000000000000000000000000000000000000000000000000000000000000000000010100110011110010000000000000000000000000000000000000000000000000000000000000000000000000000000000000000
00000000000000000000000000000000000000000000000000000000000000000000000000000000000000000000000001011010111110000000000000000000000000000000000000000000000000000000000000000000000000000000000000000000
00000000000000000000000000000000000000000000000000000000000000000000000000000000000000000000000010010101011111000000000000000000000000000000000000000000000000000000000000000000000000000000000000000000
00000000000000000000000000000000000000000000000000000000000000000000000000000000000000000000000011101001011111110000000000000000000000000000000000000000000000000000000000000000000000000000000000000000
00000000000000000000000000000000000000000000000000000000000000000000000000000000000000000000000010010110111111100000000000000000000000000000000000000000000000000000000000000000000000000000000000000000
00000000000000000000000000000000000000000000000000000000000000000000000000000000000000000000000001001001110101110000000000000000000000000000000000000000000000000000000000000000000000000000000000000000
00000000000000000000000000000000000000000000000000000000000000000000000000000000000000000000000010101011110110110010101000000000000000000000000000000000000000000000000000000000000000000000000000000000
00000000000000000000000000000000000000000000000000000000000000000000000000000000000000000000000000110111010001111001001000000000000000000000000000000000000000000000000000000000000000000000000000000000
00000000000000000000000000000000000000000000000000000000000000000000000000000000000000000000000010001110101000111100110100000000000000000000000000000000000000000000000000000000000000000000000000000000
00000000000000000000000000000000000000000000000000000000000000000000000000000000000000000000000000111101001100111101000000000000000000000000000000000000000000000000000000000000000000000000000000000000
00000000000000000000000000000000000000000000000000000000000000000000000000000000000000000000000001111100110000111100111000000000000000000000000000000000000000000000000000000000000000000000000000000000
00000000000000000000000000000000000000000000000000000000000000000000000000000000000000000000000011111101101100011111000100000000000000000000000000000000000000000000000000000000000000000000000000000000
00000000000000000000000000000000000000000000000000000000000000000000000000000000000000000000000011101000111001100111001000000000000000000000000000000000000000000000000000000000000000000000000000000000
00000000000000000000000000000000000000000000000000000000000000000000000000000000000000000000000011010010000100111111010100000000000000000000000000000000000000000000000000000000000000000000000000000000
00000000000000000000000000000000000000000000000000000000000000000000000000000000000000000100010111011000000000000110100100000000000000000000000000000000000000000000000000000000000000000000000000000000
00000000000000000000000000000000000000000000000000000000000000000000000000000000000000001000111110100101000000000111110000000000000000000000000000000000000000000000000000000000000000000000000000000000
00000000000000000000000000000000000000000000000000000000000000000000000000000000000000000110111101000010000000000011001100000000000000000000000000000000000000000000000000000000000000000000000000000000
00000000000000000000000000000000000000000000000000000000000000000000000000000000000000001001110110011000000000001111110000000000000000000000000000000000000000000000000000000000000000000000000000000000
00000000000000000000000000000000000000000000000000000000000000000000000000000000000000000111100010010011000000000011100100000000000000000000000000000000000000000000000000000000000000000000000000000000
00000000000000000000000000000000000000000000000000000000000000000000000000000000000000001111110000101100000000001111001000000000000000000000000000000000000000000000000000000000000000000000000000000000
00000000000000000000000000000000000000000000000000000000000000000000000000000000000000000110000110100001000000000011110100000000000000000000000000000000000000000000000000000000000000000000000000000000
00000000000000000000000000000000000000000000000000000000000000000000000000000000000000001111001001000110000000000111101000000000000000000000000000000000000000000000000000000000000000000000000000000000
00000000000000000000000000000000000000000000000000000000000000000000000000000000110010101101000000000000000000000001100100000000000000000000000000000000000000000000000000000000000000000000000000000000
00000000000000000000000000000000000000000000000000000000000000000000000000000000001101111011000100000000000000000101100000000000000000000000000000000000000000000000000000000000000000000000000000000000
00000000000000000000000000000000000000000000000000000000000000000000000000000000010100111100110100000000000000001011101100000000000000000000000000000000000000000000000000000000000000000000000000000000
00000000000000000000000000000000000000000000000000000000000000000000000000000000101001110001011000000000000000000101101100000000000000000000000000000000000000000000000000000000000000000000000000000000
00000000000000000000000000000000000000000000000000000000000000000000000000000000000101111011000000000000000000000111110000000000000000000000000000000000000000000000000000000000000000000000000000000000
00000000000000000000000000000000000000000000000000000000000000000000000000000000001011001101011000000000000000001000111100000000000000000000000000000000000000000000000000000000000000000000000000000000
00000000000000000000000000000000000000000000000000000000000000000000000000000000010111110110100000000000000000000001111000000000000000000000000000000000000000000000000000000000000000000000000000000000
00000000000000000000000000000000000000000000000000000000000000000000000000000000101110001011010100000000000000001010110100000000000000000000000000000000000000000000000000000000000000000000000000000000
00000000000000000000000000000000000000000000000000000000000000000000000000010100111111010000000000000000000000001001110000000000000000000000000000000000000000000000000000000000000000000000000000000000
00000000000000000000000000000000000000000000000000000000000000000000000010101101111000100000000000000000000000000111111000000000000000000000000000000000000000000000000000000000000000000000000000000000
00000000000000000000000000000000000000000000000000000000000000000000000001000011110110000000000000000000000000001100110100000000000000000000000000000000000000000000000000000000000000000000000000000000
00000000000000000000000000000000000000000000000000000000000000000000000011001011101001010000000000000000000000000010110100000000000000000000000000000000000000000000000000000000000000000000000000000000
00000000000000000000000000000000000000000000000000000000000000000000000001000111011011100000000000000000000000000101111000000000000000000000000000000000000000000000000000000000000000000000000000000000
00000000000000000000000000000000000000000000000000000000000000000000000010011110110110000000000000000000000000001001011000000000000000000000000000000000000000000000000000000000000000000000000000000000
00000000000000000000000000000000000000000000000000000000000000000000000001011111001000110000000000000000000000000001011000000000000000000000000000000000000000000000000000000000000000000000000000000000
00000000000000000000000000000000000000000000000000000000000000000000000000111000101100000000000000000000000000001010111100000000000000000000000000000000000000000000000000000000000000000000000000000000
00000000000000000000000000000000000000000000000000000000000000001001010010111000000000000000000000000000000000000010011100000000000000000000000000000000000000000000000000000000000000000000000000000000
00000000000000000000000000000000000000000000000000000000000000000110010101110010000000000000000000000000000000001111011100000000000000000000000000000000000000000000000000000000000000000000000000000000
00000000000000000000000000000000000000000000000000000000000000001011001011111101000000000000000000000000000000000000101100000000000000000000000000000000000000000000000000000000000000000000000000000000
00000000000000000000000000000000000000000000000000000000000000000100111011101010000000000000000000000000000000000111011100000000000000000000000000000000000000000000000000000000000000000000000000000000
00000000000000000000000000000000000000000000000000000000000000000001000011110010000000000000000000000000000000001011011100000000000000000000000000000000000000000000000000000000000000000000000000000000
00000000000000000000000000000000000000000000000000000000000000001011010110101100000000000000000000000000000000000100111100000000000000000000000000000000000000000000000000000000000000000000000000000000
00000000000000000000000000000000000000000000000000000000000000000101101110011010000000000000000000000000000000000110001100000000000000000000000000000000000000000000000000000000000000000000000000000000
00000000000000000000000000000000000000000000000000000000000000000110111101000100000000000000000000000000000000001000111100000000000000000000000000000000000000000000000000000000000000000000000000000000
00000000000000000000000000000000000000000000000000000000101001100100111100000000000000000000000000000000000000000100111111001010000000000000000000000000000000000000000000000000000000000000000000000000
00000000000000000000000000000000000000000000000000000000000110011011111000000000000000000000000000000000000000001001001111010101000000000000000000000000000000000000000000000000000000000000000000000000
00000000000000000000000000000000000000000000000000000000101001100011100000000000000000000000000000000000000000000100010111001010000000000000000000000000000000000000000000000000000000000000000000000000
00000000000000000000000000000000000000000000000000000000010110101111101000000000000000000000000000000000000000001010010110110000000000000000000000000000000000000000000000000000000000000000000000000000
00000000000000000000000000000000000000000000000000000000100101010110100000000000000000000000000000000000000000000101100110000101000000000000000000000000000000000000000000000000000000000000000000000000
00000000000000000000000000000000000000000000000000000000111010011111010100000000000000000000000000000000000000001010111110101111000000000000000000000000000000000000000000000000000000000000000000000000
00000000000000000000000000000000000000000000000000000000100101101100001000000000000000000000000000000000000000000111000111110000000000000000000000000000000000000000000000000000000000000000000000000000
00000000000000000000000000000000000000000000000000000000010010011100100100000000000000000000000000000000000000000000101011001111000000000000000000000000000000000000000000000000000000000000000000000000
00000000000000000000000000000000000000000000000000000000011000111001001000000000000000000000000000000000000000000000000011011001000000000000000000000000000000000000000000000000000000000000000000000000
00000000000000000000000000000000000000000000000000000000010101110110100100000000000000000000000000000000000000000000000011000101000000000000000000000000000000000000000000000000000000000000000000000000
00000000000000000000000000000000000000000000000000000000100010111000011100000000000000000000000000000000000000000000000011101001000000000000000000000000000000000000000000000000000000000000000000000000
00000000000000000000000000000000000000000000000000000000100001101010100100000000000000000000000000000000000000000000000011010010000000000000000000000000000000000000000000000000000000000000000000000000
00000000000000000000000000000000000000000000000000000000000101110101101000000000000000000000000000000000000000000000000011100101000000000000000000000000000000000000000000000000000000000000000000000000
00000000000000000000000000000000000000000000000000000000011011100110010100000000000000000000000000000000000000000000000011101000000000000000000000000000000000000000000000000000000000000000000000000000
00000000000000000000000000000000000000000000000000000000010011011001100000000000000000000000000000000000000000000000000011110101000000000000000000000000000000000000000000000000000000000000000000000000
00000000000000000000000000000000000000000000000000000000101111100110000100000000000000000000000000000000000000000000000001111010000000000000000000000000000000000000000000000000000000000000000000000000
00000000000000000000000000000000000000000000000000110000111110100000000000000000000000000000000000000000000000000000000011110101000000000000000000000000000000000000000000000000000000000000000000000000
00000000000000000000000000000000000000000000000011000010001100010000000000000000000000000000000000000000000000000000000001101100000000000000000000000000000000000000000000000000000000000000000000000000
00000000000000000000000000000000000000000000000000111000011011010000000000000000000000000000000000000000000000000000000001111010000000000000000000000000000000000000000000000000000000000000000000000000
00000000000000000000000000000000000000000000000000100101111100100000000000000000000000000000000000000000000000000000000001111001000000000000000000000000000000000000000000000000000000000000000000000000
00000000000000000000000000000000000000000000000010100011110111100000000000000000000000000000000000000000000000000000000000110010000000000000000000000000000000000000000000000000000000000000000000000000
00000000000000000000000000000000000000000000000011001011101000010000000000000000000000000000000000000000000000000000000010110101000000000000000000000000000000000000000000000000000000000000000000000000
00000000000000000000000000000000000000000000000000100111001101100000000000000000000000000000000000000000000000000000000001111010000000000000000000000000000000000000000000000000000000000000000000000000
00000000000000000000000000000000000000000000000001101110100001010000000000000000000000000000000000000000000000000000000000110001000000000000000000000000000000000000000000000000000000000000000000000000
00000000000000000000000000000000000000000010100100101110000000000000000000000000000000000000000000000000000000000000000010111100000000000000000000000000000000000000000000000000000000000000000000000000
00000000000000000000000000000000000000000101010001011100000000000000000000000000000000000000000000000000000000000000000010111001000000000000000000000000000000000000000000000000000000000000000000000000
00000000000000000000000000000000000000000010110011111010000000000000000000000000000000000000000000000000000000000000000001111101000000000000000000000000000000000000000000000000000000000000000000000000
00000000000000000000000000000000000000001001010000110110000000000000000000000000000000000000000000000000000000000000000001011110000000000000000000000000000000000000000000000000000000000000000000000000
00000000000000000000000000000000000000000111010001101000000000000000000000000000000000000000000000000000000000000000000000101110000000000000000000000000000000000000000000000000000000000000000000000000
00000000000000000000000000000000000000000100100011100101000000000000000000000000000000000000000000000000000000000000000011001100000000000000000000000000000000000000000000000000000000000000000000000000
00000000000000000000000000000000000000001010001111000001000000000000000000000000000000000000000000000000000000000000000000111110000000000000000000000000000000000000000000000000000000000000000000000000
00000000000000000000000000000000000000000001110111110010000000000000000000000000000000000000000000000000000000000000000000011110000000000000000000000000000000000000000000000000000000000000000000000000
00000000000000000000000000000000000000000110101110010010000000000000000000000000000000000000000000000000000000000000000010100111111010000000000000000000000000000000000000000000000000000000000000000000
00000000000000000000000000000000000000001000101101101001000000000000000000000000000000000000000000000000000000000000000000011011100011100000000000000000000000000000000000000000000000000000000000000000
00000000000000000000000000000000000000001111011110000111000000000000000000000000000000000000000000000000000000000000000011100011001100000000000000000000000000000000000000000000000000000000000000000000
00000000000000000000000000000000000000001001011010101001000000000000000000000000000000000000000000000000000000000000000000011001100011010000000000000000000000000000000000000000000000000000000000000000
00000000000000000000000000000000000000000100110001011010000000000000000000000000000000000000000000000000000000000000000000100111101111000000000000000000000000000000000000000000000000000000000000000000
00000000000000000000000000000000000000000101110101100101000000000000000000000000000000000000000000000000000000000000000010110011111101010000000000000000000000000000000000000000000000000000000000000000
00000000000000000000000000000000000000001011111010011000000000000000000000000000000000000000000000000000000000000000000000001101110010100000000000000000000000000000000000000000000000000000000000000000
00000000000000000000000000000000000000000111101101100001000000000000000000000000000000000000000000000000000000000000000001010010111101100000000000000000000000000000000000000000000000000000000000000000
00000000000000000000000000000000100100100111100000000000000000000000000000000000000000000000000000000000000000000000000000000000111001010000000000000000000000000000001100000000000000000000000000000000
00000000000000000000000000000000101000010110010100000000000000000000000000000000000000000000000000000000000000000000000000000000011100000000000000000000000000000000001100000000000000000000000000000000
00000000000000000000000000000000001101101111000000000000000000000000000000000000000000000000000000000000000000000000000000000000011111010000000000000000000000000000001100000000000000000000000000000000
00000000000000000000000000000000011010111100011000000000000000000000000000000000000000000000000000000000000000000000000000000000011110000000000000000000000000000000001100000000000000000000000000000000
00000000000000000000000000000000011000111101011000000000000000000000000000000000000000000000000000000000000000000000000000000000111110010000000000000000000000000000001100000000000000000000000000000000
00000000000000000000000000000000000011110110110000000000000000000000000000000000000000000000000000000000000000000000000000000000001111100000000000000000000000000000011100000000000000000000000000000000
00000000000000000000000000000000101001101000010100000000000000000000000000000000000000000000000000000000000000000000000000000000111111000000000000000000000000000000011100000000000000000000000000000000
00000000000000000000000000000000010111110100100100000000000000000000000000000000000000000000000000000000000000000000000000000000000011000000000000000000000000000000011100000000000000000000000000000000
00000000000000000000000000000000011011100000000000000000000000000000000000000000000000000000000000000000000000000000000000000000001011000000000000000000000000000000001100000000000000000000000000000000
00000000000000000000000000000000100110010000000000000000000000000000000000000000000000000000000000000000000000000000000000000000001111100000000000000000000000000000001100000000000000000000000000000000
00000000000000000000000000000000011111000000000000000000000000000000000000000000000000000000000000000000000000000000000000000000100111110000000000000000000000000000001100000000000000000000000000000000
00000000000000000000000000000000101100010000000000000000000000000000000000000000000000000000000000000000000000000000000000000000011001100000000000000000000000000000001100000000000000000000000000000000
00000000000000000000000000000000011110100000000000000000000000000000000000000000000000000000000000000000000000000000000000000000100111110000000000000000000000000000001100000000000000000000000000000000
00000000000000000000000000000000011001010000000000000000000000000000000000000000000000000000000000000000000000000000000000000000010000110000000000000000000000000000001100000000000000000000000000000000
00000000000000000000000000000000111001010000000000000000000000000000000000000000000000000000000000000000000000000000000000000000001001110000000000000000000000000000001100000000000000000000000000000000
00000000000000000000000000000000110101000000000000000000000000000000000000000000000000000000000000000000000000000000000000000000110110110000000000000000000000000000001100000000000000000000000000000000
00000000000000001110000000100100110100000000000000000000000000000000000000000000000000000000000000000000000000000000000000000000000010111000100000000000000000000000001100000000000000000000000000000000
00000000000000001110000010010101101100010000000000000000000000000000000000000000000000000000000000000000000000000000000000000000100011011111001000000000000000000000001100000000000000000000000000000000
00000000000000001110000000100101110011010000000000000000000000000000000000000000000000000000000000000000000000000000000000000000101100111100101000000000000000000000001100000000000000000000000000000000
00000000000000001110000010011011000101100000000000000000000000000000000000000000000000000000000000000000000000000000000000000000011010001101010100000000000000000000001100000000000000000000000000000000
00000000000000001110000010101111101100000000000000000000000000000000000000000000000000000000000000000000000000000000000000000000000011011110011000000000000000000000001100000000000000000000000000000000
00000000000000001110000000110011110101100000000000000000000000000000000000000000000000000000000000000000000000000000000000000000011010111110100100000000000000000000001100000000000000000000000000000000
00000000000000001110000010010110011010000000000000000000000000000000000000000000000000000000000000000000000000000000000000000000000101101111001000000000000000000000001100000000000000000000000000000000
00000000000000001110000001001110101101010000000000000000000000000000000000000000000000000000000000000000000000000000000000000000101011010110100100000000000000000000001100000000000000000000000000000000
00000000000000001110000000110110000000000000000000000000000000000000000000000000000000000000000000000000000000000000000000000000000000000011000000000000000000000000011100000000000000000000000000000000
00000000000000001110000011001110000000000000000000000000000000000000000000000000000000000000000000000000000000000000000000000000000000000011111100000000000000000000000100000000000000000000000000000000
00000000000000001110000010101101000000000000000000000000000000000000000000000000000000000000000000000000000000000000000000000000000000000111110000000000000000000000000000000000000000000000000000000000
00000000000000001111000001001101000000000000000000000000000000000000000000000000000000000000000000000000000000000000000000000000000000001001111100000000000000000000001100000000000000000000000000000000
00000000000000001111100000111110000010000000000000000000000000000000000000000000000000000000000000000000000000001111111100000000000000000001111000000000000000001111111100000000000000000000000000000000
00000000000000001111111110111010000111000000000000000000000000000000000000000000000000000000000000000000000000001111111100000000000000001011111000000000000000001111111100000000000000000000000000000000
00000000000000001111111100011101000111110000000000000000000000000000000000000000000000000000000000000000000000000001111100000000000000000000111000000000000000001111111100000000000000000000000000000000
00000000000000001111111111111010001111110000000000000000000000000000000000000000000000000000000000000000000000000000111100000000000000001010011100000000000000001111111100000000000000000000000000000000
00000000000000000010100110111001000000000000000000000000000000000000000000000000000000000000000000000000000000000000000000000000000000000000101101001100000000000000000000000000000000000000000000000000
00000000000000000101010001110001000000000000000000000000000000000000000000000000000000000000000000000000000000000000000000000000000000001000110110100010000000000000000000000000000000000000000000000000
00000000000000000010110001111100000000000000000000000000000000000000000000000000000000000000000000000000000000000000000000000000000000001011001111101100000000000000000000000000000000000000000000000000
00000000000000001001010011100110000000000000000000000000000000000000000000000000000000000000000000000000000000000000000000000000000000000110100011001001000000000000000000000000000000000000000000000000
00000000000000000111010011001000000000000000000000000000000000000000000000000000000000000000000000000000000000000000000000000000000000000000110111000110000000000000000000000000000000000000000000000000
00000000000000000100100011010110000000000000000000000000000000000000000000000000000000000000000000000000000000000000000000000000000000000110101111110101000000000000000000000000000000000000000000000000
00000000000000001010001111110001000000000000000000000000000000000000000000000000000000000000000000000000000000000000000000000000000000000001011011110010000000000000000000000000000000000000000000000000
00000000000000000001110110000100000000000000000000000000000000000000000000000000000000000000000000000000000000000000000000000000000000001010110101100101000000000000000000000000000000000000000000000000
00000000000000001010011110010010000000000000000000000000000000000000000000000000000000000000000000000000000000000000000000000000000000000000000001110100000000000000000000000000000000000000000000000000
00000000000000001001101101101001000000000000000000000000000000000000000000000000000000000000000000000000000000000000000000000000000000000000000000111011000000000000000000000000000000000000000000000000
00000000000000000100011110000111000000000000000000000000000000000000000000000000000000000000000000000000000000000000000000000000000000000000000011111000000000000000000000000000000000000000000000000000
00000000000000000011111010101001000000000000000000000000000000000000000000000000000000000000000000000000000000000000000000000000000000000000000000111011000000000000000000000000000000000000000000000000
00000000000000001000110101011010000000000000000000000000000000000000000000000000000000000000000000000000000000000000000000000000000000000000000010011110000000000000000000000000000000000000000000000000
00000000000000000011111001100101000000000000000000000000000000000000000000000000000000000000000000000000000000000000000000000000000000000000000001001111000000000000000000000000000000000000000000000000
00000000000000000001110110011000000000000000000000000000000000000000000000000000000000000000000000000000000000000000000000000000000000000000000010101101000000000000000000000000000000000000000000000000
00000000000000001011100001100001000000000000000000000000000000000000000000000000000000000000000000000000000000000000000000000000000000000000000001010111000000000000000000000000000000000000000000000000
00000000101001100011101000000000000000000000000000000000000000000000000000000000000000000000000000000000000000000000000000000000000000000000000001001111100000010000000000000000000000000000000000000000
00000000000110010011100100000000000000000000000000000000000000000000000000000000000000000000000000000000000000000000000000000000000000000000000000010011011011000000000000000000000000000000000000000000
00000000101001100111000000000000000000000000000000000000000000000000000000000000000000000000000000000000000000000000000000000000000000000000000011011001100010010000000000000000000000000000000000000000
00000000010110101111010000000000000000000000000000000000000000000000000000000000000000000000000000000000000000000000000000000000000000000000000001010001110101100000000000000000000000000000000000000000
00000000100101011100101000000000000000000000000000000000000000000000000000000000000000000000000000000000000000000000000000000000000000000000000010101001111000010000000000000000000000000000000000000000
00000000111010011111011000000000000000000000000000000000000000000000000000000000000000000000000000000000000000000000000000000000000000000000000000011010111011100000000000000000000000000000000000000000
00000000100101101100000100000000000000000000000000000000000000000000000000000000000000000000000000000000000000000000000000000000000000000000000001000010011101010000000000000000000000000000000000000000
00000000010010011100101000000000000000000000000000000000000000000000000000000000000000000000000000000000000000000000000000000000000000000000000010111000101100100000000000000000000000000000000000000000
00000000000000011011100000000000000000000000000000000000000000000000000000000000000000000000000000000000000000000000000000000000000000000000000000000000101110100110010100000000000000000000000000000000
00000000001110111100010100000000000000000000000000000000000000000000000000000000000000000000000000000000000000000000000000000000000000000000000000000000010110001001100000000000000000000000000000000000
00000000110001110001001000000000000000000000000000000000000000000000000000000000000000000000000000000000000000000000000000000000000000000000000000000000010111010110010100000000000000000000000000000000
00000000010111100010111000000000000000000000000000000000000000000000000000000000000000000000000000000000000000000000000000000000000000000000000000000000000011000101101000000000000000000000000000000000
00000000101101100010100100000000000000000000000000000000000000000000000000000000000000000000000000000000000000000000000000000000000000000000000000000000101011111010100100000000000000000000000000000000
00000000010111100011010000000000000000000000000000000000000000000000000000000000000000000000000000000000000000000000000000000000000000000000000000000000101001111001011100000000000000000000000000000000
00000000100111100010101000000000000000000000000000000000000000000000000000000000000000000000000000000000000000000000000000000000000000000000000000000000010010110110100100000000000000000000000000000000
00000000010110011001010000000000000000000000000000000000000000000000000000000000000000000000000000000000000000000000000000000000000000000000000000000000001101111001001000000000000000000000000000000000
00000000110110000000000000000000000000000000000000000000000000000000000000000000000000000111001000000000000000000100000100000000000000000000000000000000000111011101101000000000000000000000000000000000
00000000001110100000000000000000000000000000000000000000000000000000000000000000000000001001110100000000000000000010101000000000000000000000000000000000101000111110000100000000000000000000000000000000
00000000111111010000000000000000000000000000000000000000000000000000000000000000000000001010010000000000000000001100010100000000000000000000000000000000010010001110100000000000000000000000000000000000
00000000011000000000000000000000000000000000000000000000000000000000000000000000000000000001101111111111111111110001101000000000000000000000000000000000011101001110010100000000000000000000000000000000
00000000011111111111111111111111111111111111111111111111111111111111111111111111000000000101100000000000000000001010010100000000000000000000000000000000100101000111101000000000000000000000000000000000
00000000011111111111111111111111111111111111111111111111111111111111111111111111111111110010011000000000000000001100100000000000000000000000000000000000001011001011011000000000000000000000000000000000
00000000101101111111111111111111111111111111111111111111111111111111111111111111111111111111101100000000000000000110100100000000000000000000000000000000010101001011100100000000000000000000000000000000
00000000010101000000000000000000000000000000000000000000000000000000000000000000000000001111111111111111111111111110001000000000000000000000000000000000001010010101101000000000000000000000000000000000
00000000000000000000000000000000000000000000000000000000000000000000000000000000000000000100011111111111111111111111100000000000010101100000000001100010000000000101111100000000000000000000000000000000
00000000000000000000000000000000000000000000000000000000000000000000000000000000000000000010100000000000000000000011111011111111100000100000000010001101000000001110110000000000000000000000000000000000
00000000000000000000000000000000000000000000000000000000000000000000000000000000000000001100010100000000000000001011011111111111111111110000000001110110000000000000111100000000000000000000000000000000
00000000000000000000000000000000000000000000000000000000000000000000000000000000000000001010001000000000000000000000101111111111111111111111111110001111111111110011111000000000000000000000000000000000
00000000000000000000000000000000000000000000000000000000000000000000000000000000000000000101101111111111111111111110111000000000101100011111111111111111111111111110110100000000000000000000000000000000
00000000000000000000000000000000000000000000000000000000000000000000000000000000000000001000110100000000000000001001010100000000001001000000000000000100000000001111110000000000000000000000000000000000
00000000000000000000000000000000000000000000000000000000000000000000000000000000000000000101011000000000000000000110100000000000000000100000000011000111000000000101111000000000000000000000000000000000
00000000000000000000000000000000000000000000000000000000000000000000000000000000000000001010100100000000000000000000010100000000001010010000000000011010000000000000100100000000000000000000000000000000
00000000000000000000000000000000000000000000000000000000000000000000000000000000000000000000000000000000000000000000000000000000000000000000000000000000000000000000000000000000000000000000000000000000
00000000000000000000000000000000000000000000000000000000000000000000000000000000000000000000000000000000000000000000000000000000000000000000000000000000000000000000000000000000000000000000000000000000
00000000000000000000000000000000000000000000000000000000000000000000000000000000000000000000000000000000000000000000000000000000000000000000000000000000000000000000000000000000000000000000000000000000
00000000000000000000000000000000000000000000000000000000000000000000000000000000000000000000000000000000000000000000000000000000000000000000000000000000000000000000000000000000000000000000000000000000
00000000000000000000000000000000000000000000000000000000000000000000000000000000000000000000000000000000000000000000000000000000000000000000000000000000000000000000000000000000000000000000000000000000
00000000000000000000000000000000000000000000000000000000000000000000000000000000000000000000000000000000000000000000000000000000000000000000000000000000000000000000000000000000000000000000000000000000
00000000000000000000000000000000000000000000000000000000000000000000000000000000000000000000000000000000000000000000000000000000000000000000000000000000000000000000000000000000000000000000000000000000
00000000000000000000000000000000000000000000000000000000000000000000000000000000000000000000000000000000000000000000000000000000000000000000000000000000000000000000000000000000000000000000000000000000
