200 200
00000000000000000000000000000000000000000000000000000000000000000000000000000000000000000000000000000000000000000000000000000000000000000000000000000000000000000000000000000000000000000000000000000000
00000000000000000000000000000000000000000000000000000000000000000000000000000000000000000000000000000000000000000000000000000000000000000000000000000000000000000000000000000000000000000000000000000000
00000000000000000000000000000000000000000000000000000000000000000000000000000000000000000000000000000000000000000000000000000000000000000000000000000000000000000000000000000000000000000000000000000000
00000000000000000000000000000000000000000000000000000000000000000000000000000000000000000000000000000000000000000000000000000000000000000000000000000000000000000000000000000000000000000000000000000000
00000000000000000000000000000000000000000000000000000000000000000000000000000000000000000000000000000000000000000000000000000000000000000000000000000000000000000000000000000000000000000000000000000000
00000000000000000000000000000000000000000000000000000000000000000000000000000000000000000000000000000000000000000000000000000000000000000000000000000000000000000000000000000000000000000000000000000000
00000000000000000000000000000000000000000000000000000000000000000000000000000000000000000000000000000000000000000000000000000000000000000000000000000000000000000000000000000000000000000000000000000000
00000000000000000000000000000000000000000000000000000000000000000000000000000000000000000000000000000000000000000000000000000000000000000000000000000000000000000000000000000000000000000000000000000000
00000000000000000000000000000000000000000000000000000000000000000000000000000000000000000000000000000000000000000000000000000000000000000000000000000000000000000000000000000000000000000000000000000000
00000000000000000000000000000000000000000000000000000000000000000000000000000000000000000000000000000000000000000000000000000000000000000000000000000000000000000000000000000000000000000000000000000000
00000000000000000000000000000000000000000000000000000000000000000000000000000000000000000000000000000000000000000000000000000000000000000000000000000000000000000000000000000000000000000000000000000000
00000000000000000000000000000000000000000000000000000000000000000000000000000000000000000000000000000000000000000000000000000000000000000000000000000000000000000000000000000000000000000000000000000000
00000000000000000000000000000000000000000000000000000000000000000000000000000000000000000000000000000000000000000000000000000000000000000000000000000000000000000000000000000000000000000000000000000000
00000000000000000000000000000000000000000000000000000000000000000000000000000000000000000000000000000000000000000000000000000000000000000000000000000000000000000000000000000000000000000000000000000000
00000000000000000000000000000000000000000000000000000000000000000000000000000000000000000000000000000000000000000000000000000000000000000000000000000000000000000000000000000000000000000000000000000000
00000000000000000000000000000000000000000000000000000000000000000000000000000000000000000000000000000000000000000000000000000000000000000000000000000000000000000000000000000000000000000000000000000000
00000000000000000000000000000000000000000000000000000000000000000000000000000000000000000000000010111011001010000000000000000000000000000000000000000000000000000000000000000000000000000000000000000000
00000000000000000000000000000000000000000000000000000000000000000000000000000000000000000000000000111100110001100000000000000000000000000000000000000000000000000000000000000000000000000000000000000000
00000000000000000000000000000000000000000000000000000000000000000000000000000000000000000000000010111001111100010000000000000000000000000000000000000000000000000000000000000000000000000000000000000000
00000000000000000000000000000000000000000000000000000000000000000000000000000000000000000000000001011110110110000000000000000000000000000000000000000000000000000000000000000000000000000000000000000000
00000000000000000000000000000000000000000000000000000000000000000000000000000000000000000000000000101110111001010000000000000000000000000000000000000000000000000000000000000000000000000000000000000000
00000000000000000000000000000000000000000000000000000000000000000000000000000000000000000000000010101100111110100000000000000000000000000000000000000000000000000000000000000000000000000000000000000000
00000000000000000000000000000000000000000000000000000000000000000000000000000000000000000000000001001101110000010000000000000000000000000000000000000000000000000000000000000000000000000000000000000000
00000000000000000000000000000000000000000000000000000000000000000000000000000000000000000000000011001101111010100000000000000000000000000000000000000000000000000000000000000000000000000000000000000000
00000000000000000000000000000000000000000000000000000000000000000000000000000000000000000000000000001101101001010000000000000000000000000000000000000000000000000000000000000000000000000000000000000000
00000000000000000000000000000000000000000000000000000000000000000000000000000000000000000000000001011111110010010000000000000000000000000000000000000000000000000000000000000000000000000000000000000000
00000000000000000000000000000000000000000000000000000000000000000000000000000000000000000000000000100111101100100000000000000000000000000000000000000000000000000000000000000000000000000000000000000000
00000000000000000000000000000000000000000000000000000000000000000000000000000000000000000000000010010111000100110000000000000000000000000000000000000000000000000000000000000000000000000000000000000000
00000000000000000000000000000000000000000000000000000000000000000000000000000000000000000000000000110111100011000000000000000000000000000000000000000000000000000000000000000000000000000000000000000000
00000000000000000000000000000000000000000000000000000000000000000000000000000000000000000000000001001111011100110000000000000000000000000000000000000000000000000000000000000000000000000000000000000000
00000000000000000000000000000000000000000000000000000000000000000000000000000000000000000000000000011111110110010000000000000000000000000000000000000000000000000000000000000000000000000000000000000000
00000000000000000000000000000000000000000000000000000000000000000000000000000000000000000000000010100111101001100000000000000000000000000000000000000000000000000000000000000000000000000000000000000000
00000000000000000000000000000000000000000000000000000000000000000000000000000000000000000000000000101101110100110000000000000000000000000000000000000000000000000000000000000000000000000000000000000000
00000000000000000000000000000000000000000000000000000000000000000000000000000000000000000000000010101101111010100000000000000000000000000000000000000000000000000000000000000000000000000000000000000000
00000000000000000000000000000000000000000000000000000000000000000000000000000000000000000000000010011100111101010000000000000000000000000000000000000000000000000000000000000000000000000000000000000000
00000000000000000000000000000000000000000000000000000000000000000000000000000000000000000000000001011100111010010000000000000000000000000000000000000000000000000000000000000000000000000000000000000000
00000000000000000000000000000000000000000000000000000000000000000000000000000000000000000000000010111010011111100000000000000000000000000000000000000000000000000000000000000000000000000000000000000000
00000000000000000000000000000000000000000000000000000000000000000000000000000000000000000000000001111001111001010000000000000000000000000000000000000000000000000000000000000000000000000000000000000000
00000000000000000000000000000000000000000000000000000000000000000000000000000000000000000000000011110100111100000000000000000000000000000000000000000000000000000000000000000000000000000000000000000000
00000000000000000000000000000000000000000000000000000000000000000000000000000000000000000000000001101010001101010000000000000000000000000000000000000000000000000000000000000000000000000000000000000000
00000000000000000000000000000000000000000000000000000000000000000000000000000000000000001001001011110010011100110000000000000000000000000000000000000000000000000000000000000000000000000000000000000000
00000000000000000000000000000000000000000000000000000000000000000000000000000000000000000011001011001011011111000000000000000000000000000000000000000000000000000000000000000000000000000000000000000000
00000000000000000000000000000000000000000000000000000000000000000000000000000000000000000101011111111100100110100000000000000000000000000000000000000000000000000000000000000000000000000000000000000000
00000000000000000000000000000000000000000000000000000000000000000000000000000000000000001110010111100011010111100000000000000000000000000000000000000000000000000000000000000000000000000000000000000000
00000000000000000000000000000000000000000000000000000000000000000000000000000000000000000001001111001100101011000000000000000000000000000000000000000000000000000000000000000000000000000000000000000000
00000000000000000000000000000000000000000000000000000000000000000000000000000000000000001100101100011011010011100000000000000000000000000000000000000000000000000000000000000000000000000000000000000000
00000000000000000000000000000000000000000000000000000000000000000000000000000000000000000100111101100100100101100000000000000000000000000000000000000000000000000000000000000000000000000000000000000000
00000000000000000000000000000000000000000000000000000000000000000000000000000000000000001010011101011010001001110000000000000000000000000000000000000000000000000000000000000000000000000000000000000000
00000000000000000000000000000000000000000000000000000000000000000000000000000000000000000110111000000000000010111010010100000000000000000000000000000000000000000000000000000000000000000000000000000000
00000000000000000000000000000000000000000000000000000000000000000000000000000000000000000000111100000000100011011101010100000000000000000000000000000000000000000000000000000000000000000000000000000000
00000000000000000000000000000000000000000000000000000000000000000000000000000000000000001001110000000000101100111100001000000000000000000000000000000000000000000000000000000000000000000000000000000000
00000000000000000000000000000000000000000000000000000000000000000000000000000000000000000011110100000000011010001110100000000000000000000000000000000000000000000000000000000000000000000000000000000000
00000000000000000000000000000000000000000000000000000000000000000000000000000000000000000011101000000000000011011110010100000000000000000000000000000000000000000000000000000000000000000000000000000000
00000000000000000000000000000000000000000000000000000000000000000000000000000000000000001011001000000000011010110110001000000000000000000000000000000000000000000000000000000000000000000000000000000000
00000000000000000000000000000000000000000000000000000000000000000000000000000000000000000111011000000000000101101111100100000000000000000000000000000000000000000000000000000000000000000000000000000000
00000000000000000000000000000000000000000000000000000000000000000000000000000000000000001011101000000000101011010011010000000000000000000000000000000000000000000000000000000000000000000000000000000000
00000000000000000000000000000000000000000000000000000000000000000000000000000000001010010111000100000000000000000111101000000000000000000000000000000000000000000000000000000000000000000000000000000000
00000000000000000000000000000000000000000000000000000000000000000000000000000000010101000110110000000000000000001011010100000000000000000000000000000000000000000000000000000000000000000000000000000000
00000000000000000000000000000000000000000000000000000000000000000000000000000000001011000111010100000000000000000011111100000000000000000000000000000000000000000000000000000000000000000000000000000000
00000000000000000000000000000000000000000000000000000000000000000000000000000000100101001101001000000000000000000111100000000000000000000000000000000000000000000000000000000000000000000000000000000000
00000000000000000000000000000000000000000000000000000000000000000000000000000000011101001110101000000000000000001001111000000000000000000000000000000000000000000000000000000000000000000000000000000000
00000000000000000000000000000000000000000000000000000000000000000000000000000000010010001111010100000000000000001000110100000000000000000000000000000000000000000000000000000000000000000000000000000000
00000000000000000000000000000000000000000000000000000000000000000000000000000000101000111101000100000000000000001011111000000000000000000000000000000000000000000000000000000000000000000000000000000000
00000000000000000000000000000000000000000000000000000000000000000000000000000000000111011011110000000000000000000110111100000000000000000000000000000000000000000000000000000000000000000000000000000000
00000000000000000000000000000000000000000000000000000000000000000000000000000000010110110000000000000000000000001010011101011010000000000000000000000000000000000000000000000000000000000000000000000000
00000000000000000000000000000000000000000000000000000000000000000000000000000000101001110000000000000000000000000001101101100100000000000000000000000000000000000000000000000000000000000000000000000000
00000000000000000000000000000000000000000000000000000000000000000000000000000000101101100000000000000000000000001110001100011001000000000000000000000000000000000000000000000000000000000000000000000000
00000000000000000000000000000000000000000000000000000000000000000000000000000000010111110000000000000000000000000001100111001100000000000000000000000000000000000000000000000000000000000000000000000000
00000000000000000000000000000000000000000000000000000000000000000000000000000000110011010000000000000000000000000010011111110011000000000000000000000000000000000000000000000000000000000000000000000000
00000000000000000000000000000000000000000000000000000000000000000000000000000000001111100000000000000000000000001011001111111100000000000000000000000000000000000000000000000000000000000000000000000000
00000000000000000000000000000000000000000000000000000000000000000000000000000000111111010000000000000000000000000000110111001011000000000000000000000000000000000000000000000000000000000000000000000000
00000000000000000000000000000000000000000000000000000000000000000000000000000000001101000000000000000000000000000101001011110010000000000000000000000000000000000000000000000000000000000000000000000000
00000000000000000000000000000000000000000000000000000000000000000000000010110110111101010000000000000000000000000000000001101100000000000000000000000000000000000000000000000000000000000000000000000000
00000000000000000000000000000000000000000000000000000000000000000000000010100010011101100000000000000000000000000000000001110011000000000000000000000000000000000000000000000000000000000000000000000000
00000000000000000000000000000000000000000000000000000000000000000000000001000001110010000000000000000000000000000000000010110101000000000000000000000000000000000000000000000000000000000000000000000000
00000000000000000000000000000000000000000000000000000000000000000000000010110101111101000000000000000000000000000000000010110010000000000000000000000000000000000000000000000000000000000000000000000000
00000000000000000000000000000000000000000000000000000000000000000000000001011001111100100000000000000000000000000000000001111100000000000000000000000000000000000000000000000000000000000000000000000000
00000000000000000000000000000000000000000000000000000000000000000000000011010111100011000000000000000000000000000000000001011101000000000000000000000000000000000000000000000000000000000000000000000000
00000000000000000000000000000000000000000000000000000000000000000000000010100011101101100000000000000000000000000000000010111000000000000000000000000000000000000000000000000000000000000000000000000000
00000000000000000000000000000000000000000000000000000000000000000000000001101111001001010000000000000000000000000000000001011111000000000000000000000000000000000000000000000000000000000000000000000000
00000000000000000000000000000000000000000000000000000000000000000000000000010110000000000000000000000000000000000000000000001110100101000000000000000000000000000000000000000000000000000000000000000000
00000000000000000000000000000000000000000000000000000000000000000000000001001110000000000000000000000000000000000000000001011101001010100000000000000000000000000000000000000000000000000000000000000000
00000000000000000000000000000000000000000000000000000000000000000000000000100110000000000000000000000000000000000000000000100110001101000000000000000000000000000000000000000000000000000000000000000000
00000000000000000000000000000000000000000000000000000000000000000000000011101101000000000000000000000000000000000000000001100111001010010000000000000000000000000000000000000000000000000000000000000000
00000000000000000000000000000000000000000000000000000000000000000000000001001110000000000000000000000000000000000000000010100111001011100000000000000000000000000000000000000000000000000000000000000000
00000000000000000000000000000000000000000000000000000000000000000000000010111111000000000000000000000000000000000000000001010011000100100000000000000000000000000000000000000000000000000000000000000000
00000000000000000000000000000000000000000000000000000000000000000000000010001110000000000000000000000000000000000000000000101111110001010000000000000000000000000000000000000000000000000000000000000000
00000000000000000000000000000000000000000000000000000000000000000000000001111001000000000000000000000000000000000000000010110101101110000000000000000000000000000000000000000000000000000000000000000000
00000000000000000000000000000000000000000000000000000000000000000000000000111101000000000000000000000000000000000000000000011101101010000000000000000000000000000000000000000000000000000000000000000000
00000000000000000000000000000000000000000000000000000000000000000000000010111000000000000000000000000000000000000000000010100011110001010000000000000000000000000000000000000000000000000000000000000000
00000000000000000000000000000000000000000000000000000000000000000000000000111110000000000000000000000000000000000000000001001000110110100000000000000000000000000000000000000000000000000000000000000000
00000000000000000000000000000000000000000000000000000000000000000000000001110000000000000000000000000000000000000000000001110100110000000000000000000000000000000000000000000000000000000000000000000000
00000000000000000000000000000000000000000000000000000000000000000000000000111000000000000000000000000000000000000000000010010100111010010000000000000000000000000000000000000000000000000000000000000000
00000000000000000000000000000000000000000000000000000000000000000000000011110100000000000000000000000000000000000000000000101100111101100000000000000000000000000000000000000000000000000000000000000000
00000000000000000000000000000000000000000000000000000000000000000000000011101101000000000000000000000000000000000000000001010100011110100000000000000000000000000000000000000000000000000000000000000000
00000000000000000000000000000000000000000000000000000000000000000000000011101000000000000000000000000000000000000000000000101001101101010000000000000000000000000000000000000000000000000000000000000000
00000000000000000000000000000000000000000000000000000000000000001010100011000101000000000000000000000000000000000000000000000000101111010110010100000000000000000000000000000000000000000000000000000000
00000000000000000000000000000000000000000000000000000000000000001100010111110000000000000000000000000000000000000000000000000000011110001001100000000000000000000000000000000000000000000000000000000000
00000000000000000000000000000000000000000000000000000000000000000011000111101111000000000000000000000000000000000000000000000000100011110110010100000000000000000000000000000000000000000000000000000000
00000000000000000000000000000000000000000000000000000000000000001010111110010000000000000000000000000000000000000000000000000000111011100101101000000000000000000000000000000000000000000000000000000000
00000000000000000000000000000000000000000000000000000000000000000110001100101100000000000000000000000000000000000000000000000000010011101010100100000000000000000000000000000000000000000000000000000000
00000000000000000000000000000000000000000000000000000000000000001001101110001011000000000000000000000000000000000000000000000000101101111001011100000000000000000000000000000000000000000000000000000000
00000000000000000000000000000000000000000000000000000000000000000010011100111100000000000000000000000000000000000000000000000000011001110110100100000000000000000000000000000000000000000000000000000000
00000000000000000000000000000000000000000000000000000000000000001000011101001010000000000000000000000000000000000000000000000000010010011001001000000000000000000000000000000000000000000000000000000000
00000000000000000000000000000000000000000000000000000000000000000101011000000000000000000000000000000000000000000000000000000000010010011100110100000000000000000000000000000000000000000000000000000000
00000000000000000000000000000000000000000000000000000000000000000110111100000000000000000000000000000000000000000000000000000000100101101101010100000000000000000000000000000000000000000000000000000000
00000000000000000000000000000000000000000000000000000000000000000101110000000000000000000000000000000000000000000000000000000000111000011110001000000000000000000000000000000000000000000000000000000000
00000000000000000000000000000000000000000000000000000000000000001010110100000000000000000000000000000000000000000000000000000000100101010111010100000000000000000000000000000000000000000000000000000000
00000000000000000000000000000000000000000000000000000000000000000001111000000000000000000000000000000000000000000000000000000000010110101011001100000000000000000000000000000000000000000000000000000000
00000000000000000000000000000000000000000000000000000000000000000101111000000000000000000000000000000000000000000000000000000000101001100111100000000000000000000000000000000000000000000000000000000000
00000000000000000000000000000000000000000000000000000000000000001011101000000000000000000000000000000000000000000000000000000000000110010101101000000000000000000000000000000000000000000000000000000000
00000000000000000000000000000000000000000000000000000000000000000101100000000000000000000000000000000000000000000000000000000000100001100011110100000000000000000000000000000000000000000000000000000000
00000000000000000000000000000000000000000000000000000000000000000011010000000000000000000000000000000000000000000000000000000000000000000101110010100100000000000000001100000000000000000000000000000000
00000000000000000000000000000000000000000000000000000000000000000111000100000000000000000000000000000000000000000000000000000000000000001010011000101000000000000000001100000000000000000000000000000000
00000000000000000000000000000000000000000000000000000000000000000111101000000000000000000000000000000000000000000000000000000000000000000101011101010110000000000000001100000000000000000000000000000000
00000000000000000000000000000000000000000000000000000000000000000111100100000000000000000000000000000000000000000000000000000000000000001000001111001000000000000000001100000000000000000000000000000000
00000000000000000000000000000000000000000000000000000000000000001111011000000000000000000000000000000000000000000000000000000000000000000111001100111101000000000000001100000000000000000000000000000000
00000000000000000000000000000000000000000000000000000000000000000111100100000000000000000000000000000000000000000000000000000000000000000001001111100001000000000000011100000000000000000000000000000000
00000000000000000000000000000000000000000000000000000000000000001110111000000000000000000000000000000000000000000000000000000000000000000100110111011010000000000000011100000000000000000000000000000000
00000000000000000000000000000000000000000000000000000000000000001110101000000000000000000000000000000000000000000000000000000000000000000000000110100101000000000000011100000000000000000000000000000000
00000000000000000000000000000000000000000000000000000000001001101101001000000000000000000000000000000000000000000000000000000000000000000000000011010110000000000000001100000000000000000000000000000000
00000000000000000000000000000000000000000000000000000000100110011110010000000000000000000000000000000000000000000000000000000000000000000000000011010001000000000000001100000000000000000000000000000000
00000000000000000000000000000000000000000000000000000000001011011010110100000000000000000000000000000000000000000000000000000000000000000000000011101111000000000000001100000000000000000000000000000000
00000000000000000000000000000000000000000000000000000000100100011101001000000000000000000000000000000000000000000000000000000000000000000000000001101001000000000000001100000000000000000000000000000000
00000000000000000000000000000000000000000000000000000000001110111110101100000000000000000000000000000000000000000000000000000000000000000000000000110010000000000000001100000000000000000000000000000000
00000000000000000000000000000000000000000000000000000000010011110001110000000000000000000000000000000000000000000000000000000000000000000000000010111010000000000000001100000000000000000000000000000000
00000000000000000000000000000000000000000000000000000000010100111111001000000000000000000000000000000000000000000000000000000000000000000000000001111101000000000000001100000000000000000000000000000000
00000000000000000000000000000000000000000000000000000000010010110010110100000000000000000000000000000000000000000000000000000000000000000000000011011110000000000000001100000000000000000000000000000000
00000000000000001110000000000000000000000000000000000000000100110000000000000000000000000000000000000000000000000000000000000000000000000000000010000110101000100000001100000000000000000000000000000000
00000000000000001110000000000000000000000000000000000000100010110000000000000000000000000000000000000000000000000000000000000000000000000000000001001111110111010000001100000000000000000000000000000000
00000000000000001110000000000000000000000000000000000000001001110000000000000000000000000000000000000000000000000000000000000000000000000000000001010011011100100000001100000000000000000000000000000000
00000000000000001110000000000000000000000000000000000000010100110000000000000000000000000000000000000000000000000000000000000000000000000000000010100111110001000000001100000000000000000000000000000000
00000000000000001110000000000000000000000000000000000000101001110000000000000000000000000000000000000000000000000000000000000000000000000000000000111011111001010000001100000000000000000000000000000000
00000000000000001110000000000000000000000000000000000000100011110000000000000000000000000000000000000000000000000000000000000000000000000000000011000101110100000000001100000000000000000000000000000000
00000000000000001110000000000000000000000000000000000000011101100000000000000000000000000000000000000000000000000000000000000000000000000000000001001010111001010000001100000000000000000000000000000000
00000000000000001110000000000000000000000000000000000000101001110000000000000000000000000000000000000000000000000000000000000000000000000000000011010101011110010000001100000000000000000000000000000000
00000000000000001110000000000000000000000000000000000000001101100000000000000000000000000000000000000000000000000000000000000000000000000000000000000000001101000000011100000000000000000000000000000000
00000000000000001110000000000000000000000000000000000000110011100000000000000000000000000000000000000000000000000000000000000000000000000000000000000000111110010000000100000000000000000000000000000000
00000000000000001110000000000000000000000000000000000000101011010000000000000000000000000000000000000000000000000000000000000000000000000000000000000000001111100000000000000000000000000000000000000000
00000000000000001111000000000000000000000000000000000000010011010000000000000000000000000000000000000000000000000000000000000000000000000000000000000000110011010000001100000000000000000000000000000000
00000000000000001111100000000000000010000000000000000000001111100000000000000000000000000000000000000000000000001111111100000000000000000000000000000000010111101111111100000000000000000000000000000000
00000000000000001111111100000000000111000000000000000000101110100000000000000000000000000000000000000000000000001111111100000000000000000000000000000000101101101111111100000000000000000000000000000000
00000000000000001111111100000000000111110000000000000000000111010000000000000000000000000000000000000000000000000001111100000000000000000000000000000000101001111111111100000000000000000000000000000000
00000000000000001111111100000000001111110000000000000000111110100000000000000000000000000000000000000000000000000000111100000000000000000000000000000000010110111111111100000000000000000000000000000000
00000000000000000000000000000000000000000000000000000000101111010000000000000000000000000000000000000000000000000000000000000000000000000000000000000000000111011000101000000000000000000000000000000000
00000000000000000000000000000000000000000000000000000000001100010000000000000000000000000000000000000000000000000000000000000000000000000000000000000000101000111101001100000000000000000000000000000000
00000000000000000000000000000000000000000000000000000000101111000000000000000000000000000000000000000000000000000000000000000000000000000000000000000000010010001111011000000000000000000000000000000000
00000000000000000000000000000000000000000000000000000000011101010000000000000000000000000000000000000000000000000000000000000000000000000000000000000000011101001110101000000000000000000000000000000000
00000000000000000000000000000000000000000000000000000000011110100000000000000000000000000000000000000000000000000000000000000000000000000000000000000000100101001110010100000000000000000000000000000000
00000000000000000000000000000000000000000000000000000000101111010000000000000000000000000000000000000000000000000000000000000000000000000000000000000000001011001011000000000000000000000000000000000000
00000000000000000000000000000000000000000000000000000000001101100000000000000000000000000000000000000000000000000000000000000000000000000000000000000000010101000011111000000000000000000000000000000000
00000000000000000000000000000000000000000000000000000000001110000000000000000000000000000000000000000000000000000000000000000000000000000000000000000000001010010101100100000000000000000000000000000000
00000000000000000000000000000000000000000000000000000000011101000000000000000000000000000000000000000000000000000000000000000000000000000000000000000000000000000011111010110101000000000000000000000000
00000000000000000000000000000000000000000000000000000000101110010000000000000000000000000000000000000000000000000000000000000000000000000000000000000000000000000110110001101000000000000000000000000000
00000000000000000000000000000000000000000000000000000000011101100000000000000000000000000000000000000000000000000000000000000000000000000000000000000000000000000001111011010110000000000000000000000000
00000000000000000000000000000000000000000000000000000000111010000000000000000000000000000000000000000000000000000000000000000000000000000000000000000000000000001101011110110000000000000000000000000000
00000000000000000000000000000000000000000000000000000000011010100000000000000000000000000000000000000000000000000000000000000000000000000000000000000000000000000100111100010110000000000000000000000000
00000000000000000000000000000000000000000000000000000000111001010000000000000000000000000000000000000000000000000000000000000000000000000000000000000000000000001111001111001101000000000000000000000000
00000000000000000000000000000000000000000000000000000000011100010000000000000000000000000000000000000000000000000000000000000000000000000000000000000000000000000000010110110001000000000000000000000000
00000000000000000000000000000000000000000000000000000000011100100000000000000000000000000000000000000000000000000000000000000000000000000000000000000000000000001001000111010000000000000000000000000000
00000000000000000000000000000000000000000000000000101001011001000000000000000000000000000000000000000000000000000000000000000000000000000000000000000000000000000000000011110100011001010000000000000000
00000000000000000000000000000000000000000000000001010100011110110000000000000000000000000000000000000000000000000000000000000000000000000000000000000000000000000000000001101010100110000000000000000000
00000000000000000000000000000000000000000000000000101100111101000000000000000000000000000000000000000000000000000000000000000000000000000000000000000000000000000000000011111010011001010000000000000000
00000000000000000000000000000000000000000000000010010100011100010000000000000000000000000000000000000000000000000000000000000000000000000000000000000000000000000000000000111000010110100000000000000000
00000000000000000000000000000000000000000000000001110100111011010000000000000000000000000000000000000000000000000000000000000000000000000000000000000000000000000000000010011110101010010000000000000000
00000000000000000000000000000000000000000000000001001000110101100000000000000000000000000000000000000000000000000000000000000000000000000000000000000000000000000000000000001111100101110000000000000000
00000000000000000000000000000000000000000000000010100011110110010000000000000000000000000000000000000000000000000000000000000000000000000000000000000000000000000000000001110111011010010000000000000000
00000000000000000000000000000000000000000000000000011101101001000000000000000000000000000000000000000000000000000000000000000000000000000000000000000000000000000000000001001011100100100000000000000000
00000000000000000000000000000000000000000000000000000001100000000000000001100100010100010000000010010010000000000000000000000000000000000000000010010100000110101001010101001001111001100000000000000000
00000000000000000000000000000000000000000000000000000001100000000000000010010101001001100000000001000101000000000000000000000000000000000000000010100100011001000110101010010110111110000000000000000000
00000000000000000000000000000000000000000000000000000001100000000000000000111010010110000000000000111100000000000000000000000000000000000000000001011111101000011011000111100001001110110000000000000000
00000000000000000000000000000000000000000000000000000001100000000000000011001001001001010000000000000011000000000000000000000000000000000000000010100010010000001101101010010101100111010000000000000000
00000000000000000000000000000000000000000000000000000001100000000000000010101101001000000000000010010101000000000000000000000000000000000000000000110101011101100100010101011010001111100000000000000000
00000000000000000000000000000000000000000000000000000001100000000000000001100010000111101111111101111111111111111111111111111111111111111111111111111101100100001010001110100110010011110000000000000000
00000000000000000000000000000000000000000000000000000001100000000000000010010111111111111111111111111111111111111111111111111111111111111111111111111111111111110001010000011001010011100000000000000000
00000000000000000000000000000000000000000000000000000001100000000000000000111111111111100000000000100001000000000000000000000000000000000000000001010111111111111110001010000110100101110000000000000000
00000000000000000000000000000000000000000000000000000001110010001111101111111110000000000000000000000000000000000000000000000000000000000000000000000000010010011111111100000100001011110011010000000000
00000000000000000000000000000000000000000000000011000001101101111111111111011100000000000000000000000000000000000000000000000000000000000000000000000000100101100101111111100101001000111000101000000000
00000000000000000000000000000000000000000000000000010011111111111000110101010010000000000000000000000000000000000000000000000000000000000000000000000000111000010000101111111100001000011001001000000000
00000000000000000000000000000000000000000000000001011101111111000110000001101010000000000000000000000000000000000000000000000000000000000000000000000000100101011001010101111111110001001111110100000000
00000000000000000000000000000000000000000000000000100010001010101011001100100101000000000000000000000000000000000000000000000000000000000000000000000000010110100110000000111111111111011100011100000000
00000000000000000000000000000000000000000000000001001101100000100110100010110000000000000000000000000000000000000000000000000000000000000000000000000000101001101000000101000100101111110111001000000000
00000000000000000000000000000000000000000000000000001010011011000010001101001110000000000000000000000000000000000000000000000000000000000000000000000000000110010101101000010011010101111111110100000000
00000000000000000000000000000000000000000000000001000010100010000101100010101101000000000000000000000000000000000000000000000000000000000000000000000000100001101010000110111000110010011111110000000000
00000000000000000000000000000000000000000000000000000000000000000000000000000000000000000000000000000000000000000000000000000000000000000000000000000000000000000000000000000000000000000011110000000000
00000000000000000000000000000000000000000000000000000000000000000000000000000000000000000000000000000000000000000000000000000000000000000000000000000000000000000000000000000000000000000101101000000000
00000000000000000000000000000000000000000000000000000000000000000000000000000000000000000000000000000000000000000000000000000000000000000000000000000000000000000000000000000000000000000000000000000000
00000000000000000000000000000000000000000000000000000000000000000000000000000000000000000000000000000000000000000000000000000000000000000000000000000000000000000000000000000000000000000010010000000000
00000000000000000000000000000000000000000000000000000000000000000000000000000000000000000000000000000000000000000000000000000000000000000000000000000000000000000000000000000000000000000101101000000000
00000000000000000000000000000000000000000000000000000000000000000000000000000000000000000000000000000000000000000000000000000000000000000000000000000000000000000000000000000000000000000000000000000000
00000000000000000000000000000000000000000000000000000000000000000000000000000000000000000000000000000000000000000000000000000000000000000000000000000000000000000000000000000000000000001100001100000000
00000000000000000000000000000000000000000000000000000000000000000000000000000000000000000000000000000000000000000000000000000000000000000000000000000000000000000000000000000000000000000101101000000000
00000000000000000000000000000000000000000000000000000000000000000000000000000000000000000000000000000000000000000000000000000000000000000000000000000000000000000000000000000000000000000000000000000000
00000000000000000000000000000000000000000000000000000000000000000000000000000000000000000000000000000000000000000000000000000000000000000000000000000000000000000000000000000000000000000000000000000000
00000000000000000000000000000000000000000000000000000000000000000000000000000000000000000000000000000000000000000000000000000000000000000000000000000000000000000000000000000000000000000000000000000000
00000000000000000000000000000000000000000000000000000000000000000000000000000000000000000000000000000000000000000000000000000000000000000000000000000000000000000000000000000000000000000000000000000000
00000000000000000000000000000000000000000000000000000000000000000000000000000000000000000000000000000000000000000000000000000000000000000000000000000000000000000000000000000000000000000000000000000000
00000000000000000000000000000000000000000000000000000000000000000000000000000000000000000000000000000000000000000000000000000000000000000000000000000000000000000000000000000000000000000000000000000000
00000000000000000000000000000000000000000000000000000000000000000000000000000000000000000000000000000000000000000000000000000000000000000000000000000000000000000000000000000000000000000000000000000000
00000000000000000000000000000000000000000000000000000000000000000000000000000000000000000000000000000000000000000000000000000000000000000000000000000000000000000000000000000000000000000000000000000000
