200 200
00000000000000000000000000000000000000000000000000000000000000000000000000000000000000000000000000000000000000000000000000000000000000000000000000000000000000000000000000000000000000000000000000000000
00000000000000000000000000000000000000000000000000000000000000000000000000000000000000000000000000000000000000000000000000000000000000000000000000000000000000000000000000000000000000000000000000000000
00000000000000000000000000000000000000000000000000000000000000000000000000000000000000000000000000000000000000000000000000000000000000000000000000000000000000000000000000000000000000000000000000000000
00000000000000000000000000000000000000000000000000000000000000000000000000000000000000000000000000000000000000000000000000000000000000000000000000000000000000000000000000000000000000000000000000000000
00000000000000000000000000000000000000000000000000000000000000000000000000000000000000000000000000000000000000000000000000000000000000000000000000000000000000000000000000000000000000000000000000000000
00000000000000000000000000000000000000000000000000000000000000000000000000000000000000000000000000000000000000000000000000000000000000000000000000000000000000000000000000000000000000000000000000000000
00000000000000000000000000000000000000000000000000000000000000000000000000000000000000000000000000000000000000000000000000000000000000000000000000000000000000000000000000000000000000000000000000000000
00000000000000000000000000000000000000000000000000000000000000000000000000000000000000000000000000000000000000000000000000000000000000000000000000000000000000000000000000000000000000000000000000000000
00000000000000000000000000000000000000000000000000000000000000000000000000000000000000000000000000000000000000000000000000000000000000000000000000000000000000000000000000000000000000000000000000000000
00000000000000000000000000000000000000000000000000000000000000000000000000000000000000000000000000000000000000000000000000000000000000000000000000000000000000000000000000000000000000000000000000000000
00000000000000000000000000000000000000000000000000000000000000000000000000000000000000000000000000000000000000000000000000000000000000000000000000000000000000000000000000000000000000000000000000000000
00000000000000000000000000000000000000000000000000000000000000000000000000000000000000000000000000000000000000000000000000000000000000000000000000000000000000000000000000000000000000000000000000000000
00000000000000000000000000000000000000000000000000000000000000000000000000000000000000000000000000000000000000000000000000000000000000000000000000000000000000000000000000000000000000000000000000000000
00000000000000000000000000000000000000000000000000000000000000000000000000000000000000000000000000000000000000000000000000000000000000000000000000000000000000000000000000000000000000000000000000000000
00000000000000000000000000000000000000000000000000000000000000000000000000000000000000000000000000000000000000000000000000000000000000000000000000000000000000000000000000000000000000000000000000000000
00000000000000000000000000000000000000000000000000000000000000000000000000000000000000000000000000000000000000000000000000000000000000000000000000000000000000000000000000000000000000000000000000000000
00000000000000000000000000000000000000000000000000000000000000000000000000000000101010010000000000000000000000000000000000000000000000000000000000000000000000000000000000000000000000000000000000000000
00000000000000000000000000000000000000000000000000000000000000000000000000000000011011000000000000000000000000000000000000000000000000000000000000000000000000000000000000000000000000000000000000000000
00000000000000000000000000000000000000000000000000000000000000000000000000000000110100110000000000000000000000000000000000000000000000000000000000000000000000000000000000000000000000000000000000000000
00000000000000000000000000000000000000000000000000000000000000000000000000000000111101000000000000000000000000000000000000000000000000000000000000000000000000000000000000000000000000000000000000000000
00000000000000000000000000000000000000000000000000000000000000000000000000000000011000110000000000000000000000000000000000000000000000000000000000000000000000000000000000000000000000000000000000000000
00000000000000000000000000000000000000000000000000000000000000000000000000000000111111010000000000000000000000000000000000000000000000000000000000000000000000000000000000000000000000000000000000000000
00000000000000000000000000000000000000000000000000000000000000000000000000000000001110010000000000000000000000000000000000000000000000000000000000000000000000000000000000000000000000000000000000000000
00000000000000000000000000000000000000000000000000000000000000000000000000000000110111000000000000000000000000000000000000000000000000000000000000000000000000000000000000000000000000000000000000000000
00000000000000000000000000000000000000000000000000000000000000000000000010110001111111011010010000000000000000000000000000000000000000000000000000000000000000000000000000000000000000000000000000000000
00000000000000000000000000000000000000000000000000000000000000000000000001001110111011100010100000000000000000000000000000000000000000000000000000000000000000000000000000000000000000000000000000000000
00000000000000000000000000000000000000000000000000000000000000000000000000011000011011110101011000000000000000000000000000000000000000000000000000000000000000000000000000000000000000000000000000000000
00000000000000000000000000000000000000000000000000000000000000000000000010110100111011111100100000000000000000000000000000000000000000000000000000000000000000000000000000000000000000000000000000000000
00000000000000000000000000000000000000000000000000000000000000000000000001100001111010110011110100000000000000000000000000000000000000000000000000000000000000000000000000000000000000000000000000000000
00000000000000000000000000000000000000000000000000000000000000000000000010010101100100111110000100000000000000000000000000000000000000000000000000000000000000000000000000000000000000000000000000000000
00000000000000000000000000000000000000000000000000000000000000000000000000100111101011011101101000000000000000000000000000000000000000000000000000000000000000000000000000000000000000000000000000000000
00000000000000000000000000000000000000000000000000000000000000000000000010011011110100111010010100000000000000000000000000000000000000000000000000000000000000000000000000000000000000000000000000000000
00000000000000000000000000000000000000000000000000000000000000000000000010101111010010011101010000000000000000000000000000000000000000000000000000000000000000000000000000000000000000000000000000000000
00000000000000000000000000000000000000000000000000000000000000000000000001010111100101101110011000000000000000000000000000000000000000000000000000000000000000000000000000000000000000000000000000000000
00000000000000000000000000000000000000000000000000000000000000000000000011011100111000010111101000000000000000000000000000000000000000000000000000000000000000000000000000000000000000000000000000000000
00000000000000000000000000000000000000000000000000000000000000000000000010111111100101011110000100000000000000000000000000000000000000000000000000000000000000000000000000000000000000000000000000000000
00000000000000000000000000000000000000000000000000000000000000000000000001011100010110100110011000000000000000000000000000000000000000000000000000000000000000000000000000000000000000000000000000000000
00000000000000000000000000000000000000000000000000000000000000000000000001111011101001101111001000000000000000000000000000000000000000000000000000000000000000000000000000000000000000000000000000000000
00000000000000000000000000000000000000000000000000000000000000000000000001011100000110010011110100000000000000000000000000000000000000000000000000000000000000000000000000000000000000000000000000000000
00000000000000000000000000000000000000000000000000000000000000000000000010111000100001100101110100000000000000000000000000000000000000000000000000000000000000000000000000000000000000000000000000000000
00000000000000000000000000000000000000000000000000000000000000000101101011110101000000000000110000101001000000000000000000000000000000000000000000000000000000000000000000000000000000000000000000000000
00000000000000000000000000000000000000000000000000000000000000000010011001110110000000001001111010100110000000000000000000000000000000000000000000000000000000000000000000000000000000000000000000000000
00000000000000000000000000000000000000000000000000000000000000001001100011001000000000001011011101001101000000000000000000000000000000000000000000000000000000000000000000000000000000000000000000000000
00000000000000000000000000000000000000000000000000000000000000000011001111110100000000000000011101110010000000000000000000000000000000000000000000000000000000000000000000000000000000000000000000000000
00000000000000000000000000000000000000000000000000000000000000001100111111110010000000001010001100001000000000000000000000000000000000000000000000000000000000000000000000000000000000000000000000000000
00000000000000000000000000000000000000000000000000000000000000000011111110001100000000000100101110101101000000000000000000000000000000000000000000000000000000000000000000000000000000000000000000000000
00000000000000000000000000000000000000000000000000000000000000001101001110110110000000000011000111011010000000000000000000000000000000000000000000000000000000000000000000000000000000000000000000000000
00000000000000000000000000000000000000000000000000000000000000000100111100100101000000000100011011110110000000000000000000000000000000000000000000000000000000000000000000000000000000000000000000000000
00000000000000000000000000000000000000000000000000000000000000000001011000000000000000000000000001100100000000000000000000000000000000000000000000000000000000000000000000000000000000000000000000000000
00000000000000000000000000000000000000000000000000000000000000001010111000000000000000000000000001111100000000000000000000000000000000000000000000000000000000000000000000000000000000000000000000000000
00000000000000000000000000000000000000000000000000000000000000001001110100000000000000000000000010110001000000000000000000000000000000000000000000000000000000000000000000000000000000000000000000000000
00000000000000000000000000000000000000000000000000000000000000000111111000000000000000000000000000111011000000000000000000000000000000000000000000000000000000000000000000000000000000000000000000000000
00000000000000000000000000000000000000000000000000000000000000000011110100000000000000000000000010011011000000000000000000000000000000000000000000000000000000000000000000000000000000000000000000000000
00000000000000000000000000000000000000000000000000000000000000000111100100000000000000000000000001011100000000000000000000000000000000000000000000000000000000000000000000000000000000000000000000000000
00000000000000000000000000000000000000000000000000000000000000000101101000000000000000000000000010101111000000000000000000000000000000000000000000000000000000000000000000000000000000000000000000000000
00000000000000000000000000000000000000000000000000000000000000000101100000000000000000000000000001010110000000000000000000000000000000000000000000000000000000000000000000000000000000000000000000000000
00000000000000000000000000000000000000000000000000000000010000100111110000000000000000000000000000001111100101000000000000000000000000000000000000000000000000000000000000000000000000000000000000000000
00000000000000000000000000000000000000000000000000000000100001010011011000000000000000000000000000100011000101110000000000000000000000000000000000000000000000000000000000000000000000000000000000000000
00000000000000000000000000000000000000000000000000000000001101000111100000000000000000000000000011010111110110000000000000000000000000000000000000000000000000000000000000000000000000000000000000000000
00000000000000000000000000000000000000000000000000000000110010011110101100000000000000000000000001011001110001010000000000000000000000000000000000000000000000000000000000000000000000000000000000000000
00000000000000000000000000000000000000000000000000000000000110011111001000000000000000000000000010110101110110100000000000000000000000000000000000000000000000000000000000000000000000000000000000000000
00000000000000000000000000000000000000000000000000000000011000101100111100000000000000000000000001000001111101000000000000000000000000000000000000000000000000000000000000000000000000000000000000000000
00000000000000000000000000000000000000000000000000000000101001011010000000000000000000000000000010100010111001100000000000000000000000000000000000000000000000000000000000000000000000000000000000000000
00000000000000000000000000000000000000000000000000000000010100111000100100000000000000000000000010110110011101010000000000000000000000000000000000000000000000000000000000000000000000000000000000000000
00000000000000000000000000000000000000000000000000000000100001110000000000000000000000000000000000000000101110011001010000000000000000000000000000000000000000000000000000000000000000000000000000000000
00000000000000000000000000000000000000000000000000000000011000110000000000000000000000000000000000000000010111100010101000000000000000000000000000000000000000000000000000000000000000000000000000000000
00000000000000000000000000000000000000000000000000000000010011110000000000000000000000000000000000000000101011100011010000000000000000000000000000000000000000000000000000000000000000000000000000000000
00000000000000000000000000000000000000000000000000000000101101110000000000000000000000000000000000000000010101110010100100000000000000000000000000000000000000000000000000000000000000000000000000000000
00000000000000000000000000000000000000000000000000000000011100110000000000000000000000000000000000000000011011100010111000000000000000000000000000000000000000000000000000000000000000000000000000000000
00000000000000000000000000000000000000000000000000000000100010110000000000000000000000000000000000000000100100110001001000000000000000000000000000000000000000000000000000000000000000000000000000000000
00000000000000000000000000000000000000000000000000000000111101110000000000000000000000000000000000000000000010111100010100000000000000000000000000000000000000000000000000000000000000000000000000000000
00000000000000000000000000000000000000000000000000000000001011110000000000000000000000000000000000000000011001011011100000000000000000000000000000000000000000000000000000000000000000000000000000000000
00000000000000000000000000000000000000000000000000000000100111100000000000000000000000000000000000000000000000001101010000000000000000000000000000000000000000000000000000000000000000000000000000000000
00000000000000000000000000000000000000000000000000000000010011000000000000000000000000000000000000000000000000001110010100000000000000000000000000000000000000000000000000000000000000000000000000000000
00000000000000000000000000000000000000000000000000000000000111010000000000000000000000000000000000000000000000000110010100000000000000000000000000000000000000000000000000000000000000000000000000000000
00000000000000000000000000000000000000000000000000000000100110100000000000000000000000000000000000000000000000000111101000000000000000000000000000000000000000000000000000000000000000000000000000000000
00000000000000000000000000000000000000000000000000000000010110010000000000000000000000000000000000000000000000001011000100000000000000000000000000000000000000000000000000000000000000000000000000000000
00000000000000000000000000000000000000000000000000000000101110000000000000000000000000000000000000000000000000000111110000000000000000000000000000000000000000000000000000000000000000000000000000000000
00000000000000000000000000000000000000000000000000000000001100100000000000000000000000000000000000000000000000001001100100000000000000000000000000000000000000000000000000000000000000000000000000000000
00000000000000000000000000000000000000000000000000000000011110010000000000000000000000000000000000000000000000000110111000000000000000000000000000000000000000000000000000000000000000000000000000000000
00000000000000000000000000000000000000000000000010101101101110010000000000000000000000000000000000000000000000000001111101001001000000000000000000000000000000000000000000000000000000000000000000000000
00000000000000000000000000000000000000000000000000010110011100010000000000000000000000000000000000000000000000000110111010000101000000000000000000000000000000000000000000000000000000000000000000000000
00000000000000000000000000000000000000000000000001101011011111000000000000000000000000000000000000000000000000000101101101101100000000000000000000000000000000000000000000000000000000000000000000000000
00000000000000000000000000000000000000000000000000001101111001100000000000000000000000000000000000000000000000001000101111010110000000000000000000000000000000000000000000000000000000000000000000000000
00000000000000000000000000000000000000000000000001101000110010000000000000000000000000000000000000000000000000000111100111000110000000000000000000000000000000000000000000000000000000000000000000000000
00000000000000000000000000000000000000000000000010110011110101100000000000000000000000000000000000000000000000001000011011110000000000000000000000000000000000000000000000000000000000000000000000000000
00000000000000000000000000000000000000000000000010001101111100010000000000000000000000000000000000000000000000001011000101100101000000000000000000000000000000000000000000000000000000000000000000000000
00000000000000000000000000000000000000000000000000001011100001000000000000000000000000000000000000000000000000000100011111111010000000000000000000000000000000000000000000000000000000000000000000000000
00000000000000000000000000000000000000000000000000010011000000000000000000000000000000000000000000000000000000000000000010110100000000000000000000000000000000000000000000000000000000000000000000000000
00000000000000000000000000000000000000000000000010100111000000000000000000000000000000000000000000000000000000000000000010110000000000000000000000000000000000000000000000000000000000000000000000000000
00000000000000000000000000000000000000000000000010101110000000000000000000000000000000000000000000000000000000000000000001111100000000000000000000000000000000000000000000000000000000000000000000000000
00000000000000000000000000000000000000000000000000011110000000000000000000000000000000000000000000000000000000000000000001011101000000000000000000000000000000000000000000000000000000000000000000000000
00000000000000000000000000000000000000000000000010101100000000000000000000000000000000000000000000000000000000000000000010111111000000000000000000000000000000000000000000000000000000000000000000000000
00000000000000000000000000000000000000000000000001011101000000000000000000000000000000000000000000000000000000000000000011010110000000000000000000000000000000000000000000000000000000000000000000000000
00000000000000000000000000000000000000000000000001011001000000000000000000000000000000000000000000000000000000000000000001001011000000000000000000000000000000000000000000000000000000000000000000000000
00000000000000000000000000000000000000000000000010111000000000000000000000000000000000000000000000000000000000000000000001100011000000000000000000000000000000000000000000000000000000000000000000000000
00000000000000000000000000000000000000000000000000110001000000000000000000000000000000000000000000000000000000000000000000011101101010000000000000000000000000000000000000000000000000000000000000000000
00000000000000000000000000000000000000000000000010110100000000000000000000000000000000000000000000000000000000000000000010100011110001010000000000000000000000000000000000000000000000000000000000000000
00000000000000000000000000000000000000000000000001100101000000000000000000000000000000000000000000000000000000000000000001001000110110100000000000000000000000000000000000000000000000000000000000000000
00000000000000000000000000000000000000000000000001110001000000000000000000000000000000000000000000000000000000000000000001110100110000000000000000000000000000000000000000000000000000000000000000000000
00000000000000000000000000000000000000000000000001110010000000000000000000000000000000000000000000000000000000000000000010010100111010010000000000000000000000000000000000000000000000000000000000000000
00000000000000000000000000000000000000000000000011001001000000000000000000000000000000000000000000000000000000000000000000101100111101100000000000000000000000000000000000000000000000000000000000000000
00000000000000000000000000000000000000000000000011010010000000000000000000000000000000000000000000000000000000000000000001010100011110100000000000000000000000000000000000000000000000000000000000000000
00000000000000000000000000000000000000000000000011010100000000000000000000000000000000000000000000000000000000000000000000101001101101010000000000000000000000000000000000000000000000000000000000000000
00000000000000000000000000000000000000000000101011010110000000000000000000000000000000000000000000000000000000000000000000000000101110000110010100000000000000000000000000000000000000000000000000000000
00000000000000000000000000000000000000000111000110100100000000000000000000000000000000000000000000000000000000000000000000000000010111011001100000000000000000000000000000000000000000000000000000000000
00000000000000000000000000000000000000001010111111101101000000000000000000000000000000000000000000000000000000000000000000000000000011000110010100000000000000000000000000000000000000000000000000000000
00000000000000000000000000000000000000000101100110100110000000000000000000000000000000000000000000000000000000000000000000000000110111110101101000000000000000000000000000000000000000000000000000000000
00000000000000000000000000000000000000001010010111011110000000000000000000000000000000000000000000000000000000000000000000000000001011111010100100000000000000000000000000000000000000000000000000000000
00000000000000000000000000000000000000000100010110001001000000000000000000000000000000000000000000000000000000000000000000000000101110111001011100000000000000000000000000000000000000000000000000000000
00000000000000000000000000000000000000001001001110100100000000000000000000000000000000000000000000000000000000000000000000000000010010110110100100000000000000000000000000000000000000000000000000000000
00000000000000000000000000000000000000000100111111010011000000000000000000000000000000000000000000000000000000000000000000000000001001011001001000000000000000000000000000000000000000000000000000000000
00000000000000000000000000000000000000001010001100000000000000000000000000000000000000000000000000000000000000000000000000000000010010011110010100000000000000000000001100000000000000000000000000000000
00000000000000000000000000000000000000000011011100000000000000000000000000000000000000000000000000000000000000000000000000000000100101101101000000000000000000000000001100000000000000000000000000000000
00000000000000000000000000000000000000001110011100000000000000000000000000000000000000000000000000000000000000000000000000000000111000010110010100000000000000000000001100000000000000000000000000000000
00000000000000000000000000000000000000000000011000000000000000000000000000000000000000000000000000000000000000000000000000000000100101011110000000000000000000000000001100000000000000000000000000000000
00000000000000000000000000000000000000000001110000000000000000000000000000000000000000000000000000000000000000000000000000000000010110100011010000000000000000000000001100000000000000000000000000000000
00000000000000000000000000000000000000000010111000000000000000000000000000000000000000000000000000000000000000000000000000000000101001101011101100000000000000000000011100000000000000000000000000000000
00000000000000000000000000000000000000001011110100000000000000000000000000000000000000000000000000000000000000000000000000000000000110010101110000000000000000000000011100000000000000000000000000000000
00000000000000000000000000000000000000001001110000000000000000000000000000000000000000000000000000000000000000000000000000000000100001100011110100000000000000000000011100000000000000000000000000000000
00000000000000000000000000000000000000000011100000000000000000000000000000000000000000000000000000000000000000000000000000000000000000000010110010110101000000000000001100000000000000000000000000000000
00000000000000000000000000000000000000001011101100000000000000000000000000000000000000000000000000000000000000000000000000000000000000001001111101101000000000000000001100000000000000000000000000000000
00000000000000000000000000000000000000000111000000000000000000000000000000000000000000000000000000000000000000000000000000000000000000000100011011010110000000000000001100000000000000000000000000000000
00000000000000000000000000000000000000000110101100000000000000000000000000000000000000000000000000000000000000000000000000000000000000001010011110110000000000000000001100000000000000000000000000000000
00000000000000000000000000000000000000000110110000000000000000000000000000000000000000000000000000000000000000000000000000000000000000000001011100010110000000000000001100000000000000000000000000000000
00000000000000000000000000000000000000001111001000000000000000000000000000000000000000000000000000000000000000000000000000000000000000000100001111001101000000000000001100000000000000000000000000000000
00000000000000000000000000000000000000000110010000000000000000000000000000000000000000000000000000000000000000000000000000000000000000001010101110110001000000000000001100000000000000000000000000000000
00000000000000000000000000000000000000000111101000000000000000000000000000000000000000000000000000000000000000000000000000000000000000001010010111010000000000000000001100000000000000000000000000000000
00000000000000001110000000000000010100101110010000000000000000000000000000000000000000000000000000000000000000000000000000000000000000000000000011100001000000000000001100000000000000000000000000000000
00000000000000001110000000000000001111011100111100000000000000000000000000000000000000000000000000000000000000000000000000000000000000000000000001101101000000000000001100000000000000000000000000000000
00000000000000001110000000000000110000011101100000000000000000000000000000000000000000000000000000000000000000000000000000000000000000000000000000110011000000000000001100000000000000000000000000000000
00000000000000001110000000000000001101001100110100000000000000000000000000000000000000000000000000000000000000000000000000000000000000000000000011111101000000000000001100000000000000000000000000000000
00000000000000001110000000000000000010011011010100000000000000000000000000000000000000000000000000000000000000000000000000000000000000000000000001011010000000000000001100000000000000000000000000000000
00000000000000001110000000000000111101011100101000000000000000000000000000000000000000000000000000000000000000000000000000000000000000000000000001011010000000000000001100000000000000000000000000000000
00000000000000001110000000000000001011111010100100000000000000000000000000000000000000000000000000000000000000000000000000000000000000000000000010011101000000000000001100000000000000000000000000000000
00000000000000001110000000000000101000111000101100000000000000000000000000000000000000000000000000000000000000000000000000000000000000000000000000101110000000000000001100000000000000000000000000000000
00000000000000001110000000000000010011110000000000000000000000000000000000000000000000000000000000000000000000000000000000000000000000000000000010100111101100000000011100000000000000000000000000000000
00000000000000001110000000000000101101100000000000000000000000000000000000000000000000000000000000000000000000000000000000000000000000000000000001010110011000110000000100000000000000000000000000000000
00000000000000001110000000000000010111100000000000000000000000000000000000000000000000000000000000000000000000000000000000000000000000000000000001101111000011000000000000000000000000000000000000000000
00000000000000001111000000000000101011010000000000000000000000000000000000000000000000000000000000000000000000000000000000000000000000000000000011010111111000110000001100000000000000000000000000000000
00000000000000001111100000000000010111010000000000000000000000000000000000000000000000000000000000000000000000001111111100000000000000000000000000101101110010011111111100000000000000000000000000000000
00000000000000001111111100000000101111100000000000000000000000000000000000000000000000000000000000000000000000001111111100000000000000000000000001001100111100101111111100000000000000000000000000000000
00000000000000001111111100000000001111010000000000000000000000000000000000000000000000000000000000000000000000000001111100000000000000000000000010101101111011011111111100000000000000000000000000000000
00000000000000001111111100000000011110100000000000000000000000000000000000000000000000000000000000000000000000000000111100000000000000000000000010010100001100101111111100000000000000000000000000000000
00000000000000000000000000000000101101000000000000000000000000000000000000000000000000000000000000000000000000000000000000000000000000000000000000000000001101100110010100000000000000000000000000000000
00000000000000000000000000000000011100100000000000000000000000000000000000000000000000000000000000000000000000000000000000000000000000000000000000000000101110011001100000000000000000000000000000000000
00000000000000000000000000000000011100010000000000000000000000000000000000000000000000000000000000000000000000000000000000000000000000000000000000000000011111000110010100000000000000000000000000000000
00000000000000000000000000000000011101100000000000000000000000000000000000000000000000000000000000000000000000000000000000000000000000000000000000000000010011000101101000000000000000000000000000000000
00000000000000000000000000000000111010010000000000000000000000000000000000000000000000000000000000000000000000000000000000000000000000000000000000000000100111101010100100000000000000000000000000000000
00000000000000000000000000000000111001010000000000000000000000000000000000000000000000000000000000000000000000000000000000000000000000000000000000000000001001111001011100000000000000000000000000000000
00000000000000000000000000000000110111000000000000000000000000000000000000000000000000000000000000000000000000000000000000000000000000000000000000000000101010110110100100000000000000000000000000000000
00000000000000000000000000000000110000100000000000000000000000000000000000000000000000000000000000000000000000000000000000000000000000000000000000000000000100111001001000000000000000000000000000000000
00000000000000000000000001000010110011110000000000000000000000000000000000000000000000000000000000000000000000000000000000000000000000000000000000000000010010011100100000000000000000000000000000000000
00000000000000000000000001000001111100000000000000000000000000000000000000000000000000000000000000000000000000000000000000000000000000000000000000000000100101101110010100000000000000000000000000000000
00000000000000000000000010010011101011110000000000000000000000000000000000000000000000000000000000000000000000000000000000000000000000000000000000000000111000010111010100000000000000000000000000000000
00000000000000000000000001101100100001010000000000000000000000000000000000000000000000000000000000000000000000000000000000000000000000000000000000000000100101010111100000000000000000000000000000000000
00000000000000000000000000100111101100000000000000000000000000000000000000000000000000000000000000000000000000000000000000000000000000000000000000000000010110100011010100000000000000000000000000000000
00000000000000000000000011010011110010100000000000000000000000000000000000000000000000000000000000000000000000000000000000000000000000000000000000000000101001101011101000000000000000000000000000000000
00000000000000000000000000100111110101010000000000000000000000000000000000000000000000000000000000000000000000000000000000000000000000000000000000000000000110011001101000000000000000000000000000000000
00000000000000000000000010001011110010100000000000000000000000000000000000000000000000000000000000000000000000000000000000000000000000000000000000000000100001100001110100000000000000000000000000000000
00000000000000000000000010010111000000000000000000000000000000000000000000000000000000000000000000000000000000000000000000000000000000000000000000000000000000000011110001011010000000000000000000000000
00000000000000000000000010111011000000000000000000000000000000000000000000000000000000000000000000000000000000000000000000000000000000000000000000000000000000000000111101100100000000000000000000000000
00000000000000000000000001001111000000000000000000000000000000000000000000000000000000000000000000000000000000000000000000000000000000000000000000000000000000000000111100011001000000000000000000000000
00000000000000000000000001010011000000000000000000000000000000000000000000000000000000000000000000000000000000000000000000000000000000000000000000000000000000001101001111001100000000000000000000000000
00000000000000000000000000100111000000000000000000000000000000000000000000000000000000000000000000000000000000000000000000000000000000000000000000000000000000000010101111110011000000000000000000000000
00000000000000000000000010010110000000000000000000000000000000000000000000000000000000000000000000000000000000000000000000000000000000000000000000000000000000001000010111111100000000000000000000000000
00000000000000000000000011001110000000000000000000000000000000000000000000000000000000000000000000000000000000000000000000000000000000000000000000000000000000000100001011001011000000000000000000000000
00000000000000000000000000111110000000000000000000000000000000000000000000000000000000000000000000000000000000000000000000000000000000000000000000000000000000001001000011110010000000000000000000000000
00000000000000000000000011001101000000000000000000000000000000000000000000000000000000000000000000000000000000000000000000000000000000000000000000000000000000000000000001110001000000000000000000000000
00000000000000000000000000111101000000000000000000000000000000000000000000000000000000000000000000000000000000000000000000000000000000000000000000000000000000000000000001110011000000000000000000000000
00000000000000000000000011111010000000000000000000000000000000000000000000000000000000000000000000000000000000000000000000000000000000000000000000000000000000000000000010111010000000000000000000000000
00000000000000000000000000111101000000000000000000000000000000000000000000000000000000000000000000000000000000000000000000000000000000000000000000000000111111111111111101111101000000000000000000000000
00000000000000000000000011110010000000000000000000000000000000000000000000000000000000000000000000000000000000000000000000000000000000000000000000000000000000000000000011011110000000000000000000000000
00000000000000000000000001111000111111111111111111111111111111111111111111111111111111111111111111111111111111111111111111111111111111111111111111111111000000000000000000110110000000000000000000000000
00000000000000000000000001111111111111111111111111111111111111111111111111111111111111111111111111111111111111111111111111111111111111111111111111111111000000000000000011001111000000000000000000000000
00000000000000000000000010111111111111111111111111111111111111111111111111111111111111111111111111111111111111111111111111111111111111111111111111111111111111111111111111111111000000000000000000000000
00000000000000000000000000000000000000000000000000000000000000000000000000000000000000000000000000000000000000000000000000000000000000000000000000000000111111111111111111111111000000000000000000000000
00000000000000000000000000000000000000000000000000000000000000000000000000000000000000000000000000000000000000000000000000000000000000000000000000000000000000000000000000000000000000000000000000000000
00000000000000000000000000000000000000000000000000000000000000000000000000000000000000000000000000000000000000000000000000000000000000000000000000000000000000000000000000000000000000000000000000000000
00000000000000000000000000000000000000000000000000000000000000000000000000000000000000000000000000000000000000000000000000000000000000000000000000000000000000000000000000000000000000000000000000000000
00000000000000000000000000000000000000000000000000000000000000000000000000000000000000000000000000000000000000000000000000000000000000000000000000000000111111111111111111111111000000000000000000000000
00000000000000000000000000000000000000000000000000000000000000000000000000000000000000000000000000000000000000000000000000000000000000000000000000000000000000000000000000000000000000000000000000000000
00000000000000000000000000000000000000000000000000000000000000000000000000000000000000000000000000000000000000000000000000000000000000000000000000000000000000000000000000000000000000000000000000000000
00000000000000000000000000000000000000000000000000000000000000000000000000000000000000000000000000000000000000000000000000000000000000000000000000000000000000000000000000000000000000000000000000000000
00000000000000000000000000000000000000000000000000000000000000000000000000000000000000000000000000000000000000000000000000000000000000000000000000000000000000000000000000000000000000000000000000000000
00000000000000000000000000000000000000000000000000000000000000000000000000000000000000000000000000000000000000000000000000000000000000000000000000000000000000000000000000000000000000000000000000000000
00000000000000000000000000000000000000000000000000000000000000000000000000000000000000000000000000000000000000000000000000000000000000000000000000000000000000000000000000000000000000000000000000000000
00000000000000000000000000000000000000000000000000000000000000000000000000000000000000000000000000000000000000000000000000000000000000000000000000000000000000000000000000000000000000000000000000000000
00000000000000000000000000000000000000000000000000000000000000000000000000000000000000000000000000000000000000000000000000000000000000000000000000000000000000000000000000000000000000000000000000000000
00000000000000000000000000000000000000000000000000000000000000000000000000000000000000000000000000000000000000000000000000000000000000000000000000000000000000000000000000000000000000000000000000000000
00000000000000000000000000000000000000000000000000000000000000000000000000000000000000000000000000000000000000000000000000000000000000000000000000000000000000000000000000000000000000000000000000000000
00000000000000000000000000000000000000000000000000000000000000000000000000000000000000000000000000000000000000000000000000000000000000000000000000000000000000000000000000000000000000000000000000000000
00000000000000000000000000000000000000000000000000000000000000000000000000000000000000000000000000000000000000000000000000000000000000000000000000000000000000000000000000000000000000000000000000000000
00000000000000000000000000000000000000000000000000000000000000000000000000000000000000000000000000000000000000000000000000000000000000000000000000000000000000000000000000000000000000000000000000000000
00000000000000000000000000000000000000000000000000000000000000000000000000000000000000000000000000000000000000000000000000000000000000000000000000000000000000000000000000000000000000000000000000000000
00000000000000000000000000000000000000000000000000000000000000000000000000000000000000000000000000000000000000000000000000000000000000000000000000000000000000000000000000000000000000000000000000000000
00000000000000000000000000000000000000000000000000000000000000000000000000000000000000000000000000000000000000000000000000000000000000000000000000000000000000000000000000000000000000000000000000000000
00000000000000000000000000000000000000000000000000000000000000000000000000000000000000000000000000000000000000000000000000000000000000000000000000000000000000000000000000000000000000000000000000000000
00000000000000000000000000000000000000000000000000000000000000000000000000000000000000000000000000000000000000000000000000000000000000000000000000000000000000000000000000000000000000000000000000000000
00000000000000000000000000000000000000000000000000000000000000000000000000000000000000000000000000000000000000000000000000000000000000000000000000000000000000000000000000000000000000000000000000000000
