200 200
00000000000000000000000000000000000000000000000000000000000000000000000000000000000000000000000000000000000000000000000000000000000000000000000000000000000000000000000000000000000000000000000000000000
00000000000000000000000000000000000000000000000000000000000000000000000000000000000000000000000000000000000000000000000000000000000000000000000000000000000000000000000000000000000000000000000000000000
00000000000000000000000000000000000000000000000000000000000000000000000000000000000000000000000000000000000000000000000000000000000000000000000000000000000000000000000000000000000000000000000000000000
00000000000000000000000000000000000000000000000000000000000000000000000000000000000000000000000000000000000000000000000000000000000000000000000000000000000000000000000000000000000000000000000000000000
00000000000000000000000000000000000000000000000000000000000000000000000000000000000000000000000000000000000000000000000000000000000000000000000000000000000000000000000000000000000000000000000000000000
00000000000000000000000000000000000000000000000000000000000000000000000000000000000000000000000000000000000000000000000000000000000000000000000000000000000000000000000000000000000000000000000000000000
00000000000000000000000000000000000000000000000000000000000000000000000000000000000000000000000000000000000000000000000000000000000000000000000000000000000000000000000000000000000000000000000000000000
00000000000000000000000000000000000000000000000000000000000000000000000000000000000000000000000000000000000000000000000000000000000000000000000000000000000000000000000000000000000000000000000000000000
00000000000000000000000000000000000000000000000000000000000000000000000000000000000000000000000000000000000000000000000000000000000000000000000000000000000000000000000000000000000000000000000000000000
00000000000000000000000000000000000000000000000000000000000000000000000000000000000000000000000000000000000000000000000000000000000000000000000000000000000000000000000000000000000000000000000000000000
00000000000000000000000000000000000000000000000000000000000000000000000000000000000000000000000000000000000000000000000000000000000000000000000000000000000000000000000000000000000000000000000000000000
00000000000000000000000000000000000000000000000000000000000000000000000000000000000000000000000000000000000000000000000000000000000000000000000000000000000000000000000000000000000000000000000000000000
00000000000000000000000000000000000000000000000000000000000000000000000000000000000000000000000000000000000000000000000000000000000000000000000000000000000000000000000000000000000000000000000000000000
00000000000000000000000000000000000000000000000000000000000000000000000000000000000000000000000000000000000000000000000000000000000000000000000000000000000000000000000000000000000000000000000000000000
00000000000000000000000000000000000000000000000000000000000000000000000000000000000000000000000000000000000000000000000000000000000000000000000000000000000000000000000000000000000000000000000000000000
00000000000000000000000000000000000000000000000000000000000000000000000000000000000000000000000000000000000000000000000000000000000000000000000000000000000000000000000000000000000000000000000000000000
00000000000000000000000000000000000000000000000000000000000000000000000000000000000000000000000000000000000000000000000000000000000000000000000000000000000000000000000000000000000000000000000000000000
00000000000000000000000000000000000000000000000000000000000000000000000000000000000000000000000000000000000000000000000000000000000000000000000000000000000000000000000000000000000000000000000000000000
00000000000000000000000000000000000000000000000000000000000000000000000000000000000000000000000000000000000000000000000000000000000000000000000000000000000000000000000000000000000000000000000000000000
00000000000000000000000000000000000000000000000000000000000000000000000000000000000000000000000000000000000000000000000000000000000000000000000000000000000000000000000000000000000000000000000000000000
00000000000000000000000000000000000000000000000000000000000000000000000000000000000000000000000000000000000000000000000000000000000000000000000000000000000000000000000000000000000000000000000000000000
00000000000000000000000000000000000000000000000000000000000000000000000000000000000000000000000000000000000000000000000000000000000000000000000000000000000000000000000000000000000000000000000000000000
00000000000000000000000000000000000000000000000000000000000000000000000000000000000000000000000000000000000000000000000000000000000000000000000000000000000000000000000000000000000000000000000000000000
00000000000000000000000000000000000000000000000000000000000000000000000000000000000000000000000000000000000000000000000000000000000000000000000000000000000000000000000000000000000000000000000000000000
00000000000000000000000000000000000000000000000000000000000000000000000000000000000000000000000010011010000000000000000000000000000000000000000000000000000000000000000000000000000000000000000000000000
00000000000000000000000000000000000000000000000000000000000000000000000000000000000000000000000001100110000000000000000000000000000000000000000000000000000000000000000000000000000000000000000000000000
00000000000000000000000000000000000000000000000000000000000000000000000000000000000000000000000010001000000000000000000000000000000000000000000000000000000000000000000000000000000000000000000000000000
00000000000000000000000000000000000000000000000000000000000000000000000000000000000000000000000001110011000000000000000000000000000000000000000000000000000000000000000000000000000000000000000000000000
00000000000000000000000000000000000000000000000000000000000000000000000000000000000000000000000001000011000000000000000000000000000000000000000000000000000000000000000000000000000000000000000000000000
00000000000000000000000000000000000000000000000000000000000000000000000000000000000000000000000000100111000000000000000000000000000000000000000000000000000000000000000000000000000000000000000000000000
00000000000000000000000000000000000000000000000000000000000000000000000000000000000000000000000001010111000000000000000000000000000000000000000000000000000000000000000000000000000000000000000000000000
00000000000000000000000000000000000000000000000000000000000000000000000000000000000000000000000000101111000000000000000000000000000000000000000000000000000000000000000000000000000000000000000000000000
00000000000000000000000000000000000000000000000000000000000000000000000000000000000000000000000010011111000000000000000000000000000000000000000000000000000000000000000000000000000000000000000000000000
00000000000000000000000000000000000000000000000000000000000000000000000000000000000000000000000000100110000000000000000000000000000000000000000000000000000000000000000000000000000000000000000000000000
00000000000000000000000000000000000000000000000000000000000000000000000000000000000000000000000000001110000000000000000000000000000000000000000000000000000000000000000000000000000000000000000000000000
00000000000000000000000000000000000000000000000000000000000000000000000000000000000000000000000001001110000000000000000000000000000000000000000000000000000000000000000000000000000000000000000000000000
00000000000000000000000000000000000000000000000000000000000000000000000000000000000000000000000010011111000000000000000000000000000000000000000000000000000000000000000000000000000000000000000000000000
00000000000000000000000000000000000000000000000000000000000000000000000000000000000000000000000000101110000000000000000000000000000000000000000000000000000000000000000000000000000000000000000000000000
00000000000000000000000000000000000000000000000000000000000000000000000000000000000000000000000011011110000000000000000000000000000000000000000000000000000000000000000000000000000000000000000000000000
00000000000000000000000000000000000000000000000000000000000000000000000000000000000000000000000000111110000000000000000000000000000000000000000000000000000000000000000000000000000000000000000000000000
00000000000000000000000000000000000000000000000000000000000000000000000000000000000000000000000001111110111010000000000000000000000000000000000000000000000000000000000000000000000000000000000000000000
00000000000000000000000000000000000000000000000000000000000000000000000000000000000000000000000010111111100011100000000000000000000000000000000000000000000000000000000000000000000000000000000000000000
00000000000000000000000000000000000000000000000000000000000000000000000000000000000000000000000010111011001100000000000000000000000000000000000000000000000000000000000000000000000000000000000000000000
00000000000000000000000000000000000000000000000000000000000000000000000000000000000000000000000001111011100011010000000000000000000000000000000000000000000000000000000000000000000000000000000000000000
00000000000000000000000000000000000000000000000000000000000000000000000000000000000000000000000001110011101111000000000000000000000000000000000000000000000000000000000000000000000000000000000000000000
00000000000000000000000000000000000000000000000000000000000000000000000000000000000000000000000001100101111101010000000000000000000000000000000000000000000000000000000000000000000000000000000000000000
00000000000000000000000000000000000000000000000000000000000000000000000000000000000000000000000001101011110010100000000000000000000000000000000000000000000000000000000000000000000000000000000000000000
00000000000000000000000000000000000000000000000000000000000000000000000000000000000000000000000011100100111101100000000000000000000000000000000000000000000000000000000000000000000000000000000000000000
00000000000000000000000000000000000000000000000000000000000000000000000000000000000000000101101011010010111010100000000000000000000000000000000000000000000000000000000000000000000000000000000000000000
00000000000000000000000000000000000000000000000000000000000000000000000000000000000000000000110111100100110110100000000000000000000000000000000000000000000000000000000000000000000000000000000000000000
00000000000000000000000000000000000000000000000000000000000000000000000000000000000000001011001110101101111010000000000000000000000000000000000000000000000000000000000000000000000000000000000000000000
00000000000000000000000000000000000000000000000000000000000000000000000000000000000000000111011111010010111000110000000000000000000000000000000000000000000000000000000000000000000000000000000000000000
00000000000000000000000000000000000000000000000000000000000000000000000000000000000000000001100111101011111101010000000000000000000000000000000000000000000000000000000000000000000000000000000000000000
00000000000000000000000000000000000000000000000000000000000000000000000000000000000000001110001100011100011111000000000000000000000000000000000000000000000000000000000000000000000000000000000000000000
00000000000000000000000000000000000000000000000000000000000000000000000000000000000000000001101111110010101100100000000000000000000000000000000000000000000000000000000000000000000000000000000000000000
00000000000000000000000000000000000000000000000000000000000000000000000000000000000000001010011100101101101111000000000000000000000000000000000000000000000000000000000000000000000000000000000000000000
00000000000000000000000000000000000000000000000000000000000000000000000000000000000000000010111000000000000110110000000000000000000000000000000000000000000000000000000000000000000000000000000000000000
00000000000000000000000000000000000000000000000000000000000000000000000000000000000000000110111000000000000111000000000000000000000000000000000000000000000000000000000000000000000000000000000000000000
00000000000000000000000000000000000000000000000000000000000000000000000000000000000000001010111100000000001110010000000000000000000000000000000000000000000000000000000000000000000000000000000000000000
00000000000000000000000000000000000000000000000000000000000000000000000000000000000000001101110000000000000111100000000000000000000000000000000000000000000000000000000000000000000000000000000000000000
00000000000000000000000000000000000000000000000000000000000000000000000000000000000000000101111100000000001011010000000000000000000000000000000000000000000000000000000000000000000000000000000000000000
00000000000000000000000000000000000000000000000000000000000000000000000000000000000000001001100000000000000101100000000000000000000000000000000000000000000000000000000000000000000000000000000000000000
00000000000000000000000000000000000000000000000000000000000000000000000000000000000000001111111000000000010011110000000000000000000000000000000000000000000000000000000000000000000000000000000000000000
00000000000000000000000000000000000000000000000000000000000000000000000000000000000000001011000000000000001101110000000000000000000000000000000000000000000000000000000000000000000000000000000000000000
00000000000000000000000000000000000000000000000000000000000000000000000000000000001010010111010000000000000010111000110000000000000000000000000000000000000000000000000000000000000000000000000000000000
00000000000000000000000000000000000000000000000000000000000000000000000000000000010101000111000100000000100011011011000100000000000000000000000000000000000000000000000000000000000000000000000000000000
00000000000000000000000000000000000000000000000000000000000000000000000000000000001011000111001000000000101100111101011000000000000000000000000000000000000000000000000000000000000000000000000000000000
00000000000000000000000000000000000000000000000000000000000000000000000000000000100101001111010100000000011010001100100000000000000000000000000000000000000000000000000000000000000000000000000000000000
00000000000000000000000000000000000000000000000000000000000000000000000000000000011101001110100100000000000011011110011100000000000000000000000000000000000000000000000000000000000000000000000000000000
00000000000000000000000000000000000000000000000000000000000000000000000000000000010010001100001100000000011010110111000000000000000000000000000000000000000000000000000000000000000000000000000000000000
00000000000000000000000000000000000000000000000000000000000000000000000000000000101000111101011000000000000101100111000100000000000000000000000000000000000000000000000000000000000000000000000000000000
00000000000000000000000000000000000000000000000000000000000000000000000000000000000111011011101000000000101011011011100100000000000000000000000000000000000000000000000000000000000000000000000000000000
00000000000000000000000000000000000000000000000000000000000000000000000000000000011011011011100000000000000000000011101000000000000000000000000000000000000000000000000000000000000000000000000000000000
00000000000000000000000000000000000000000000000000000000000000000000000000000000110110111100010100000000000000001111110100000000000000000000000000000000000000000000000000000000000000000000000000000000
00000000000000000000000000000000000000000000000000000000000000000000000000000000001110110001001000000000000000000011101000000000000000000000000000000000000000000000000000000000000000000000000000000000
00000000000000000000000000000000000000000000000000000000000000000000000000000000100001110010111000000000000000001001110100000000000000000000000000000000000000000000000000000000000000000000000000000000
00000000000000000000000000000000000000000000000000000000000000000000000000000000101101110010100100000000000000001101110000000000000000000000000000000000000000000000000000000000000000000000000000000000
00000000000000000000000000000000000000000000000000000000000000000000000000000000010111100011010000000000000000000010110100000000000000000000000000000000000000000000000000000000000000000000000000000000
00000000000000000000000000000000000000000000000000000000000000000000000000000000111111100010101000000000000000000100111100000000000000000000000000000000000000000000000000000000000000000000000000000000
00000000000000000000000000000000000000000000000000000000000000000000000000000000011111001001010000000000000000000001110000000000000000000000000000000000000000000000000000000000000000000000000000000000
00000000000000000000000000000000000000000000000000000000000000000000000000101001001111000000000000000000000000000110111010010100000000000000000000000000000000000000000000000000000000000000000000000000
00000000000000000000000000000000000000000000000000000000000000000000000001010100011111110000000000000000000000001001011000101010000000000000000000000000000000000000000000000000000000000000000000000000
00000000000000000000000000000000000000000000000000000000000000000000000000101100011110100000000000000000000000000110111000110100000000000000000000000000000000000000000000000000000000000000000000000000
00000000000000000000000000000000000000000000000000000000000000000000000010010100111011010000000000000000000000001010011000101001000000000000000000000000000000000000000000000000000000000000000000000000
00000000000000000000000000000000000000000000000000000000000000000000000001110100111000010000000000000000000000001001011100101110000000000000000000000000000000000000000000000000000000000000000000000000
00000000000000000000000000000000000000000000000000000000000000000000000001001000110111000000000000000000000000000110101100010010000000000000000000000000000000000000000000000000000000000000000000000000
00000000000000000000000000000000000000000000000000000000000000000000000010100011110110110000000000000000000000001000011111000101000000000000000000000000000000000000000000000000000000000000000000000000
00000000000000000000000000000000000000000000000000000000000000000000000000011101101101100000000000000000000000001010100110111000000000000000000000000000000000000000000000000000000000000000000000000000
00000000000000000000000000000000000000000000000000000000000000000000000000110111000000000000000000000000000000000100100111000010000000000000000000000000000000000000000000000000000000000000000000000000
00000000000000000000000000000000000000000000000000000000000000000000000010010011000000000000000000000000000000001001011011110000000000000000000000000000000000000000000000000000000000000000000000000000
00000000000000000000000000000000000000000000000000000000000000000000000001001110000000000000000000000000000000001110000111100101000000000000000000000000000000000000000000000000000000000000000000000000
00000000000000000000000000000000000000000000000000000000000000000000000010001111000000000000000000000000000000001001010111101001000000000000000000000000000000000000000000000000000000000000000000000000
00000000000000000000000000000000000000000000000000000000000000000000000000011100000000000000000000000000000000000101101001110010000000000000000000000000000000000000000000000000000000000000000000000000
00000000000000000000000000000000000000000000000000000000000000000000000001011110000000000000000000000000000000001010011001110001000000000000000000000000000000000000000000000000000000000000000000000000
00000000000000000000000000000000000000000000000000000000000000000000000010111001000000000000000000000000000000000001100111110010000000000000000000000000000000000000000000000000000000000000000000000000
00000000000000000000000000000000000000000000000000000000000000000000000000111101000000000000000000000000000000001000011000110100000000000000000000000000000000000000000000000000000000000000000000000000
00000000000000000000000000000000000000000000000000000000000000000101001000110100000000000000000000000000000000000000000010110011011001010000000000000000000000000000000000000000000000000000000000000000
00000000000000000000000000000000000000000000000000000000000000000011110101101011000000000000000000000000000000000000000010111001100110000000000000000000000000000000000000000000000000000000000000000000
00000000000000000000000000000000000000000000000000000000000000001100000101110001000000000000000000000000000000000000000000011101011001010000000000000000000000000000000000000000000000000000000000000000
00000000000000000000000000000000000000000000000000000000000000000011010011001101000000000000000000000000000000000000000001001100010110100000000000000000000000000000000000000000000000000000000000000000
00000000000000000000000000000000000000000000000000000000000000000000100111100000000000000000000000000000000000000000000000101111101010010000000000000000000000000000000000000000000000000000000000000000
00000000000000000000000000000000000000000000000000000000000000001111010110010111000000000000000000000000000000000000000000010110100101110000000000000000000000000000000000000000000000000000000000000000
00000000000000000000000000000000000000000000000000000000000000000010111110110000000000000000000000000000000000000000000010001011011010010000000000000000000000000000000000000000000000000000000000000000
00000000000000000000000000000000000000000000000000000000000000001010001101001001000000000000000000000000000000000000000000101011100100100000000000000000000000000000000000000000000000000000000000000000
00000000000000000000000000000000000000000000000000000000000000001001011100000000000000000000000000000000000000000000000000011101100101010000000000000000000000000000000000000000000000000000000000000000
00000000000000000000000000000000000000000000000000000000000000000110011000000000000000000000000000000000000000000000000010100011110001000000000000000000000000000000000000000000000000000000000000000000
00000000000000000000000000000000000000000000000000000000000000000011110100000000000000000000000000000000000000000000000001001000111000100000000000000000000000000000000000000000000000000000000000000000
00000000000000000000000000000000000000000000000000000000000000000000110000000000000000000000000000000000000000000000000001110100111101010000000000000000000000000000000000000000000000000000000000000000
00000000000000000000000000000000000000000000000000000000000000000001101000000000000000000000000000000000000000000000000010010100111011100000000000000000000000000000000000000000000000000000000000000000
00000000000000000000000000000000000000000000000000000000000000001011110100000000000000000000000000000000000000000000000000101100011110010000000000000000000000000000000000000000000000000000000000000000
00000000000000000000000000000000000000000000000000000000000000000011110100000000000000000000000000000000000000000000000001010100101101000000000000000000000000000000000000000000000000000000000000000000
00000000000000000000000000000000000000000000000000000000000000000111101000000000000000000000000000000000000000000000000000101001011110010000000000000000000000000000000000000000000000000000000000000000
00000000000000000000000000000000000000000000000000000000010100100110010100000000000000000000000000000000000000000000000000000000100110100110010100000000000000000000001100000000000000000000000000000000
00000000000000000000000000000000000000000000000000000000001111011111100000000000000000000000000000000000000000000000000000000000011111101001100000000000000000000000001100000000000000000000000000000000
00000000000000000000000000000000000000000000000000000000110000011110010100000000000000000000000000000000000000000000000000000000010011010110010100000000000000000000001100000000000000000000000000000000
00000000000000000000000000000000000000000000000000000000001101001101010000000000000000000000000000000000000000000000000000000000101011100101101000000000000000000000001100000000000000000000000000000000
00000000000000000000000000000000000000000000000000000000000010011101001100000000000000000000000000000000000000000000000000000000010101101010100100000000000000000000001100000000000000000000000000000000
00000000000000000000000000000000000000000000000000000000111101011100000000000000000000000000000000000000000000000000000000000000100101111001011100000000000000000000011100000000000000000000000000000000
00000000000000000000000000000000000000000000000000000000001011110101010100000000000000000000000000000000000000000000000000000000111000110110100100000000000000000000011100000000000000000000000000000000
00000000000000000000000000000000000000000000000000000000101000111001000000000000000000000000000000000000000000000000000000000000000101011001001000000000000000000000011100000000000000000000000000000000
00000000000000000000000000000000000000000000000000000000101101110000000000000000000000000000000000000000000000000000000000000000010010011100000000000000000000000000001100000000000000000000000000000000
00000000000000000000000000000000000000000000000000000000010011110000000000000000000000000000000000000000000000000000000000000000100101101101010100000000000000000000001100000000000000000000000000000000
00000000000000000000000000000000000000000000000000000000011111100000000000000000000000000000000000000000000000000000000000000000111000011111000100000000000000000000001100000000000000000000000000000000
00000000000000000000000000000000000000000000000000000000110011100000000000000000000000000000000000000000000000000000000000000000100101010110111000000000000000000000001100000000000000000000000000000000
00000000000000000000000000000000000000000000000000000000010111010000000000000000000000000000000000000000000000000000000000000000010110101110100000000000000000000000001100000000000000000000000000000000
00000000000000000000000000000000000000000000000000000000101111010000000000000000000000000000000000000000000000000000000000000000101001100111001000000000000000000000001100000000000000000000000000000000
00000000000000000000000000000000000000000000000000000000100110000000000000000000000000000000000000000000000000000000000000000000000110011011010100000000000000000000001100000000000000000000000000000000
00000000000000000000000000000000000000000000000000000000001110010000000000000000000000000000000000000000000000000000000000000000100001100111100100000000000000000000001100000000000000000000000000000000
00000000000000001110000000000000000000000000000000000000101110010000000000000000000000000000000000000000000000000000000000000000000000001011001101100101000000000000001100000000000000000000000000000000
00000000000000001110000000000000000000000000000000000000001111010000000000000000000000000000000000000000000000000000000000000000000000001011100110011000000000000000001100000000000000000000000000000000
00000000000000001110000000000000000000000000000000000000111100100000000000000000000000000000000000000000000000000000000000000000000000000001110101100101000000000000001100000000000000000000000000000000
00000000000000001110000000000000000000000000000000000000111110110000000000000000000000000000000000000000000000000000000000000000000000000100110001011010000000000000001100000000000000000000000000000000
00000000000000001110000000000000000000000000000000000000011001000000000000000000000000000000000000000000000000000000000000000000000000000010111110101001000000000000001100000000000000000000000000000000
00000000000000001110000000000000000000000000000000000000011010110000000000000000000000000000000000000000000000000000000000000000000000000001011010010111000000000000001100000000000000000000000000000000
00000000000000001110000000000000000000000000000000000000111100010000000000000000000000000000000000000000000000000000000000000000000000001000101101101001000000000000001100000000000000000000000000000000
00000000000000001110000000000000000000000000000000000000110100100000000000000000000000000000000000000000000000000000000000000000000000000010101110010010000000000000001100000000000000000000000000000000
00000000000000001110000000000000000000000000000000100110110100100000000000000000000000000000000000000000000000000000000000000000000000000001110110001100000000000000011100000000000000000000000000000000
00000000000000001110000000000000000000000000000010011001111001000000000000000000000000000000000000000000000000000000000000000000000000001010001110110001000000000000000100000000000000000000000000000000
00000000000000001110000000000000000000000000000000101101101011010000000000000000000000000000000000000000000000000000000000000000000000000100100011010110000000000000000000000000000000000000000000000000
00000000000000001111000000000000000000000000000010010001110100100000000000000000000000000000000000000000000000000000000000000000000000000111010011001000000000000000001100000000000000000000000000000000
00000000000000001111100000000000000010000000000000111011111010110000000000000000000000000000000000000000000000001111111100000000000000001001010011100111000000001111111100000000000000000000000000000000
00000000000000001111111100000000000111000000000001001111000111000000000000000000000000000000000000000000000000001111111100000000000000000010110001110000000000001111111100000000000000000000000000000000
00000000000000001111111100000000000111110000000001010011111100100000000000000000000000000000000000000000000000000001111100000000000000000101010001110001000000001111111100000000000000000000000000000000
00000000000000001111111100000000001111110000000001001011001011010000000000000000000000000000000000000000000000000000111100000000000000000010100110111001000000001111111100000000000000000000000000000000
00000000000000000000000000000000000000000000000010000011000000000000000000000000000000000000000000000000000000000000000000000000000000000000000000111001010000100000000000000000000000000000000000000000
00000000000000000000000000000000000000000000000001101011000000000000000000000000000000000000000000000000000000000000000000000000000000000000000001011010101000010000000000000000000000000000000000000000
00000000000000000000000000000000000000000000000010000011000000000000000000000000000000000000000000000000000000000000000000000000000000000000000010111101001011000000000000000000000000000000000000000000
00000000000000000000000000000000000000000000000010101111000000000000000000000000000000000000000000000000000000000000000000000000000000000000000001101110100100110000000000000000000000000000000000000000
00000000000000000000000000000000000000000000000001000110000000000000000000000000000000000000000000000000000000000000000000000000000000000000000010010110100110000000000000000000000000000000000000000000
00000000000000000000000000000000000000000000000001011111000000000000000000000000000000000000000000000000000000000000000000000000000000000000000001011111010001100000000000000000000000000000000000000000
00000000000000000000000000000000000000000000000010101101000000000000000000000000000000000000000000000000000000000000000000000000000000000000000010100011101001010000000000000000000000000000000000000000
00000000000000000000000000000000000000000000000000011010000000000000000000000000000000000000000000000000000000000000000000000000000000000000000001101101110010100000000000000000000000000000000000000000
00000000000000000000000000000000000000000000000010011110000000000000000000000000000000000000000000000000000000000000000000000000000000000000000000000000110110000000000000000000000000000000000000000000
00000000000000000000000000000000000000000000000001110001000000000000000000000000000000000000000000000000000000000000000000000000000000000000000000000000011001000000000000000000000000000000000000000000
00000000000000000000000000000000000000000000000010111101000000000000000000000000000000000000000000000000000000000000000000000000000000000000000000000000011001100000000000000000000000000000000000000000
00000000000000000000000000000000000000000000000001110010000000000000000000000000000000000000000000000000000000000000000000000000000000000000000000000000001110010000000000000000000000000000000000000000
00000000000000000000000000000000000000000000000010110111000000000000000000000000000000000000000000000000000000000000000000000000000000000000000000000000011110110000000000000000000000000000000000000000
00000000000000000000000000000000000000000000000001100100000000000000000000000000000000000000000000000000000000000000000000000000000000000000000000000000010111000000000000000000000000000000000000000000
00000000000000000000000000000000000000000000000001110010000000000000000000000000000000000000000000000000000000000000000000000000000000000000000000000000100011100000000000000000000000000000000000000000
00000000000000000000000000000000000000000000000001101000000000000000000000000000000000000000000000000000000000000000000000000000000000000000000000000000001101100000000000000000000000000000000000000000
00000000000000000000000000000000000000000010010111110010000000000000000000000000000000000000000000000000000000000000000000000000000000000000000000000000010011110001011000000000000000000000000000000000
00000000000000000000000000000000000000000001010011011000000000000000000000000000000000000000000000000000000000000000000000000000000000000000000000000000000100111010000100000000000000000000000000000000
00000000000000000000000000000000000000000110101011010010000000000000000000000000000000000000000000000000000000000000000000000000000000000000000000000000110110011001101000000000000000000000000000000000
00000000000000000000000000000000000000000001001111010110000000000000000000000000000000000000000000000000000000000000000000000000000000000000000000000000010100011101001000000000000000000000000000000000
00000000000000000000000000000000000000001011110011010001000000000000000000000000000000000000000000000000000000000000000000000000000000000000000000000000101010011110100100000000000000000000000000000000
00000000000000000000000000000000000000001000011111011110000000000000000000000000000000000000000000000000000000000000000000000000000000000000000000000000000110101110010000000000000000000000000000000000
00000000000000000000000000000000000000000101101111000001000000000000000000000000000000000000000000000000000000000000000000000000000000000000000000000000010000100111100100000000000000000000000000000000
00000000000000000000000000000000000000001010010110001110000000000000000000000000000000000000000000000000000000000000000000000000000000000000000000000000101110000111001000000000000000000000000000000000
00000000000000000000000000000000000000001001101100000000000000000000000000000000000000000000000000000000000000000000000000000000000000000000000000000000000000000011110000101001000000000000000000000000
00000000000000000000000000000000000000001010001100000000000000000000000000000000000000000000000000000000000000000000000000000000000000000000000000000000000000000111101110100110000000000000000000000000
00000000000000000000000000000000000000001001011100000000000000000000000000000000000000000000000000000000000000000000000000000000000000000000000000000000000000001001111001001101000000000000000000000000
00000000000000000000000000000000000000000100101100000000000000000000000000000000000000000000000000000000000000000000000000000000000000000000000000000000000000000110111101110010000000000000000000000000
00000000000000000000000000000000000000001010011100000000000000000000000000000000000000000000000000000000000000000000000000000000000000000000000000000000000000000101111100001000000000000000000000000000
00000000000000000000000000000000000000000001011100000000000000000000000000000000000000000000000000000000000000000000000000000000000000000000000000000000000000001000101110101101000000000000000000000000
00000000000000000000000000000000000000001010111100000000000000000000000000000000000000000000000000000000000000000000000000000000000000000000000000000000000000000001010111011010000000000000000000000000
00000000000000000000000000000000000000000101111000000000000000000000000000000000000000000000000000000000000000000000000000000000000000000000000000000000000000000010101011110110000000000000000000000000
00000000000000000000000000000000000000001111011100000000000000000000000000000000000000000000000000000000010101100010100010010100000000001001010100000000000000000000000011111000000000000000000000000000
00000000000000000000000000000000000000000001011011111111111111111111111111111111111111111111111111111111100000100011001110100100000000000110101000000000000000000000000001111101000000000000000000000000
00000000000000000000000000000000000000000011011111111111111111111111111111111111111111111111111111111111111111111000111001011111000000001011000100000000000000000000000000011100000000000000000000000000
00000000000000000000000000000000000000001100111111111111111111111111111111111111111111111111111111111111111111111111000110100010000000001101101000000000000000000000000001111100000000000000000000000000
00000000000000000000000000000000000000000011100100000000000000000000000000000000000000000000000000000000101100011111111100110101000000000100010100000000000000000000000000011110000000000000000000000000
00000000000000000000000000000000000000001101001000000000000000000000000000000000000000000000000000000000001001000000111111111101111111111010001100000000000000000000000010011111000000000000000000000000
00000000000000000000000000000000000000000110110100000000000000000000000000000000000000000000000000000000000000100100010011111111111111110001010000000000000000000000000010100111000000000000000000000000
00000000000000000000000000000000000000000001000000000000000000000000000000000000000000000000000000000000001010011010001001010111111111111110001000000000000000000000000001001011000000000000000000000000
00000000000000000000000000000000000000000000000000000000000000000000000000000000000000000000000000000000000000000000000000000000000000001111111101001001010100100101100101001001101101100000000000000000
00000000000000000000000000000000000000000000000000000000000000000000000000000000000000000000000000000000000000000000000000000000000000001011111111111010011011100010011010010110110000010000000000000000
00000000000000000000000000000000000000000000000000000000000000000000000000000000000000000000000000000000000000000000000000000000000000000000010111110100101100000101100011100001111011100000000000000000
00000000000000000000000000000000000000000000000000000000000000000000000000000000000000000000000000000000000000000000000000000000000000000101000001111111101011011010010110010101111100010000000000000000
00000000000000000000000000000000000000000000000000000000000000000000000000000000000000000000000000000000000000000000000000000000000000000100000011011111100001100110100001011010101101000000000000000000
00000000000000000000000000000000000000000000000000000000000000000000000000000000000000000000000000000000000000000000000000000000000000001010101001011001111100010001011010100110001110010000000000000000
00000000000000000000000000000000000000000000000000000000000000000000000000000000000000000000000000000000000000000000000000000000000000000101001010000110011111000100100100011001010111000000000000000000
00000000000000000000000000000000000000000000000000000000000000000000000000000000000000000000000000000000000000000000000000000000000000000000100001110001101111111111111010000110101111010000000000000000
00000000000000000000000000000000000000000000000000000000000000000000000000000000000000000000000000000000000000000000000000000000000000000000000000000000010001111111111111110001000111100101100000000000
00000000000000000000000000000000000000000000000000000000000000000000000000000000000000000000000000000000000000000000000000000000000000000000000000000000100101101000110111111100101011111010011000000000
00000000000000000000000000000000000000000000000000000000000000000000000000000000000000000000000000000000000000000000000000000000000000000000000000000000000100110010101010011111110000111000110000000000
00000000000000000000000000000000000000000000000000000000000000000000000000000000000000000000000000000000000000000000000000000000000000000000000000000000101001011000100100101111111111111011001100000000
00000000000000000000000000000000000000000000000000000000000000000000000000000000000000000000000000000000000000000000000000000000000000000000000000000000010110001010000001001010001111111010110000000000
00000000000000000000000000000000000000000000000000000000000000000000000000000000000000000000000000000000000000000000000000000000000000000000000000000000101000110101111011001100010011011100110100000000
00000000000000000000000000000000000000000000000000000000000000000000000000000000000000000000000000000000000000000000000000000000000000000000000000000000010101001001000100100001011100011010010000000000
00000000000000000000000000000000000000000000000000000000000000000000000000000000000000000000000000000000000000000000000000000000000000000000000000000000100000100110010010000110001010000001101000000000
