200 200
00000000000000000000000000000000000000000000000000000000000000000000000000000000000000000000000000000000000000000000000000000000000000000000000000000000000000000000000000000000000000000000000000000000
00000000000000000000000000000000000000000000000000000000000000000000000000000000000000000000000000000000000000000000000000000000000000000000000000000000000000000000000000000000000000000000000000000000
00000000000000000000000000000000000000000000000000000000000000000000000000000000000000000000000000000000000000000000000000000000000000000000000000000000000000000000000000000000000000000000000000000000
00000000000000000000000000000000000000000000000000000000000000000000000000000000000000000000000000000000000000000000000000000000000000000000000000000000000000000000000000000000000000000000000000000000
00000000000000000000000000000000000000000000000000000000000000000000000000000000000000000000000000000000000000000000000000000000000000000000000000000000000000000000000000000000000000000000000000000000
00000000000000000000000000000000000000000000000000000000000000000000000000000000000000000000000000000000000000000000000000000000000000000000000000000000000000000000000000000000000000000000000000000000
00000000000000000000000000000000000000000000000000000000000000000000000000000000000000000000000000000000000000000000000000000000000000000000000000000000000000000000000000000000000000000000000000000000
00000000000000000000000000000000000000000000000000000000000000000000000000000000000000000000000000000000000000000000000000000000000000000000000000000000000000000000000000000000000000000000000000000000
00000000000000000000000000000000000000000000000000000000000000000000000000000000000000000000000000000000000000000000000000000000000000000000000000000000000000000000000000000000000000000000000000000000
00000000000000000000000000000000000000000000000000000000000000000000000000000000000000000000000000000000000000000000000000000000000000000000000000000000000000000000000000000000000000000000000000000000
00000000000000000000000000000000000000000000000000000000000000000000000000000000000000000000000000000000000000000000000000000000000000000000000000000000000000000000000000000000000000000000000000000000
00000000000000000000000000000000000000000000000000000000000000000000000000000000000000000000000000000000000000000000000000000000000000000000000000000000000000000000000000000000000000000000000000000000
00000000000000000000000000000000000000000000000000000000000000000000000000000000000000000000000000000000000000000000000000000000000000000000000000000000000000000000000000000000000000000000000000000000
00000000000000000000000000000000000000000000000000000000000000000000000000000000000000000000000000000000000000000000000000000000000000000000000000000000000000000000000000000000000000000000000000000000
00000000000000000000000000000000000000000000000000000000000000000000000000000000000000000000000000000000000000000000000000000000000000000000000000000000000000000000000000000000000000000000000000000000
00000000000000000000000000000000000000000000000000000000000000000000000000000000000000000000000000000000000000000000000000000000000000000000000000000000000000000000000000000000000000000000000000000000
00000000000000000000000000000000000000000000000000000000000000000000000000000000000000000000000000000000000000000000000000000000000000000000000000000000000000000000000000000000000000000000000000000000
00000000000000000000000000000000000000000000000000000000000000000000000000000000000000000000000000000000000000000000000000000000000000000000000000000000000000000000000000000000000000000000000000000000
00000000000000000000000000000000000000000000000000000000000000000000000000000000000000000000000000000000000000000000000000000000000000000000000000000000000000000000000000000000000000000000000000000000
00000000000000000000000000000000000000000000000000000000000000000000000000000000000000000000000000000000000000000000000000000000000000000000000000000000000000000000000000000000000000000000000000000000
00000000000000000000000000000000000000000000000000000000000000000000000000000000000000000000000000000000000000000000000000000000000000000000000000000000000000000000000000000000000000000000000000000000
00000000000000000000000000000000000000000000000000000000000000000000000000000000000000000000000000000000000000000000000000000000000000000000000000000000000000000000000000000000000000000000000000000000
00000000000000000000000000000000000000000000000000000000000000000000000000000000000000000000000000000000000000000000000000000000000000000000000000000000000000000000000000000000000000000000000000000000
00000000000000000000000000000000000000000000000000000000000000000000000000000000000000000000000000000000000000000000000000000000000000000000000000000000000000000000000000000000000000000000000000000000
00000000000000000000000000000000000000000000000000000000000000000000000000000000000000000000000000000000000000000000000000000000000000000000000000000000000000000000000000000000000000000000000000000000
00000000000000000000000000000000000000000000000000000000000000000000000000000000000000000000000000000000000000000000000000000000000000000000000000000000000000000000000000000000000000000000000000000000
00000000000000000000000000000000000000000000000000000000000000000000000000000000000000000000000000000000000000000000000000000000000000000000000000000000000000000000000000000000000000000000000000000000
00000000000000000000000000000000000000000000000000000000000000000000000000000000000000000000000000000000000000000000000000000000000000000000000000000000000000000000000000000000000000000000000000000000
00000000000000000000000000000000000000000000000000000000000000000000000000000000000000000000000000000000000000000000000000000000000000000000000000000000000000000000000000000000000000000000000000000000
00000000000000000000000000000000000000000000000000000000000000000000000000000000000000000000000000000000000000000000000000000000000000000000000000000000000000000000000000000000000000000000000000000000
00000000000000000000000000000000000000000000000000000000000000000000000000000000000000000000000000000000000000000000000000000000000000000000000000000000000000000000000000000000000000000000000000000000
00000000000000000000000000000000000000000000000000000000000000000000000000000000000000000000000000000000000000000000000000000000000000000000000000000000000000000000000000000000000000000000000000000000
00000000000000000000000001011010110100100000000000000000000000000000000000000000000000000000000000000000000000000000000000000000000000000000000000000000000000000000000001011000000000000000000000000000
00000000000000000000000010100011001000100000000000000000000000000000000000000000000000000000000000000000000000000000000000000000000000000000000000000000000000000000000010101110000000000000000000000000
00000000000000000000000000011100011000010000000000000000000000000000000000000000000000000000000000000000000000000000000000000000000000000000000000000000000000000000000010000010000000000000000000000000
00000000000000000000000011101101111111111111111111111111111111111111111111111111111111111111111111111111111111111111111111111111111111111111111111111111111111111111111111010001000000000000000000000000
00000000000000000000000001001111111111111111111111111111111111111111111111111111111111111111111111111111111111111111111111111111111111111111111111111111111111111111111111101111000000000000000000000000
00000000000000000000000010010001001111000000000000000000000000000000000000000000000000000000000000000000000000000000000000000000000000000000000000000000000000000000000011110000000000000000000000000000
00000000000000000000000010101101001111010000000000000000000000000000000000000000000000000000000000000000000000000000000000000000000000000000000000000000000000000000000001101101000000000000000000000000
00000000000000000000000010011010101111100000000000000000000000000000000000000000000000000000000000000000000000000000000000000000000000000000000000000000000000000000000001110101000000000000000000000000
00000000000000000000000000000000001101100010100000000000000000000000000000000000000000000000000000000000000000000000000000000000000000000000000000000000000000001000110111100101000000000000000000000000
00000000000000000000000000000000110111111000110100000000000000000000000000000000000000000000000000000000000000000000000000000000000000000000000000000000000000000111000011011000000000000000000000000000
00000000000000000000000000000000001001111011000000000000000000000000000000000000000000000000000000000000000000000000000000000000000000000000000000000000000000000100100111000111000000000000000000000000
00000000000000000000000000000000100010011000011000000000000000000000000000000000000000000000000000000000000000000000000000000000000000000000000000000000000000001011010110011000000000000000000000000000
00000000000000000000000000000000010101011100100000000000000000000000000000000000000000000000000000000000000000000000000000000000000000000000000000000000000000000000000111100100000000000000000000000000
00000000000000000000000000000000110010011111011000000000000000000000000000000000000000000000000000000000000000000000000000000000000000000000000000000000000000001100101111001101000000000000000000000000
00000000000000000000000000000000001100101111001000000000000000000000000000000000000000000000000000000000000000000000000000000000000000000000000000000000000000000101011110110000000000000000000000000000
00000000000000000000000000000000110010100111100100000000000000000000000000000000000000000000000000000000000000000000000000000000000000000000000000000000000000001010001101001010000000000000000000000000
00000000000000000000000000000000000000000110000000000000000000000000000000000000000000000000000000000000000000000000000000000000000000000000000000000000000000000101011100000000000000000000000000000000
00000000000000000000000000000000000000000111100100000000000000000000000000000000000000000000000000000000000000000000000000000000000000000000000000000000000000001010111000000000000000000000000000000000
00000000000000000000000000000000000000000011111000000000000000000000000000000000000000000000000000000000000000000000000000000000000000000000000000000000000000000010011100000000000000000000000000000000
00000000000000000000000000000000000000000001110100000000000000000000000000000000000000000000000000000000000000000000000000000000000000000000000000000000000000001000011000000000000000000000000000000000
00000000000000000000000000000000000000000101111000000000000000000000000000000000000000000000000000000000000000000000000000000000000000000000000000000000000000000101111100000000000000000000000000000000
00000000000000000000000000000000000000000011111000000000000000000000000000000000000000000000000000000000000000000000000000000000000000000000000000000000000000001000011000000000000000000000000000000000
00000000000000000000000000000000000000000100011100000000000000000000000000000000000000000000000000000000000000000000000000000000000000000000000000000000000000000001111000000000000000000000000000000000
00000000000000000000000000000000000000000011011000000000000000000000000000000000000000000000000000000000000000000000000000000000000000000000000000000000000000000111111000000000000000000000000000000000
00000000000000000000000000000000000000000000011110001101000000000000000000000000000000000000000000000000000000000000000000000000000000000000000000000000101001100011010000000000000000000000000000000000
00000000000000000000000000000000000000000101011101110010000000000000000000000000000000000000000000000000000000000000000000000000000000000000000000000000000110010111110000000000000000000000000000000000
00000000000000000000000000000000000000001010101100011000000000000000000000000000000000000000000000000000000000000000000000000000000000000000000000000000101001101111100100000000000000000000000000000000
00000000000000000000000000000000000000000101011100101101000000000000000000000000000000000000000000000000000000000000000000000000000000000000000000000000010110100110011000000000000000000000000000000000
00000000000000000000000000000000000000001000101110000110000000000000000000000000000000000000000000000000000000000000000000000000000000000000000000000000100101011111100100000000000000000000000000000000
00000000000000000000000000000000000000000011001110101001000000000000000000000000000000000000000000000000000000000000000000000000000000000000000000000000111010011100001000000000000000000000000000000000
00000000000000000000000000000000000000000100100111100100000000000000000000000000000000000000000000000000000000000000000000000000000000000000000000000000100101101110010000000000000000000000000000000000
00000000000000000000000000000000000000000010011011011001000000000000000000000000000000000000000000000000000000000000000000000000000000000000000000000000010010011101101100000000000000000000000000000000
00000000000000000000000000000000000000000000000011111010000000000000000000000000000000000000000000000000000000000000000000000000000000000000000000000000010010111110001000000000000000000000000000000000
00000000000000000000000000000000000000000000000001100101000000000000000000000000000000000000000000000000000000000000000000000000000000000000000000000000101101110110100100000000000000000000000000000000
00000000000000000000000000000000000000000000000010111001000000000000000000000000000000000000000000000000000000000000000000000000000000000000000000000000100101111100100000000000000000000000000000000000
00000000000000000000000000000000000000000000000001111101000000000000000000000000000000000000000000000000000000000000000000000000000000000000000000000000011001111010010100000000000000000000000000000000
00000000000000000000000000000000000000000000000010011010000000000000000000000000000000000000000000000000000000000000000000000000000000000000000000000000010111110001101000000000000000000000000000000000
00000000000000000000000000000000000000000000000000011100000000000000000000000000000000000000000000000000000000000000000000000000000000000000000000000000010011001100010100000000000000000000000000000000
00000000000000000000000000000000000000000000000010111101000000000000000000000000000000000000000000000000000000000000000000000000000000000000000000000000101111100010101000000000000000000000000000000000
00000000000000000000000000000000000000000000000010011110000000000000000000000000000000000000000000000000000000000000000000000000000000000000000000000000010110100100000100000000000000000000000000000000
00000000000000000000000000000000000000000000000000011110001001010000000000000000000000000000000000000000000000000000000000000000000000000000000000101001010110100000000000000000000000000000000000000000
00000000000000000000000000000000000000000000000000101110110011100000000000000000000000000000000000000000000000000000000000000000000000000000000001010100111111010000000000000000000000000000000000000000
00000000000000000000000000000000000000000000000010000111011100010000000000000000000000000000000000000000000000000000000000000000000000000000000000101100111100100000000000000000000000000000000000000000
00000000000000000000000000000000000000000000000000101011000001110000000000000000000000000000000000000000000000000000000000000000000000000000000010010100111010010000000000000000000000000000000000000000
00000000000000000000000000000000000000000000000011001001101010000000000000000000000000000000000000000000000000000000000000000000000000000000000001110100110010100000000000000000000000000000000000000000
00000000000000000000000000000000000000000000000000100101110111000000000000000000000000000000000000000000000000000000000000000000000000000000000001001000110001100000000000000000000000000000000000000000
00000000000000000000000000000000000000000000000001011010111101100000000000000000000000000000000000000000000000000000000000000000000000000000000010100011101101010000000000000000000000000000000000000000
00000000000000000000000000000000000000000000000000100010011110010000000000000000000000000000000000000000000000000000000000000000000000000000000000011101110010010000000000000000000000000000000000000000
00000000000000000000000000000000000000000000000000000000011111000000000000000000000000000000000000000000000000000000000000000000000000000000000000010011101110000000000000000000000000000000000000000000
00000000000000000000000000000000000000000000000000000000001110100000000000000000000000000000000000000000000000000000000000000000000000000000000010001111110001010000000000000000000000000000000000000000
00000000000000000000000000000000000000000000000000000000010110100000000000000000000000000000000000000000000000000000000000000000000000000000000011000111000100100000000000000000000000000000000000000000
00000000000000000000000000000000000000000000000000000000101111010000000000000000000000000000000000000000000000000000000000000000000000000000000000100111001011100000000000000000000000000000000000000000
00000000000000000000000000000000000000000000000000000000110111010000000000000000000000000000000000000000000000000000000000000000000000000000000001001110001010010000000000000000000000000000000000000000
00000000000000000000000000000000000000000000000000000000000011100000000000000000000000000000000000000000000000000000000000000000000000000000000000101110001101000000000000000000000000000000000000000000
00000000000000000000000000000000000000000000000000000000101101100000000000000000000000000000000000000000000000000000000000000000000000000000000011101101001010100000000000000000000000000000000000000000
00000000000000000000000000000000000000000000000000000000001011110000000000000000000000000000000000000000000000000000000000000000000000000000000000101111100101000000000000000000000000000000000000000000
00000000000000000000000000000000000000000000000000000000101001110110010000000000000000000000000000000000000000000000000000000000000000000100001001011110000000000000000000000000000000000000000000000000
00000000000000000000000000000000000000000000000000000000000101111100100100000000000000000000000000000000000000000000000000000000000000000000101011011101000000000000000000000000000000000000000000000000
00000000000000000000000000000000000000000000000000000000100000110010010100000000000000000000000000000000000000000000000000000000000000000100110100110000000000000000000000000000000000000000000000000000
00000000000000000000000000000000000000000000000000000000000000111001111000000000000000000000000000000000000000000000000000000000000000000010001011111010000000000000000000000000000000000000000000000000
00000000000000000000000000000000000000000000000000000000111001011110010000000000000000000000000000000000000000000000000000000000000000000101110111110001000000000000000000000000000000000000000000000000
00000000000000000000000000000000000000000000000000000000001000011110111100000000000000000000000000000000000000000000000000000000000000000001001110100100000000000000000000000000000000000000000000000000
00000000000000000000000000000000000000000000000000000000100100101101000000000000000000000000000000000000000000000000000000000000000000001100011110000011000000000000000000000000000000000000000000000000
00000000000000000000000000000000000000000000000000000000101001011110100100000000000000000000000000000000000000000000000000000000000000000100000111010101000000000000000000000000000000000000000000000000
00000000000000000000000000000000000000000000000000000000000000001110010000000000000000000000000000000000000000000000000000000000000000000011011110010010000000000000000000000000000000000000000000000000
00000000000000000000000000000000000000000000000000000000000000000111001000000000000000000000000000000000000000000000000000000000000000001001001101101001000000000000000000000000000000000000000000000000
00000000000000000000000000000000000000000000000000000000000000000111010100000000000000000000000000000000000000000000000000000000000000000100111010000111000000000000000000000000000000000000000000000000
00000000000000000000000000000000000000000000000000000000000000001111001000000000000000000000000000000000000000000000000000000000000000001000111110101001000000000000000000000000000000000000000000000000
00000000000000000000000000000000000000000000000000000000000000000111100100000000000000000000000000000000000000000000000000000000000000000001110001011010000000000000000000000000000000000000000000000000
00000000000000000000000000000000000000000000000000000000000000000111010000000000000000000000000000000000000000000000000000000000000000000101111001100101000000000000000000000000000000000000000000000000
00000000000000000000000000000000000000000000000000000000000000001011100100000000000000000000000000000000000000000000000000000000000000001011100110011000000000000000000000000000000000000000000000000000
00000000000000000000000000000000000000000000000000000000000000000101110100000000000000000000000000000000000000000000000000000000000000000011110101100001000000000000000000000000000000000000000000000000
00000000000000000000000000000000000000000000000000000000000000001011101010010100000000000000000000000000000000000000000000000000101011010111010100000000000000000000000000000000000000000000000000000000
00000000000000000000000000000000000000000000000000000000000000000011111000101010000000000000000000000000000000000000000000000000000101101110000100000000000000000000000000000000000000000000000000000000
00000000000000000000000000000000000000000000000000000000000000001101110000110100000000000000000000000000000000000000000000000000011010111101010000000000000000000000000000000000000000000000000000000000
00000000000000000000000000000000000000000000000000000000000000000011111100101001000000000000000000000000000000000000000000000000000011011110111000000000000000000000000000000000000000000000000000000000
00000000000000000000000000000000000000000000000000000000000000001100011000101110000000000000000000000000000000000000000000000000011010001100010100000000000000000000000000000000000000000000000000000000
00000000000000000000000000000000000000000000000000000000000000000101001100010010000000000000000000000000000000000000000000000000101100111101101000000000000000000000000000000000000000000000000000000000
00000000000000000000000000000000000000000000000000000000000000000001100111000101000000000000000000000000000000000000000000000000100011011100010000000000000000000000000000000000000000000000000000000000
00000000000000000000000000000000000000000000000000000000000000000100010110111000000000000000000000000000000000000000000000000000000010111001001000000000000000000000000000000000000000000000000000000000
00000000000000000000000000000000000000000000000000000000000000000001101110100001000000000000000000000000000000000000000000000000001001110000000000000000000000000000001100000000000000000000000000000000
00000000000000000000000000000000000000000000000000000000000000000110101110000110000000000000000000000000000000000000000000000000010101100000000000000000000000000000001100000000000000000000000000000000
00000000000000000000000000000000000000000000000000000000000000001001000110110000000000000000000000000000000000000000000000000000101011000000000000000000000000000000001100000000000000000000000000000000
00000000000000000000000000000000000000000000000000000000000000001110110111001110000000000000000000000000000000000000000000000000011111100000000000000000000000000000001100000000000000000000000000000000
00000000000000000000000000000000000000000000000000000000000000000100001111001101000000000000000000000000000000000000000000000000101111000000000000000000000000000000001100000000000000000000000000000000
00000000000000000000000000000000000000000000000000000000000000000111100011010010000000000000000000000000000000000000000000000000011100100000000000000000000000000000011100000000000000000000000000000000
00000000000000000000000000000000000000000000000000000000000000001010010111101000000000000000000000000000000000000000000000000000111100000000000000000000000000000000011100000000000000000000000000000000
00000000000000000000000000000000000000000000000000000000000000000101101011110100000000000000000000000000000000000000000000000000011011010000000000000000000000000000011100000000000000000000000000000000
00000000000000000000000000000000000000000000000000000000000000000000000001110100011001010000000000000000000000000000000010110010111001100000000000000000000000000000001100000000000000000000000000000000
00000000000000000000000000000000000000000000000000000000000000000000000000110001100110000000000000000000000000000000000011101010110100010000000000000000000000000000001100000000000000000000000000000000
00000000000000000000000000000000000000000000000000000000000000000000000011110110011001010000000000000000000000000000000001011001100010100000000000000000000000000000001100000000000000000000000000000000
00000000000000000000000000000000000000000000000000000000000000000000000000111111010110100000000000000000000000000000000011010011100101100000000000000000000000000000001100000000000000000000000000000000
00000000000000000000000000000000000000000000000000000000000000000000000010111100101010010000000000000000000000000000000010100101101001000000000000000000000000000000001100000000000000000000000000000000
00000000000000000000000000000000000000000000000000000000000000000000000001011101100101110000000000000000000000000000000010011011100110010000000000000000000000000000001100000000000000000000000000000000
00000000000000000000000000000000000000000000000000000000000000000000000000101111011010010000000000000000000000000000000011001111010010100000000000000000000000000000001100000000000000000000000000000000
00000000000000000000000000000000000000000000000000000000000000000000000000010111100100100000000000000000000000000000000001000111001010010000000000000000000000000000001100000000000000000000000000000000
00000000000000001110000000000000000000000000000000000000000000000000000010100101110101000000000000000000000000000000000010101110000000000000000000000000000000000000001100000000000000000000000000000000
00000000000000001110000000000000000000000000000000000000000000000000000001011001101000010000000000000000000000000000000001011111000000000000000000000000000000000000001100000000000000000000000000000000
00000000000000001110000000000000000000000000000000000000000000000000000010000111110011000000000000000000000000000000000010111110000000000000000000000000000000000000001100000000000000000000000000000000
00000000000000001110000000000000000000000000000000000000000000000000000010111100110110000000000000000000000000000000000000011101000000000000000000000000000000000000001100000000000000000000000000000000
00000000000000001110000000000000000000000000000000000000000000000000000000010001111010110000000000000000000000000000000001111000000000000000000000000000000000000000001100000000000000000000000000000000
00000000000000001110000000000000000000000000000000000000000000000000000001101010011110010000000000000000000000000000000010111010000000000000000000000000000000000000001100000000000000000000000000000000
00000000000000001110000000000000000000000000000000000000000000000000000010010100101101110000000000000000000000000000000001111110000000000000000000000000000000000000001100000000000000000000000000000000
00000000000000001110000000000000000000000000000000000000000000000000000000100101001111000000000000000000000000000000000010111000000000000000000000000000000000000000001100000000000000000000000000000000
00000000000000001110000000000000000000000000000000000000000000000000000000000000010110101000110100000000000000000100110000111001000000000000000000000000000000000000011100000000000000000000000000000000
00000000000000001110000000000000000000000000000000000000000000000000000000000000101111000111001000000000000000000011001001110000000000000000000000000000000000000000000100000000000000000000000000000000
00000000000000001110000000000000000000000000000000000000000000000000000000000000101011110001100000000000000000000011111011100101000000000000000000000000000000000000000000000000000000000000000000000000
00000000000000001111000000000000000000000000000000000000000000000000000000000000010111110010110100000000000000000100100111001000000000000000000000000000000000000000001100000000000000000000000000000000
00000000000000001111100000000000000010000000000000000000000000000000000000000000011010111000011000000000000000001111001011100110000000000000000000000000000000001111111100000000000000000000000000000000
00000000000000001111111100000000000111000000000000000000000000000000000000000000001000111010100100000000000000000100110111111000000000000000000000000000000000001111111100000000000000000000000000000000
00000000000000001111111100000000000111110000000000000000000000000000000000000000110000011110010000000000000000001011001110000101000000000000000000000000000000001111111100000000000000000000000000000000
00000000000000001111111100000000001111110000000000000000000000000000000000000000000111101101100100000000000000000001101110010010000000000000000000000000000000001111111100000000000000000000000000000000
00000000000000000000000000000000000000000000000000000000000000000000000000000000000000001110100000000000000000001000111110010010000000000000000000000000000000000000000000000000000000000000000000000000
00000000000000000000000000000000000000000000000000000000000000000000000000000000000000000110000100000000000000000011111101101001000000000000000000000000000000000000000000000000000000000000000000000000
00000000000000000000000000000000000000000000000000000000000000000000000000000000000000001110010100000000000000000101111010000111000000000000000000000000000000000000000000000000000000000000000000000000
00000000000000000000000000000000000000000000000000000000000000000000000000000000000000000111100000000000000000001001101110101001000000000000000000000000000000000000000000000000000000000000000000000000
00000000000000000000000000000000000000000000000000000000000000000000000000000000000000000111100100000000000000000001101001011010000000000000000000000000000000000000000000000000000000000000000000000000
00000000000000000000000000000000000000000000000000000000000000000000000000000000000000000011111000000000000000000111111001100101000000000000000000000000000000000000000000000000000000000000000000000000
00000000000000000000000000000000000000000000000000000000000000000000000000000000000000001001100000000000000000001011000110011000000000000000000000000000000000000000000000000000000000000000000000000000
00000000000000000000000000000000000000000000000000000000000000000000000000000000000000000101111000000000000000000111110101100001000000000000000000000000000000000000000000000000000000000000000000000000
00000000000000000000000000000000000000000000000000000000000000000000000000000000000000000110111110101001010110101110010100000000000000000000000000000000000000000000000000000000000000000000000000000000
00000000000000000000000000000000000000000000000000000000000000000000000000000000000000001101001111010100001001101111001000000000000000000000000000000000000000000000000000000000000000000000000000000000
00000000000000000000000000000000000000000000000000000000000000000000000000000000000000000010011110101000100110001101001100000000000000000000000000000000000000000000000000000000000000000000000000000000
00000000000000000000000000000000000000000000000000000000000000000000000000000000000000000100010111000001001100111100100000000000000000000000000000000000000000000000000000000000000000000000000000000000
00000000000000000000000000000000000000000000000000000000000000000000000000000000000000000001011111100100110011111010011100000000000000000000000000000000000000000000000000000000000000000000000000000000
00000000000000000000000000000000000000000000000000000000000000000000000000000000000000001011010011011001001111111110101000000000000000000000000000000000000000000000000000000000000000000000000000000000
00000000000000000000000000000000000000000000000000000000000000000000000000000000000000000100110111111110110100110100110000000000000000000000000000000000000000000000000000000000000000000000000000000000
00000000000000000000000000000000000000000000000000000000000000000000000000000000000000000010000111110100010011110100100100000000000000000000000000000000000000000000000000000000000000000000000000000000
00000000000000000000000000000000000000000000000000000000000000000000000000000000000000000000000010111010011101100000000000000000000000000000000000000000000000000000000000000000000000000000000000000000
00000000000000000000000000000000000000000000000000000000000000000000000000000000000000000000000000011101000101110000000000000000000000000000000000000000000000000000000000000000000000000000000000000000
00000000000000000000000000000000000000000000000000000000000000000000000000000000000000000000000001101110101001100000000000000000000000000000000000000000000000000000000000000000000000000000000000000000
00000000000000000000000000000000000000000000000000000000000000000000000000000000000000000000000000011111010011110000000000000000000000000000000000000000000000000000000000000000000000000000000000000000
00000000000000000000000000000000000000000000000000000000000000000000000000000000000000000000000001001011110111100000000000000000000000000000000000000000000000000000000000000000000000000000000000000000
00000000000000000000000000000000000000000000000000000000000000000000000000000000000000000000000010101001111011000000000000000000000000000000000000000000000000000000000000000000000000000000000000000000
00000000000000000000000000000000000000000000000000000000000000000000000000000000000000000000000001111101111111010000000000000000000000000000000000000000000000000000000000000000000000000000000000000000
00000000000000000000000000000000000000000000000000000000000000000000000000000000000000000000000010100010011110000000000000000000000000000000000000000000000000000000000000000000000000000000000000000000
00000000000000000000000000000000000000000000000000000000000000000000000000000000000000000000000000000000000000000000000000000000000000000000000000000000000000000000000000000000000000000000000000000000
00000000000000000000000000000000000000000000000000000000000000000000000000000000000000000000000000000000000000000000000000000000000000000000000000000000000000000000000000000000000000000000000000000000
00000000000000000000000000000000000000000000000000000000000000000000000000000000000000000000000000000000000000000000000000000000000000000000000000000000000000000000000000000000000000000000000000000000
00000000000000000000000000000000000000000000000000000000000000000000000000000000000000000000000000000000000000000000000000000000000000000000000000000000000000000000000000000000000000000000000000000000
00000000000000000000000000000000000000000000000000000000000000000000000000000000000000000000000000000000000000000000000000000000000000000000000000000000000000000000000000000000000000000000000000000000
00000000000000000000000000000000000000000000000000000000000000000000000000000000000000000000000000000000000000000000000000000000000000000000000000000000000000000000000000000000000000000000000000000000
00000000000000000000000000000000000000000000000000000000000000000000000000000000000000000000000000000000000000000000000000000000000000000000000000000000000000000000000000000000000000000000000000000000
00000000000000000000000000000000000000000000000000000000000000000000000000000000000000000000000000000000000000000000000000000000000000000000000000000000000000000000000000000000000000000000000000000000
00000000000000000000000000000000000000000000000000000000000000000000000000000000000000000000000000000000000000000000000000000000000000000000000000000000000000000000000000000000000000000000000000000000
00000000000000000000000000000000000000000000000000000000000000000000000000000000000000000000000000000000000000000000000000000000000000000000000000000000000000000000000000000000000000000000000000000000
00000000000000000000000000000000000000000000000000000000000000000000000000000000000000000000000000000000000000000000000000000000000000000000000000000000000000000000000000000000000000000000000000000000
00000000000000000000000000000000000000000000000000000000000000000000000000000000000000000000000000000000000000000000000000000000000000000000000000000000000000000000000000000000000000000000000000000000
00000000000000000000000000000000000000000000000000000000000000000000000000000000000000000000000000000000000000000000000000000000000000000000000000000000000000000000000000000000000000000000000000000000
00000000000000000000000000000000000000000000000000000000000000000000000000000000000000000000000000000000000000000000000000000000000000000000000000000000000000000000000000000000000000000000000000000000
00000000000000000000000000000000000000000000000000000000000000000000000000000000000000000000000000000000000000000000000000000000000000000000000000000000000000000000000000000000000000000000000000000000
00000000000000000000000000000000000000000000000000000000000000000000000000000000000000000000000000000000000000000000000000000000000000000000000000000000000000000000000000000000000000000000000000000000
00000000000000000000000000000000000000000000000000000000000000000000000000000000000000000000000000000000000000000000000000000000000000000000000000000000000000000000000000000000000000000000000000000000
00000000000000000000000000000000000000000000000000000000000000000000000000000000000000000000000000000000000000000000000000000000000000000000000000000000000000000000000000000000000000000000000000000000
00000000000000000000000000000000000000000000000000000000000000000000000000000000000000000000000000000000000000000000000000000000000000000000000000000000000000000000000000000000000000000000000000000000
00000000000000000000000000000000000000000000000000000000000000000000000000000000000000000000000000000000000000000000000000000000000000000000000000000000000000000000000000000000000000000000000000000000
00000000000000000000000000000000000000000000000000000000000000000000000000000000000000000000000000000000000000000000000000000000000000000000000000000000000000000000000000000000000000000000000000000000
00000000000000000000000000000000000000000000000000000000000000000000000000000000000000000000000000000000000000000000000000000000000000000000000000000000000000000000000000000000000000000000000000000000
00000000000000000000000000000000000000000000000000000000000000000000000000000000000000000000000000000000000000000000000000000000000000000000000000000000000000000000000000000000000000000000000000000000
00000000000000000000000000000000000000000000000000000000000000000000000000000000000000000000000000000000000000000000000000000000000000000000000000000000000000000000000000000000000000000000000000000000
00000000000000000000000000000000000000000000000000000000000000000000000000000000000000000000000000000000000000000000000000000000000000000000000000000000000000000000000000000000000000000000000000000000
00000000000000000000000000000000000000000000000000000000000000000000000000000000000000000000000000000000000000000000000000000000000000000000000000000000000000000000000000000000000000000000000000000000
00000000000000000000000000000000000000000000000000000000000000000000000000000000000000000000000000000000000000000000000000000000000000000000000000000000000000000000000000000000000000000000000000000000
00000000000000000000000000000000000000000000000000000000000000000000000000000000000000000000000000000000000000000000000000000000000000000000000000000000000000000000000000000000000000000000000000000000
00000000000000000000000000000000000000000000000000000000000000000000000000000000000000000000000000000000000000000000000000000000000000000000000000000000000000000000000000000000000000000000000000000000
00000000000000000000000000000000000000000000000000000000000000000000000000000000000000000000000000000000000000000000000000000000000000000000000000000000000000000000000000000000000000000000000000000000
00000000000000000000000000000000000000000000000000000000000000000000000000000000000000000000000000000000000000000000000000000000000000000000000000000000000000000000000000000000000000000000000000000000
00000000000000000000000000000000000000000000000000000000000000000000000000000000000000000000000000000000000000000000000000000000000000000000000000000000000000000000000000000000000000000000000000000000
