200 200
00000000000000000000000000000000000000000000000000000000000000000000000000000000000000000000000000000000000000000000000000000000000000000000000000000000000000000000000000000000000000000000000000000000
00000000000000000000000000000000000000000000000000000000000000000000000000000000000000000000000000000000000000000000000000000000000000000000000000000000000000000000000000000000000000000000000000000000
00000000000000000000000000000000000000000000000000000000000000000000000000000000000000000000000000000000000000000000000000000000000000000000000000000000000000000000000000000000000000000000000000000000
00000000000000000000000000000000000000000000000000000000000000000000000000000000000000000000000000000000000000000000000000000000000000000000000000000000000000000000000000000000000000000000000000000000
00000000000000000000000000000000000000000000000000000000000000000000000000000000000000000000000000000000000000000000000000000000000000000000000000000000000000000000000000000000000000000000000000000000
00000000000000000000000000000000000000000000000000000000000000000000000000000000000000000000000000000000000000000000000000000000000000000000000000000000000000000000000000000000000000000000000000000000
00000000000000000000000000000000000000000000000000000000000000000000000000000000000000000000000000000000000000000000000000000000000000000000000000000000000000000000000000000000000000000000000000000000
00000000000000000000000000000000000000000000000000000000000000000000000000000000000000000000000000000000000000000000000000000000000000000000000000000000000000000000000000000000000000000000000000000000
00000000000000000000000000000000000000000000000000000000000000000000000000000000000000000000000000000000000000000000000000000000000000000000000000000000000000000000000000000000000000000000000000000000
00000000000000000000000000000000000000000000000000000000000000000000000000000000000000000000000000000000000000000000000000000000000000000000000000000000000000000000000000000000000000000000000000000000
00000000000000000000000000000000000000000000000000000000000000000000000000000000000000000000000000000000000000000000000000000000000000000000000000000000000000000000000000000000000000000000000000000000
00000000000000000000000000000000000000000000000000000000000000000000000000000000000000000000000000000000000000000000000000000000000000000000000000000000000000000000000000000000000000000000000000000000
00000000000000000000000000000000000000000000000000000000000000000000000000000000000000000000000000000000000000000000000000000000000000000000000000000000000000000000000000000000000000000000000000000000
00000000000000000000000000000000000000000000000000000000000000000000000000000000000000000000000000000000000000000000000000000000000000000000000000000000000000000000000000000000000000000000000000000000
00000000000000000000000000000000000000000000000000000000000000000000000000000000000000000000000000000000000000000000000000000000000000000000000000000000000000000000000000000000000000000000000000000000
00000000000000000000000000000000000000000000000000000000000000000000000000000000000000000000000000000000000000000000000000000000000000000000000000000000000000000000000000000000000000000000000000000000
00000000000000000000000000000000000000000000000000000000000000000000000000000000000000000000000000000000000000000000000000000000000000000000000000000000000000000000000000000000000000000000000000000000
00000000000000000000000000000000000000000000000000000000000000000000000000000000000000000000000000000000000000000000000000000000000000000000000000000000000000000000000000000000000000000000000000000000
00000000000000000000000000000000000000000000000000000000000000000000000000000000000000000000000000000000000000000000000000000000000000000000000000000000000000000000000000000000000000000000000000000000
00000000000000000000000000000000000000000000000000000000000000000000000000000000000000000000000000000000000000000000000000000000000000000000000000000000000000000000000000000000000000000000000000000000
00000000000000000000000000000000000000000000000000000000000000000000000000000000000000000000000000000000000000000000000000000000000000000000000000000000000000000000000000000000000000000000000000000000
00000000000000000000000000000000000000000000000000000000000000000000000000000000000000000000000000000000000000000000000000000000000000000000000000000000000000000000000000000000000000000000000000000000
00000000000000000000000000000000000000000000000000000000000000000000000000000000000000000000000000000000000000000000000000000000000000000000000000000000000000000000000000000000000000000000000000000000
00000000000000000000000000000000000000000000000000000000000000000000000000000000000000000000000000000000000000000000000000000000000000000000000000000000000000000000000000000000000000000000000000000000
00000000000000000000000000000000000000000000000000000000000000000000000000000000000000000000000000000000000000000000000000000000000000000000000000000000000000000000000000000000000000000000000000000000
00000000000000000000000000000000000000000000000000000000000000000000000000000000000000000000000000000000000000000000000000000000000000000000000000000000000000000000000000000000000000000000000000000000
00000000000000000000000000000000000000000000000000000000000000000000000000000000000000000000000000000000000000000000000000000000000000000000000000000000000000000000000000000000000000000000000000000000
00000000000000000000000000000000000000000000000000000000000000000000000000000000000000000000000000000000000000000000000000000000000000000000000000000000000000000000000000000000000000000000000000000000
00000000000000000000000000000000000000000000000000000000000000000000000000000000000000000000000000000000000000000000000000000000000000000000000000000000000000000000000000000000000000000000000000000000
00000000000000000000000000000000000000000000000000000000000000000000000000000000000000000000000000000000000000000000000000000000000000000000000000000000000000000000000000000000000000000000000000000000
00000000000000000000000000000000000000000000000000000000000000000000000000000000000000000000000000000000000000000000000000000000000000000000000000000000000000000000000000000000000000000000000000000000
00000000000000000000000000000000000000000000000000000000000000000000000000000000000000000000000000000000000000000000000000000000000000000000000000000000000000000000000000000000000000000000000000000000
00000000000000000000000000000000000000000000000000000000000000000000000000000000000000000000000000000000000000000000000000000000000000000000000000000000000000000000000000000000000000000000000000000000
00000000000000000000000000000000000000000000000000000000000000000000000000000000000000000000000000000000000000000000000000000000000000000000000000000000000000000000000000000000000000000000000000000000
00000000000000000000000000000000000000000000000000000000000000000000000000000000000000000000000000000000000000000000000000000000000000000000000000000000000000000000000000000000000000000000000000000000
00000000000000000000000000000000000000000000000000000000000000000000000000000000000000000000000000000000000000000000000000000000000000000000000000000000000000000000000000000000000000000000000000000000
00000000000000000000000000000000000000000000000000000000000000000000000000000000000000000000000000000000000000000000000000000000000000000000000000000000000000000000000000000000000000000000000000000000
00000000000000000000000000000000000000000000000000000000000000000000000000000000000000000000000000000000000000000000000000000000000000000000000000000000000000000000000000000000000000000000000000000000
00000000000000000000000000000000000000000000000000000000000000000000000000000000000000000000000000000000000000000000000000000000000000000000000000000000000000000000000000000000000000000000000000000000
00000000000000000000000000000000000000000000000000000000000000000000000000000000000000000000000000000000000000000000000000000000000000000000000000000000000000000000000000000000000000000000000000000000
00000000000000000000000000000000000000000000000000000000000000000000000000000000000101010000000010010101000000000000000000000000000000000000000000000000000000000000000000000000000000000000000000000000
00000000000000000000000000000000000000000000000000000000000000000000000000000000010011010000000001101010000000000000000000000000000000000000000000000000000000000000000000000000000000000000000000000000
00000000000000000000000000000000000000000000000000000000000000000000000000000000000100000000000010110001000000000000000000000000000000000000000000000000000000000000000000000000000000000000000000000000
00000000000000000000000000000000000000000000000000000000000000000000000000000000101010101111111111011010000000000000000000000000000000000000000000000000000000000000000000000000000000000000000000000000
00000000000000000000000000000000000000000000000000000000000000000000000000000000101100100000000001000101000000000000000000000000000000000000000000000000000000000000000000000000000000000000000000000000
00000000000000000000000000000000000000000000000000000000000000000000000000000000001010010000000010100011000000000000000000000000000000000000000000000000000000000000000000000000000000000000000000000000
00000000000000000000000000000000000000000000000000000000000000000000000000000000110101100000000000010100000000000000000000000000000000000000000000000000000000000000000000000000000000000000000000000000
00000000000000000000000000000000000000000000000000000000000000000000000000000000001011111111111111100010000000000000000000000000000000000000000000000000000000000000000000000000000000000000000000000000
00000000000000000000000000000000000000000000000000000000000000001010010010011011111111111111111111110000001011010000000001010010100101100000000000000000000000000000000000000000000000000000000000000000
00000000000000000000000000000000000000000000000000000000000000000111001100101111111110010100111110101010110100100000000010100100001000000000000000000000000000000000000000000000000000000000000000000000
00000000000000000000000000000000000000000000000000000000000000001000111001011110101000100100111111111111001010010000000001000011101010110000000000000000000000000000000000000000000000000000000000000000
00000000000000000000000000000000000000000000000000000000000000001110000011111101110110000011101101111111111111100000000010001000001001000000000000000000000000000000000000000000000000000000000000000000
00000000000000000000000000000000000000000000000000000000000000000001010111100000000100110010100000100010111111111111111111111101010010000000000000000000000000000000000000000000000000000000000000000000
00000000000000000000000000000000000000000000000000000000000000000011101110011110101001001000111010010000111011111111111111111111111100100000000000000000000000000000000000000000000000000000000000000000
00000000000000000000000000000000000000000000000000000000000000000110111110100011000111011010001000001101001100011111111111001011111111000000000000000000000000000000000000000000000000000000000000000000
00000000000000000000000000000000000000000000000000000000000000001001111001011000011000100100100101010100010111100000000000010101011111110000000000000000000000000000000000000000000000000000000000000000
00000000000000000000000000000000000000000000000000000000001010010001111000000000000000000000000000000000000000000000000000000000000110111101000000100010000000000000000000000000000000000000000000000000
00000000000000000000000000000000000000000000000000000000010101000101100000000000000000000000000000000000000000000000000000000000101001011111101010010001000000000000000000000000000000000000000000000000
00000000000000000000000000000000000000000000000000000000001011000011100000000000000000000000000000000000000000000000000000000000010000100011110001001001000000000000000000000000000000000000000000000000
00000000000000000000000000000000000000000000000000000000100101000111001000000000000000000000000000000000000000000000000000000000000110010011111111001100000000000000000000000000000000000000000000000000
00000000000000000000000000000000000000000000000000000000011101000110100100000000000000000000000000000000000000000000000000000000110010011001111110100001000000000000000000000000000000000000000000000000
00000000000000000000000000000000000000000000000000000000010010001110110000000000000000000000000000000000000000000000000000000000001101000010001111110010000000000000000000000000000000000000000000000000
00000000000000000000000000000000000000000000000000000000101000111110000100000000000000000000000000000000000000000000000000000000100001011000010111111011000000000000000000000000000000000000000000000000
00000000000000000000000000000000000000000000000000000000000111011000001000000000000000000000000000000000000000000000000000000000011000100110100010111110000000000000000000000000000000000000000000000000
00000000000000000000000000000000000000000000000000000000010100111001001000000000000000000000000000000000000000000000000000000000000000000000000000111111010000110000000000000000000000000000000000000000
00000000000000000000000000000000000000000000000000000000010101110110100100000000000000000000000000000000000000000000000000000000000000000000000010000111100010100000000000000000000000000000000000000000
00000000000000000000000000000000000000000000000000000000100001111000011100000000000000000000000000000000000000000000000000000000000000000000000000111101111010010000000000000000000000000000000000000000
00000000000000000000000000000000000000000000000000000000010111101010100100000000000000000000000000000000000000000000000000000000000000000000000000001010111001000000000000000000000000000000000000000000
00000000000000000000000000000000000000000000000000000000101111100101101000000000000000000000000000000000000000000000000000000000000000000000000010111000011100010000000000000000000000000000000000000000
00000000000000000000000000000000000000000000000000000000001101000110010100000000000000000000000000000000000000000000000000000000000000000000000011010111001111000000000000000000000000000000000000000000
00000000000000000000000000000000000000000000000000000000101110011001100000000000000000000000000000000000000000000000000000000000000000000000000000101100010111110000000000000000000000000000000000000000
00000000000000000000000000000000000000000000000000000000011101100110000100000000000000000000000000000000000000000000000000000000000000000000000010010010001111010000000000000000000000000000000000000000
00000000000000000000000000000000000000000000000010110001011010100000000000000000000000000000000000000000000000000000000000000000000000000000000000000000001111100010101100000000000000000000000000000000
00000000000000000000000000000000000000000000000001001100111101010000000000000000000000000000000000000000000000000000000000000000000000000000000000000000100011110101110000000000000000000000000000000000
00000000000000000000000000000000000000000000000001000011110010110000000000000000000000000000000000000000000000000000000000000000000000000000000000000000001001111010001100000000000000000000000000000000
00000000000000000000000000000000000000000000000010111011101010100000000000000000000000000000000000000000000000000000000000000000000000000000000000000000100111011101100000000000000000000000000000000000
00000000000000000000000000000000000000000000000001010101110111010000000000000000000000000000000000000000000000000000000000000000000000000000000000000000101000111111011000000000000000000000000000000000
00000000000000000000000000000000000000000000000011010011110000100000000000000000000000000000000000000000000000000000000000000000000000000000000000000000010111001111100100000000000000000000000000000000
00000000000000000000000000000000000000000000000010101111001100100000000000000000000000000000000000000000000000000000000000000000000000000000000000000000010000010111110100000000000000000000000000000000
00000000000000000000000000000000000000000000000001010110100011010000000000000000000000000000000000000000000000000000000000000000000000000000000000000000101100101001111000000000000000000000000000000000
00000000000000000000000000000000000000000000000001010110000000000000000000000000000000000000000000000000000000000000000000000000000000000000000000000000000000000100111100100110000000000000000000000000
00000000000000000000000000000000000000000000000010101110000000000000000000000000000000000000000000000000000000000000000000000000000000000000000000000000000000000001001111001011000000000000000000000000
00000000000000000000000000000000000000000000000010011101000000000000000000000000000000000000000000000000000000000000000000000000000000000000000000000000000000001101100110100100000000000000000000000000
00000000000000000000000000000000000000000000000001101110000000000000000000000000000000000000000000000000000000000000000000000000000000000000000000000000000000000101000111000101000000000000000000000000
00000000000000000000000000000000000000000000000000101110000000000000000000000000000000000000000000000000000000000000000000000000000000000000000000000000000000001010100111101001000000000000000000000000
00000000000000000000000000000000000000000000000001001101000000000000000000000000000000000000000000000000000000000000000000000000000000000000000000000000000000000001101001100001000000000000000000000000
00000000000000000000000000000000000000000000000000101100000000000000000000000000000000000000000000000000000000000000000000000000000000000000000000000000000000000100001001110100000000000000000000000000
00000000000000000000000000000000000000000000000010011110000000000000000000000000000000000000000000000000000000000000000000000000000000000000000000000000000000001011100001110001000000000000000000000000
00000000000000000000000000000000000000000000000000001110000000000000000000000000000000000000000000000000000000000000000000000000000000000000000000000000000000000000000001111001000000000000000000000000
00000000000000000000000000000000000000000000000000001110000000000000000000000000000000000000000000000000000000000000000000000000000000000000000000000000000000000000000011111000000000000000000000000000
00000000000000000000000000000000000000000000000000001110000000000000000000000000000000000000000000000000000000000000000000000000000000000000000000000000000000000000000000111100000000000000000000000000
00000000000000000000000000000000000000000000000000001110000000000000000000000000000000000000000000000000000000000000000000000000000000000000000000000000000000000000000011011010000000000000000000000000
00000000000000000000000000000000000000000000000000001110000000000000000000000000000000000000000000000000000000000000000000000000000000000000000000000000000000000000000000111101000000000000000000000000
00000000000000000000000000000000000000000000000000001110000000000000000000000000000000000000000000000000000000000000000000000000000000000000000000000000000000000000000000011110000000000000000000000000
00000000000000000000000000000000000000000000000000001110000000000000000000000000000000000000000000000000000000000000000000000000000000000000000000000000000000000000000010111001000000000000000000000000
00000000000000000000000000000000000000000000000000001110000000000000000000000000000000000000000000000000000000000000000000000000000000000000000000000000000000000000000001011011000000000000000000000000
00000000000000000000000000000000000000000000000000001110000000000000000000000000000000000000000000000000000000000000000000000000000000000000000000000000000000000000000000011000000000000000000000000000
00000000000000000000000000000000000000000000000000001110000000000000000000000000000000000000000000000000000000000000000000000000000000000000000000000000000000000000000000011000000000000000000000000000
00000000000000000000000000000000000000000000000000001110000000000000000000000000000000000000000000000000000000000000000000000000000000000000000000000000000000000000000000011000000000000000000000000000
00000000000000000000000000000000000000000000000000001110000000000000000000000000000000000000000000000000000000000000000000000000000000000000000000000000000000000000000000011000000000000000000000000000
00000000000000000000000000000000000000000000000000001110000000000000000000000000000000000000000000000000000000000000000000000000000000000000000000000000000000000000000000011000000000000000000000000000
00000000000000000000000000000000000000000000000000001110000000000000000000000000000000000000000000000000000000000000000000000000000000000000000000000000000000000000000000011000000000000000000000000000
00000000000000000000000000000000000000000000000000001110000000000000000000000000000000000000000000000000000000000000000000000000000000000000000000000000000000000000000000011000000000000000000000000000
00000000000000000000000000000000000000000000000000001110000000000000000000000000000000000000000000000000000000000000000000000000000000000000000000000000000000000000000000011000000000000000000000000000
00000000000000000000000000000000000000000000000001011111000000000000000000000000000000000000000000000000000000000000000000000000000000000000000000000000000000000000000000011000000000000000000000000000
00000000000000000000000000000000000000000000000010101110000000000000000000000000000000000000000000000000000000000000000000000000000000000000000000000000000000000000000000011000000000000000000000000000
00000000000000000000000000000000000000000000000001001101000000000000000000000000000000000000000000000000000000000000000000000000000000000000000000000000000000000000000000011000000000000000000000000000
00000000000000000000000000000000000000000000000001001110000000000000000000000000000000000000000000000000000000000000000000000000000000000000000000000000000000000000000000011000000000000000000000000000
00000000000000000000000000000000000000000000000000101100000000000000000000000000000000000000000000000000000000000000000000000000000000000000000000000000000000000000000000011000000000000000000000000000
00000000000000000000000000000000000000000000000010011110000000000000000000000000000000000000000000000000000000000000000000000000000000000000000000000000000000000000000000011000000000000000000000000000
00000000000000000000000000000000000000000000000000100111000000000000000000000000000000000000000000000000000000000000000000000000000000000000000000000000000000000000000000011000000000000000000000000000
00000000000000000000000000000000000000000000000001011111000000000000000000000000000000000000000000000000000000000000000000000000000000000000000000000000000000000000000000011000000000000000000000000000
00000000000000000000000000000000000000000000000001101111110010000000000000000000000000000000000000000000000000000000000000000000000000000000000000000000000000000000001110011010000000000000000000000000
00000000000000000000000000000000000000000000000001010011001000110000000000000000000000000000000000000000000000000000000000000000000000000000000000000000000000000000001101011000000000000000000000000000
00000000000000000000000000000000000000000000000010101111111010000000000000000000000000000000000000000000000000000000000000000000000000000000000000000000000000000000001100011010000000000000000000000000
00000000000000000000000000000000000000000000000000111101100101010000000000000000000000000000000000000000000000000000000000000000000000000000000000000000000000000000001110111110000000000000000000000000
00000000000000000000000000000000000000000000000010110001110001000000000000000000000000000000000000000000000000000000000000000000000000000000000000000000000000000000001110110101000000000000000000000000
00000000000000000000000000000000000000000000000000001100110100100000000000000000000000000000000000000000000000000000000000000000000000000000000000000000000000000000011101111010000000000000000000000000
00000000000000000000000000000000000000000000000001110101111101000000000000000000000000000000000000000000000000000000000000000000000000000000000000000000000000000000011110111000000000000000000000000000
00000000000000000000000000000000000000000000000001010111011100000000000000000000000000000000000000000000000000000000000000000000000000000000000000000000000000000000011100110110000000000000000000000000
00000000000000000000000000000000000000000000000000000000101110100100001000000000000000000000000000000000000000000000000000000000000000000000000000000000000000000000001111110100000000000000000000000000
00000000000000000000000000000000000000000000000000000000011111011010000100000000000000000000000000000000000000000000000000000000000000000000000000000000000000000000001101110001000000000000000000000000
00000000000000000000000000000000000000000000000000000000100111000010110000000000000000000000000000000000000000000000000000000000000000000000000000000000000000000000001101101101000000000000000000000000
00000000000000000000000000000000000000000000000000000000010111101001001100000000000000000000000000000000000000000000000000000000000000000000000000000000000000000000001101100000000000000000000000000000
00000000000000000000000000000000000000000000000000000000001011111001100000000000000000000000000000000000000000000000000000000000000000000000000000000000000000000000001101101010000000000000000000000000
00000000000000000000000000000000000000000000000000000000001101110100011000000000000000000000000000000000000000000000000000000000000000000000000000000000000000000000001111110100000000000000000000000000
00000000000000000000000000000000000000000000000000000000110000111010010100000000000000000000000000000000000000000000000000000000000000000000000000000000000000000000001101100010000000000000000000000000
00000000000000000000000000000000000000000000000000000000001011011100101000000000000000000000000000000000000000000000000000000000000000000000000000000000000000000000001111110100000000000000000000000000
00000000000000001110000000000000000000000000000000000000000000001111101001000010000000000000000000000000000000000000000000000000000000000000000000000000100011000111010111010000000000000000000000000000
00000000000000001110000000000000000000000000000000000000000000000111000010100001000000000000000000000000000000000000000000000000000000000000000000000000001010101000011110110001000000000000000000000000
00000000000000001110000000000000000000000000000000000000000000000111010100101100000000000000000000000000000000000000000000000000000000000000000000000000101111001010111111001101000000000000000000000000
00000000000000001110000000000000000000000000000000000000000000001011101010010011000000000000000000000000000000000000000000000000000000000000000000000000000001100001111100010110000000000000000000000000
00000000000000001110000000000000000000000000000000000000000000000111111110011000000000000000000000000000000000000000000000000000000000000000000000000000101010100111111110110000000000000000000000000000
00000000000000001110000000000000000000000000000000000000000000000011111101000110000000000000000000000000000000000000000000000000000000000000000000000000000100101111110011010110000000000000000000000000
00000000000000001110000000000000000000000000000000000000000000001001011110100101000000000000000000000000000000000000000000000000000000000000000000000000010000011110000101101000000000000000000000000000
00000000000000001110000000000000000000000000000000000000000000000100100111001010000000000000000000000000000000000000000000000000000000000000000000000000001101111100100010110101000000000000000000000000
00000000000000001110000000000000000000000000000000000000000000000000000001111001101100100000000000000000000000000000000000000000000000001110000110101100011011110000011100000000000000000000000000000000
00000000000000001110000000000000000000000000000000000000000000000000000011111100010111010000000000000000000000000000000000000000000000000001101011100010010111000000000100000000000000000000000000000000
00000000000000001110000000000000000000000000000000000000000000000000000000011100101011000000000000000000000000000000000000000000000000001100010000010111111110100000000000000000000000000000000000000000
00000000000000001111000000000000000000000000000000000000000000000000000000100111110110100000000000000000000000000000000000000000000000000000001010001111111101100000001100000000000000000000000000000000
00000000000000001111100000000000000010000000000000000000000000000000000001011011101100010000000000000000000000001111111100000000000000001001101001111111111010011111111100000000000000000000000000000000
00000000000000001111111100000000000111000000000000000000000000000000000010101001111111010000000000000000000000001111111100000000000000000100011111111110100010101111111100000000000000000000000000000000
00000000000000001111111100000000000111110000000000000000000000000000000010010111011111000000000000000000000000000001111100000000000000000011111111110010010101101111111100000000000000000000000000000000
00000000000000001111111100000000001111110000000000000000000000000000000001011000101111100000000000000000000000000000111100000000000000001111110000101100101000011111111100000000000000000000000000000000
00000000000000000000000000000000000000000000000000000000000000000000000000000000001101111101011000000000000000000000000000000000001011111110001000000000000000000000000000000000000000000000000000000000
00000000000000000000000000000000000000000000000000000000000000000000000000000000010000011111100111111111111111111111111111111111111111110001010000000000000000000000000000000000000000000000000000000000
00000000000000000000000000000000000000000000000000000000000000000000000000000000000100101111111111111111111111111111111111111111111111011010001100000000000000000000000000000000000000000000000000000000
00000000000000000000000000000000000000000000000000000000000000000000000000000000101010001001011111111111111111111111111111111111111101000100010100000000000000000000000000000000000000000000000000000000
00000000000000000000000000000000000000000000000000000000000000000000000000000000000001100101001100000000000000000000000000000000010001001101101000000000000000000000000000000000000000000000000000000000
00000000000000000000000000000000000000000000000000000000000000000000000000000000101111000010110100000000000000000000000000000000011010001011000100000000000000000000000000000000000000000000000000000000
00000000000000000000000000000000000000000000000000000000000000000000000000000000001010101100101100000000000000000000000000000000100101010110101000000000000000000000000000000000000000000000000000000000
00000000000000000000000000000000000000000000000000000000000000000000000000000000100011001011010000000000000000000000000000000000010010101001010100000000000000000000000000000000000000000000000000000000
00000000000000000000000000000000000000000000000000000000000000000000000000000000000000000000000000000000000000000000000000000000000000000000000000000000000000000000000000000000000000000000000000000000
00000000000000000000000000000000000000000000000000000000000000000000000000000000000000000000000000000000000000000000000000000000000000000000000000000000000000000000000000000000000000000000000000000000
00000000000000000000000000000000000000000000000000000000000000000000000000000000000000000000000000000000000000000000000000000000000000000000000000000000000000000000000000000000000000000000000000000000
00000000000000000000000000000000000000000000000000000000000000000000000000000000000000000000000000000000000000000000000000000000000000000000000000000000000000000000000000000000000000000000000000000000
00000000000000000000000000000000000000000000000000000000000000000000000000000000000000000000000000000000000000000000000000000000000000000000000000000000000000000000000000000000000000000000000000000000
00000000000000000000000000000000000000000000000000000000000000000000000000000000000000000000000000000000000000000000000000000000000000000000000000000000000000000000000000000000000000000000000000000000
00000000000000000000000000000000000000000000000000000000000000000000000000000000000000000000000000000000000000000000000000000000000000000000000000000000000000000000000000000000000000000000000000000000
00000000000000000000000000000000000000000000000000000000000000000000000000000000000000000000000000000000000000000000000000000000000000000000000000000000000000000000000000000000000000000000000000000000
00000000000000000000000000000000000000000000000000000000000000000000000000000000000000000000000000000000000000000000000000000000000000000000000000000000000000000000000000000000000000000000000000000000
00000000000000000000000000000000000000000000000000000000000000000000000000000000000000000000000000000000000000000000000000000000000000000000000000000000000000000000000000000000000000000000000000000000
00000000000000000000000000000000000000000000000000000000000000000000000000000000000000000000000000000000000000000000000000000000000000000000000000000000000000000000000000000000000000000000000000000000
00000000000000000000000000000000000000000000000000000000000000000000000000000000000000000000000000000000000000000000000000000000000000000000000000000000000000000000000000000000000000000000000000000000
00000000000000000000000000000000000000000000000000000000000000000000000000000000000000000000000000000000000000000000000000000000000000000000000000000000000000000000000000000000000000000000000000000000
00000000000000000000000000000000000000000000000000000000000000000000000000000000000000000000000000000000000000000000000000000000000000000000000000000000000000000000000000000000000000000000000000000000
00000000000000000000000000000000000000000000000000000000000000000000000000000000000000000000000000000000000000000000000000000000000000000000000000000000000000000000000000000000000000000000000000000000
00000000000000000000000000000000000000000000000000000000000000000000000000000000000000000000000000000000000000000000000000000000000000000000000000000000000000000000000000000000000000000000000000000000
00000000000000000000000000000000000000000000000000000000000000000000000000000000000000000000000000000000000000000000000000000000000000000000000000000000000000000000000000000000000000000000000000000000
00000000000000000000000000000000000000000000000000000000000000000000000000000000000000000000000000000000000000000000000000000000000000000000000000000000000000000000000000000000000000000000000000000000
00000000000000000000000000000000000000000000000000000000000000000000000000000000000000000000000000000000000000000000000000000000000000000000000000000000000000000000000000000000000000000000000000000000
00000000000000000000000000000000000000000000000000000000000000000000000000000000000000000000000000000000000000000000000000000000000000000000000000000000000000000000000000000000000000000000000000000000
00000000000000000000000000000000000000000000000000000000000000000000000000000000000000000000000000000000000000000000000000000000000000000000000000000000000000000000000000000000000000000000000000000000
00000000000000000000000000000000000000000000000000000000000000000000000000000000000000000000000000000000000000000000000000000000000000000000000000000000000000000000000000000000000000000000000000000000
00000000000000000000000000000000000000000000000000000000000000000000000000000000000000000000000000000000000000000000000000000000000000000000000000000000000000000000000000000000000000000000000000000000
00000000000000000000000000000000000000000000000000000000000000000000000000000000000000000000000000000000000000000000000000000000000000000000000000000000000000000000000000000000000000000000000000000000
00000000000000000000000000000000000000000000000000000000000000000000000000000000000000000000000000000000000000000000000000000000000000000000000000000000000000000000000000000000000000000000000000000000
00000000000000000000000000000000000000000000000000000000000000000000000000000000000000000000000000000000000000000000000000000000000000000000000000000000000000000000000000000000000000000000000000000000
00000000000000000000000000000000000000000000000000000000000000000000000000000000000000000000000000000000000000000000000000000000000000000000000000000000000000000000000000000000000000000000000000000000
00000000000000000000000000000000000000000000000000000000000000000000000000000000000000000000000000000000000000000000000000000000000000000000000000000000000000000000000000000000000000000000000000000000
00000000000000000000000000000000000000000000000000000000000000000000000000000000000000000000000000000000000000000000000000000000000000000000000000000000000000000000000000000000000000000000000000000000
00000000000000000000000000000000000000000000000000000000000000000000000000000000000000000000000000000000000000000000000000000000000000000000000000000000000000000000000000000000000000000000000000000000
00000000000000000000000000000000000000000000000000000000000000000000000000000000000000000000000000000000000000000000000000000000000000000000000000000000000000000000000000000000000000000000000000000000
00000000000000000000000000000000000000000000000000000000000000000000000000000000000000000000000000000000000000000000000000000000000000000000000000000000000000000000000000000000000000000000000000000000
00000000000000000000000000000000000000000000000000000000000000000000000000000000000000000000000000000000000000000000000000000000000000000000000000000000000000000000000000000000000000000000000000000000
00000000000000000000000000000000000000000000000000000000000000000000000000000000000000000000000000000000000000000000000000000000000000000000000000000000000000000000000000000000000000000000000000000000
00000000000000000000000000000000000000000000000000000000000000000000000000000000000000000000000000000000000000000000000000000000000000000000000000000000000000000000000000000000000000000000000000000000
00000000000000000000000000000000000000000000000000000000000000000000000000000000000000000000000000000000000000000000000000000000000000000000000000000000000000000000000000000000000000000000000000000000
00000000000000000000000000000000000000000000000000000000000000000000000000000000000000000000000000000000000000000000000000000000000000000000000000000000000000000000000000000000000000000000000000000000
00000000000000000000000000000000000000000000000000000000000000000000000000000000000000000000000000000000000000000000000000000000000000000000000000000000000000000000000000000000000000000000000000000000
00000000000000000000000000000000000000000000000000000000000000000000000000000000000000000000000000000000000000000000000000000000000000000000000000000000000000000000000000000000000000000000000000000000
00000000000000000000000000000000000000000000000000000000000000000000000000000000000000000000000000000000000000000000000000000000000000000000000000000000000000000000000000000000000000000000000000000000
00000000000000000000000000000000000000000000000000000000000000000000000000000000000000000000000000000000000000000000000000000000000000000000000000000000000000000000000000000000000000000000000000000000
00000000000000000000000000000000000000000000000000000000000000000000000000000000000000000000000000000000000000000000000000000000000000000000000000000000000000000000000000000000000000000000000000000000
00000000000000000000000000000000000000000000000000000000000000000000000000000000000000000000000000000000000000000000000000000000000000000000000000000000000000000000000000000000000000000000000000000000
00000000000000000000000000000000000000000000000000000000000000000000000000000000000000000000000000000000000000000000000000000000000000000000000000000000000000000000000000000000000000000000000000000000
00000000000000000000000000000000000000000000000000000000000000000000000000000000000000000000000000000000000000000000000000000000000000000000000000000000000000000000000000000000000000000000000000000000
00000000000000000000000000000000000000000000000000000000000000000000000000000000000000000000000000000000000000000000000000000000000000000000000000000000000000000000000000000000000000000000000000000000
00000000000000000000000000000000000000000000000000000000000000000000000000000000000000000000000000000000000000000000000000000000000000000000000000000000000000000000000000000000000000000000000000000000
00000000000000000000000000000000000000000000000000000000000000000000000000000000000000000000000000000000000000000000000000000000000000000000000000000000000000000000000000000000000000000000000000000000
