200 200
00000000000000000000000000000000000000000000000000000000000000000000000000000000000000000000000000000000000000000000000000000000000000000000000000000000000000000000000000000000000000000000000000000000
00000000000000000000000000000000000000000000000000000000000000000000000000000000000000000000000000000000000000000000000000000000000000000000000000000000000000000000000000000000000000000000000000000000
00000000000000000000000000000000000000000000000000000000000000000000000000000000000000000000000000000000000000000000000000000000000000000000000000000000000000000000000000000000000000000000000000000000
00000000000000000000000000000000000000000000000000000000000000000000000000000000000000000000000000000000000000000000000000000000000000000000000000000000000000000000000000000000000000000000000000000000
00000000000000000000000000000000000000000000000000000000000000000000000000000000000000000000000000000000000000000000000000000000000000000000000000000000000000000000000000000000000000000000000000000000
00000000000000000000000000000000000000000000000000000000000000000000000000000000000000000000000000000000000000000000000000000000000000000000000000000000000000000000000000000000000000000000000000000000
00000000000000000000000000000000000000000000000000000000000000000000000000000000000000000000000000000000000000000000000000000000000000000000000000000000000000000000000000000000000000000000000000000000
00000000000000000000000000000000000000000000000000000000000000000000000000000000000000000000000000000000000000000000000000000000000000000000000000000000000000000000000000000000000000000000000000000000
00000000000000000000000000000000000000000000000000000000000000000000000000000000000000000000000000000000000000000000000000000000000000000000000000000000000000000000000000000000000000000000000000000000
00000000000000000000000000000000000000000000000000000000000000000000000000000000000000000000000000000000000000000000000000000000000000000000000000000000000000000000000000000000000000000000000000000000
00000000000000000000000000000000000000000000000000000000000000000000000000000000000000000000000000000000000000000000000000000000000000000000000000000000000000000000000000000000000000000000000000000000
00000000000000000000000000000000000000000000000000000000000000000000000000000000000000000000000000000000000000000000000000000000000000000000000000000000000000000000000000000000000000000000000000000000
00000000000000000000000000000000000000000000000000000000000000000000000000000000000000000000000000000000000000000000000000000000000000000000000000000000000000000000000000000000000000000000000000000000
00000000000000000000000000000000000000000000000000000000000000000000000000000000000000000000000000000000000000000000000000000000000000000000000000000000000000000000000000000000000000000000000000000000
00000000000000000000000000000000000000000000000000000000000000000000000000000000000000000000000000000000000000000000000000000000000000000000000000000000000000000000000000000000000000000000000000000000
00000000000000000000000000000000000000000000000000000000000000000000000000000000000000000000000000000000000000000000000000000000000000000000000000000000000000000000000000000000000000000000000000000000
00000000000000000000000000000000000000000000000000000000000000000000000000000000000000000000000000000000000000000000000000000000000000000000000000000000000000000000000000000000000000000000000000000000
00000000000000000000000000000000000000000000000000000000000000000000000000000000000000000000000000000000000000000000000000000000000000000000000000000000000000000000000000000000000000000000000000000000
00000000000000000000000000000000000000000000000000000000000000000000000000000000000000000000000000000000000000000000000000000000000000000000000000000000000000000000000000000000000000000000000000000000
00000000000000000000000000000000000000000000000000000000000000000000000000000000000000000000000000000000000000000000000000000000000000000000000000000000000000000000000000000000000000000000000000000000
00000000000000000000000000000000000000000000000000000000000000000000000000000000000000000000000000000000000000000000000000000000000000000000000000000000000000000000000000000000000000000000000000000000
00000000000000000000000000000000000000000000000000000000000000000000000000000000000000000000000000000000000000000000000000000000000000000000000000000000000000000000000000000000000000000000000000000000
00000000000000000000000000000000000000000000000000000000000000000000000000000000000000000000000000000000000000000000000000000000000000000000000000000000000000000000000000000000000000000000000000000000
00000000000000000000000000000000000000000000000000000000000000000000000000000000000000000000000000000000000000000000000000000000000000000000000000000000000000000000000000000000000000000000000000000000
00000000000000000000000000000000000000000000000000000000000000000000000000000000000000000000000000000000000000000000000000000000000000000000000000000000000000000000000000000000000000000000000000000000
00000000000000000000000000000000000000000000000000000000000000000000000000000000000000000000000000000000000000000000000000000000000000000000000000000000000000000000000000000000000000000000000000000000
00000000000000000000000000000000000000000000000000000000000000000000000000000000000000000000000000000000000000000000000000000000000000000000000000000000000000000000000000000000000000000000000000000000
00000000000000000000000000000000000000000000000000000000000000000000000000000000000000000000000000000000000000000000000000000000000000000000000000000000000000000000000000000000000000000000000000000000
00000000000000000000000000000000000000000000000000000000000000000000000000000000000000000000000000000000000000000000000000000000000000000000000000000000000000000000000000000000000000000000000000000000
00000000000000000000000000000000000000000000000000000000000000000000000000000000000000000000000000000000000000000000000000000000000000000000000000000000000000000000000000000000000000000000000000000000
00000000000000000000000000000000000000000000000000000000000000000000000000000000000000000000000000000000000000000000000000000000000000000000000000000000000000000000000000000000000000000000000000000000
00000000000000000000000000000000000000000000000000000000000000000000000000000000000000000000000000000000000000000000000000000000000000000000000000000000000000000000000000000000000000000000000000000000
00000000000000000000000000000000000000000000000000000000000000000000000000000000000000000000000000000000000000000000000000000000000000000000000000000000000000000000000000000000000000000000000000000000
00000000000000000000000000000000000000000000000000000000000000000000000000000000000000000000000000000000000000000000000000000000000000000000000000000000000000000000000000000000000000000000000000000000
00000000000000000000000000000000000000000000000000000000000000000000000000000000000000000000000000000000000000000000000000000000000000000000000000000000000000000000000000000000000000000000000000000000
00000000000000000000000000000000000000000000000000000000000000000000000000000000000000000000000000000000000000000000000000000000000000000000000000000000000000000000000000000000000000000000000000000000
00000000000000000000000000000000000000000000000000000000000000000000000000000000000000000000000000000000000000000000000000000000000000000000000000000000000000000000000000000000000000000000000000000000
00000000000000000000000000000000000000000000000000000000000000000000000000000000000000000000000000000000000000000000000000000000000000000000000000000000000000000000000000000000000000000000000000000000
00000000000000000000000000000000000000000000000000000000000000000000000000000000000000000000000000000000000000000000000000000000000000000000000000000000000000000000000000000000000000000000000000000000
00000000000000000000000000000000000000000000000000000000000000000000000000000000000000000000000000000000000000000000000000000000000000000000000000000000000000000000000000000000000000000000000000000000
00000000000000000000000000000000000000000000000000000000000000000000000000000000000101010010101111110100010100100010101100110001000000000000000000000000000000000000000000000000000000000000000000000000
00000000000000000000000000000000000000000000000000000000000000000000000000000000000010101010011111111100010011001010010001010100000000000000000000000000000000000000000000000000000000000000000000000000
00000000000000000000000000000000000000000000000000000000000000000000000000000000000000011001100000011110010010010101101100111101000000000000000000000000000000000000000000000000000000000000000000000000
00000000000000000000000000000000000000000000000000000000000000000000000000000000101011000110011101100111111111010010100001100000000000000000000000000000000000000000000000000000000000000000000000000000
00000000000000000000000000000000000000000000000000000000000000000000000000000000100000101111111111111111111111111111101001010101000000000000000000000000000000000000000000000000000000000000000000000000
00000000000000000000000000000000000000000000000000000000000000000000000000000000101110011111111111111111111110111111111001001000000000000000000000000000000000000000000000000000000000000000000000000000
00000000000000000000000000000000000000000000000000000000000000000000000000000000001011111110001110101100001011000010011110000010000000000000000000000000000000000000000000000000000000000000000000000000
00000000000000000000000000000000000000000000000000000000000000000000000000000000111111110101001010010011101000100101101111101100000000000000000000000000000000000000000000000000000000000000000000000000
00000000000000000000000000000000000000000000000000000000000000000001010110010111111110000000000000000000000000000000000011110110100010100000000000000000000000000000000000000000000000000000000000000000
00000000000000000000000000000000000000000000000000000000000000001110011000101111101001100000000000000000000000000000000001111100000000110000000000000000000000000000000000000000000000000000000000000000
00000000000000000000000000000000000000000000000000000000000000000101100101011100001010000000000000000000000000000000000001001111011100010000000000000000000000000000000000000000000000000000000000000000
00000000000000000000000000000000000000000000000000000000000000001100110011111001010001010000000000000000000000000000000010000111110011000000000000000000000000000000000000000000000000000000000000000000
00000000000000000000000000000000000000000000000000000000000000000100010101110110110100110000000000000000000000000000000001011011111010100000000000000000000000000000000000000000000000000000000000000000
00000000000000000000000000000000000000000000000000000000000000001011001111100001001001010000000000000000000000000000000010000010111011010000000000000000000000000000000000000000000000000000000000000000
00000000000000000000000000000000000000000000000000000000000000000110111111010010110100100000000000000000000000000000000010110001011101000000000000000000000000000000000000000000000000000000000000000000
00000000000000000000000000000000000000000000000000000000000000000011111100000100001001000000000000000000000000000000000000101010001110100000000000000000000000000000000000000000000000000000000000000000
00000000000000000000000000000000000000000000000010100110101010010111100000000000000000000000000000000000000000000000000000000000010111001001001000000000000000000000000000000000000000000000000000000000
00000000000000000000000000000000000000000000000000011001100000111110001000000000000000000000000000000000000000000000000000000000001011100011010100000000000000000000000000000000000000000000000000000000
00000000000000000000000000000000000000000000000010100110010100111000110100000000000000000000000000000000000000000000000000000000101101111100100100000000000000000000000000000000000000000000000000000000
00000000000000000000000000000000000000000000000001011010001011110100010100000000000000000000000000000000000000000000000000000000010101111110001000000000000000000000000000000000000000000000000000000000
00000000000000000000000000000000000000000000000010010101010111101010100000000000000000000000000000000000000000000000000000000000001100111111010000000000000000000000000000000000000000000000000000000000
00000000000000000000000000000000000000000000000011101001001111001011001100000000000000000000000000000000000000000000000000000000100011101110000100000000000000000000000000000000000000000000000000000000
00000000000000000000000000000000000000000000000010010110111100100100110000000000000000000000000000000000000000000000000000000000110000001111011000000000000000000000000000000000000000000000000000000000
00000000000000000000000000000000000000000000000001001001110110100101001100000000000000000000000000000000000000000000000000000000010100011111101000000000000000000000000000000000000000000000000000000000
00000000000000000000000000000000000000000000000001010011100100100000000000000000000000000000000000000000000000000000000000000000000000001011101000100101000000000000000000000000000000000000000000000000
00000000000000000000000000000000000000000000000001000111011010010000000000000000000000000000000000000000000000000000000000000000000000000001110111001110000000000000000000000000000000000000000000000000
00000000000000000000000000000000000000000000000000011110100001110000000000000000000000000000000000000000000000000000000000000000000000000110111001110001000000000000000000000000000000000000000000000000
00000000000000000000000000000000000000000000000001011101101010010000000000000000000000000000000000000000000000000000000000000000000000000001111100000111000000000000000000000000000000000000000000000000
00000000000000000000000000000000000000000000000000111010010110100000000000000000000000000000000000000000000000000000000000000000000000000100101110101000000000000000000000000000000000000000000000000000
00000000000000000000000000000000000000000000000001110101011001010000000000000000000000000000000000000000000000000000000000000000000000001010100111011100000000000000000000000000000000000000000000000000
00000000000000000000000000000000000000000000000001111010100110000000000000000000000000000000000000000000000000000000000000000000000000000111110111110110000000000000000000000000000000000000000000000000
00000000000000000000000000000000000000000000000011110010011000010000000000000000000000000000000000000000000000000000000000000000000000001010001001111001000000000000000000000000000000000000000000000000
00000000000000000000000000000000000000000101000101101001000000000000000000000000000000000000000000000000000000000000000000000000000000000000000000111010100101000000000000000000000000000000000000000000
00000000000000000000000000000000000000000101110011100100000000000000000000000000000000000000000000000000000000000000000000000000000000000000000001111111001010100000000000000000000000000000000000000000
00000000000000000000000000000000000000001011010111010010000000000000000000000000000000000000000000000000000000000000000000000000000000000000000010011101001101000000000000000000000000000000000000000000
00000000000000000000000000000000000000001000100111100001000000000000000000000000000000000000000000000000000000000000000000000000000000000000000001101111001010010000000000000000000000000000000000000000
00000000000000000000000000000000000000000110100111100010000000000000000000000000000000000000000000000000000000000000000000000000000000000000000000010110001011100000000000000000000000000000000000000000
00000000000000000000000000000000000000001101001110010001000000000000000000000000000000000000000000000000000000000000000000000000000000000000000001001011000100100000000000000000000000000000000000000000
00000000000000000000000000000000000000000010101110011011000000000000000000000000000000000000000000000000000000000000000000000000000000000000000010100111110001010000000000000000000000000000000000000000
00000000000000000000000000000000000000001001010111001000000000000000000000000000000000000000000000000000000000000000000000000000000000000000000010010101101110000000000000000000000000000000000000000000
00000000000000000000000000000000000000001010100110111000000000000000000000000000000000000000000000000000000000000000000000000000000000000000000001001001110100100000000000000000000000000000000000000000
00000000000000000000000000000000000000001000011111000101000000000000000000000000000000000000000000000000000000000000000000000000000000000000000010010110111001100000000000000000000000000000000000000000
00000000000000000000000000000000000000000110101100010010000000000000000000000000000000000000000000000000000000000000000000000000000000000000000011100001111100100000000000000000000000000000000000000000
00000000000000000000000000000000000000001001011100101110000000000000000000000000000000000000000000000000000000000000000000000000000000000000000010010101011101110000000000000000000000000000000000000000
00000000000000000000000000000000000000001010011000101001000000000000000000000000000000000000000000000000000000000000000000000000000000000000000001011010001100000000000000000000000000000000000000000000
00000000000000000000000000000000000000000111111000110100000000000000000000000000000000000000000000000000000000000000000000000000000000000000000010100110111100100000000000000000000000000000000000000000
00000000000000000000000000000000000000001001011000101010000000000000000000000000000000000000000000000000000000000000000000000000000000000000000000011001101100010000000000000000000000000000000000000000
00000000000000000000000000000000000000000010111010010100000000000000000000000000000000000000000000000000000000000000000000000000000000000000000010000110011110000000000000000000000000000000000000000000
00000000000000000000000000000000000000000111110100000000000000000000000000000000000000000000000000000000000000000000000000000000000000000000000000000000000111000010100100000000000000000000000000000000
00000000000000000000000000000000000000001001101000000000000000000000000000000000000000000000000000000000000000000000000000000000000000000000000000000000101011101010011000000000000000000000000000000000
00000000000000000000000000000000000000000001111100000000000000000000000000000000000000000000000000000000000000000000000000000000000000000000000000000000000101100100110100000000000000000000000000000000
00000000000000000000000000000000000000000111100000000000000000000000000000000000000000000000000000000000000000000000000000000000000000000000000000000000110011110111001000000000000000000000000000000000
00000000000000000000000000000000000000001011111100000000000000000000000000000000000000000000000000000000000000000000000000000000000000000000000000000000011000110000100000000000000000000000000000000000
00000000000000000000000000000000000000001011100000000000000000000000000000000000000000000000000000000000000000000000000000000000000000000000000000000000100100111010110100000000000000000000000000000000
00000000000000000000000000000000000000000101111000000000000000000000000000000000000000000000000000000000000000000000000000000000000000000000000000000000101001011101101000000000000000000000000000000000
00000000000000000000000000000000000000001011110100000000000000000000000000000000000000000000000000000000000000000000000000000000000000000000000000000000000111011111011000000000000000000000000000000000
00000000000000000000000000000000000000000001100000000000000000000000000000000000000000000000000000000000000000000000000000000000000000000000000000000000000000001111001000000000000000000000000000000000
00000000000000000000000000000000000000000001100000000000000000000000000000000000000000000000000000000000000000000000000000000000000000000000000000000000000000000111110100000000000000000000000000000000
00000000000000000000000000000000000000000001100000000000000000000000000000000000000000000000000000000000000000000000000000000000000000000000000000000000000000000111000000000000000000000000000000000000
00000000000000000000000000000000000000000001100000000000000000000000000000000000000000000000000000000000000000000000000000000000000000000000000000000000000000000011111000000000000000000000000000000000
00000000000000000000000000000000000000000001100000000000000000000000000000000000000000000000000000000000000000000000000000000000000000000000000000000000000000001101100000000000000000000000000000000000
00000000000000000000000000000000000000000001100000000000000000000000000000000000000000000000000000000000000000000000000000000000000000000000000000000000000000000111111100000000000000000000000000000000
00000000000000000000000000000000000000000001100000000000000000000000000000000000000000000000000000000000000000000000000000000000000000000000000000000000000000001101101000000000000000000000000000000000
00000000000000000000000000000000000000000001100000000000000000000000000000000000000000000000000000000000000000000000000000000000000000000000000000000000000000000011100100000000000000000000000000000000
00000000000000000000000000000000000000000001100000000000000000000000000000000000000000000000000000000000000000000000000000000000000000000000000000000000000000000001100000000000000000000000000000000000
00000000000000000000000000000000000000000001100000000000000000000000000000000000000000000000000000000000000000000000000000000000000000000000000000000000000000000001100000000000000000000000000000000000
00000000000000000000000000000000000000000001100000000000000000000000000000000000000000000000000000000000000000000000000000000000000000000000000000000000000000000001100000000000000000000000000000000000
00000000000000000000000000000000000000000001100000000000000000000000000000000000000000000000000000000000000000000000000000000000000000000000000000000000000000000001100000000000000000000000000000000000
00000000000000000000000000000000000000000001100000000000000000000000000000000000000000000000000000000000000000000000000000000000000000000000000000000000000000000001100000000000000000000000000000000000
00000000000000000000000000000000000000000001100000000000000000000000000000000000000000000000000000000000000000000000000000000000000000000000000000000000000000000001100000000000000000000000000000000000
00000000000000000000000000000000000000000001100000000000000000000000000000000000000000000000000000000000000000000000000000000000000000000000000000000000000000000001100000000000000000000000000000000000
00000000000000000000000000000000000000000001100000000000000000000000000000000000000000000000000000000000000000000000000000000000000000000000000000000000000000000001100000000000000000000000000000000000
00000000000000000000000000000000000000000101101000000000000000000000000000000000000000000000000000000000000000000000000000000000000000000000000000000000000000000001101100000000000000000000000000000000
00000000000000000000000000000000000000000011101000000000000000000000000000000000000000000000000000000000000000000000000000000000000000000000000000000000000000000001101100000000000000000000000000000000
00000000000000000000000000000000000000000011101000000000000000000000000000000000000000000000000000000000000000000000000000000000000000000000000000000000000000000001101100000000000000000000000000000000
00000000000000000000000000000000000000001011100100000000000000000000000000000000000000000000000000000000000000000000000000000000000000000000000000000000000000000001101100000000000000000000000000000000
00000000000000000000000000000000000000000111111000000000000000000000000000000000000000000000000000000000000000000000000000000000000000000000000000000000000000000001101100000000000000000000000000000000
00000000000000000000000000000000000000001101100100000000000000000000000000000000000000000000000000000000000000000000000000000000000000000000000000000000000000000001101100000000000000000000000000000000
00000000000000000000000000000000000000001011111100000000000000000000000000000000000000000000000000000000000000000000000000000000000000000000000000000000000000000001111100000000000000000000000000000000
00000000000000000000000000000000000000000100110000000000000000000000000000000000000000000000000000000000000000000000000000000000000000000000000000000000000000000001111100000000000000000000000000000000
00000000000000000000000000000000000000000001011100001011000000000000000000000000000000000000000000000000000000000000000000000000000000000000000000000000000000000001101100000000000000000000000000000000
00000000000000000000000000000000000000000110111001101100000000000000000000000000000000000000000000000000000000000000000000000000000000000000000000000000000000000001101100000000000000000000000000000000
00000000000000000000000000000000000000000101001101001010000000000000000000000000000000000000000000000000000000000000000000000000000000000000000000000000000000000001101100000000000000000000000000000000
00000000000000000000000000000000000000001111101111110100000000000000000000000000000000000000000000000000000000000000000000000000000000000000000000000000000000000001101100000000000000000000000000000000
00000000000000000000000000000000000000000110010110000100000000000000000000000000000000000000000000000000000000000000000000000000000000000000000000000000000000000001101100000000000000000000000000000000
00000000000000000000000000000000000000001101111110110010000000000000000000000000000000000000000000000000000000000000000000000000000000000000000000000000000000000001101100000000000000000000000000000000
00000000000000000000000000000000000000000101001111011001000000000000000000000000000000000000000000000000000000000000000000000000000000000000000000000000000000000001101100000000000000000000000000000000
00000000000000000000000000000000000000001100010111110010000000000000000000000000000000000000000000000000000000000000000000000000000000000000000000000000000000000001101100000000000000000000000000000000
00000000000000001110000000000000000000000000000011110101000000000000000000000000000000000000000000000000000000000000000000000000000000000000000000000000000000000011110000000000000000000000000000000000
00000000000000001110000000000000000000000000000010111010000000000000000000000000000000000000000000000000000000000000000000000000000000000000000000000000000000000111101100000000000000000000000000000000
00000000000000001110000000000000000000000000000000011011000000000000000000000000000000000000000000000000000000000000000000000000000000000000000000000000000000000111000000000000000000000000000000000000
00000000000000001110000000000000000000000000000000111100000000000000000000000000000000000000000000000000000000000000000000000000000000000000000000000000000000001011011100000000000000000000000000000000
00000000000000001110000000000000000000000000000001001101000000000000000000000000000000000000000000000000000000000000000000000000000000000000000000000000000000000111101100000000000000000000000000000000
00000000000000001110000000000000000000000000000010110110000000000000000000000000000000000000000000000000000000000000000000000000000000000000000000000000000000000110111000000000000000000000000000000000
00000000000000001110000000000000000000000000000000110111000000000000000000000000000000000000000000000000000000000000000000000000000000000000000000000000000000001111001100000000000000000000000000000000
00000000000000001110000000000000000000000000000011000011000000000000000000000000000000000000000000000000000000000000000000000000000000000000000000000000000000001110000000000000000000000000000000000000
00000000000000001110000000000000000000000000000000011101100010100000000000000000000000000000000000000000000000000000000000000000000000000000000000000000101010001100110100000000000000000000000000000000
00000000000000001110000000000000000000000000000010100011110011000000000000000000000000000000000000000000000000000000000000000000000000000000000000000000010100111101001000000000000000000000000000000000
00000000000000001110000000000000000000000000000001001000111010010000000000000000000000000000000000000000000000000000000000000000000000000000000000000000000110011010110100000000000000000000000000000000
00000000000000001111000000000000000000000000000001110100011001100000000000000000000000000000000000000000000000000000000000000000000000000000000000000000110001111101010000000000000000000000000000000000
00000000000000001111100000000000000010000000000010010100101100100000000000000000000000000000000000000000000000001111111100000000000000000000000000000000011010110011100100000000000000000000000000000000
00000000000000001111111100000000000111000000000000101100111110110000000000000000000000000000000000000000000000001111111100000000000000000000000000000000000010111110011100000000000000000000000000000000
00000000000000001111111100000000000111110000000001010100010111000000000000000000000000000000000000000000000000000001111100000000000000000000000000000000010011110111100000000000000000000000000000000000
00000000000000001111111100000000001111110000000000101001101011100000000000000000000000000000000000000000000000000000111100000000000000000000000000000000101001110110111000000000000000000000000000000000
00000000000000000000000000000000000000000000000000000000011011110100001000000000000000000000000000000000000000000000000000000000000000000000000000000000000111100000000000000000000000000000000000000000
00000000000000000000000000000000000000000000000000000000010110111011110100000000000000000000000000000000000000000000000000000000000000000000000000000000010011100000000000000000000000000000000000000000
00000000000000000000000000000000000000000000000000000000101101011100011000000000000000000000000000000000000000000000000000000000000000000000000000000000101111100000000000000000000000000000000000000000
00000000000000000000000000000000000000000000000000000000000100011111101100000000000000000000000000000000000000000000000000000000000000000000000000000000100110000000000000000000000000000000000000000000
00000000000000000000000000000000000000000000000000000000000011101111100000000000000000000000000000000000000000000000000000000000000000000000000000000000011110010000000000000000000000000000000000000000
00000000000000000000000000000000000000000000000000000000101100100011111100000000000000000000000000000000000000000000000000000000000000000000000000000000011110010000000000000000000000000000000000000000
00000000000000000000000000000000000000000000000000000000011001111101111000000000000000000000000000000000000000000000000000000000000000000000000000000000111101000000000000000000000000000000000000000000
00000000000000000000000000000000000000000000000000000000100101000110111100000000000000000000000000000000000000000000000000000000000000000000000000000000110010100000000000000000000000000000000000000000
00000000000000000000000000000000000000000000000000000000000000000100011111010010000000000000000000000000000000000000000000000000101001100110100000100101110110000000000000000000000000000000000000000000
00000000000000000000000000000000000000000000000000000000000000001001011011111101000000000000000000000000000000000000000000000000000110010100110111001111101001010000000000000000000000000000000000000000
00000000000000000000000000000000000000000000000000000000000000000001001101111100000000000000000000000000000000000000000000000000101001101111001001111111010000100000000000000000000000000000000000000000
00000000000000000000000000000000000000000000000000000000000000001010010110011110000000000000000000000000000000000000000000000000010110100010110100111111100110000000000000000000000000000000000000000000
00000000000000000000000000000000000000000000000000000000000000000101100001011111000000000000000000000000000000000000000000000000100101011000000111111001100100110000000000000000000000000000000000000000
00000000000000000000000000000000000000000000000000000000000000001010001100100110000000000000000000000000000000000000000000000000111010010101011111101010001011000000000000000000000000000000000000000000
00000000000000000000000000000000000000000000000000000000000000000101010011011111000000000000000000000000000000000000000000000000100101101011111111100100101000010000000000000000000000000000000000000000
00000000000000000000000000000000000000000000000000000000000000001000001001000110000000000000000000000000000000000000000000000000010010011111111000010010010001100000000000000000000000000000000000000000
00000000000000000000000000000000000000000000000000000000000000000000000001101111000100101001010001010110000000001010011001010010000110111110001000000000000000000000000000000000000000000000000000000000
00000000000000000000000000000000000000000000000000000000000000000000000001011011100001001010010010101001000000000001100100010011011011110001010000000000000000000000000000000000000000000000000000000000
00000000000000000000000000000000000000000000000000000000000000000000000010110101111001010101111101010010000000001010011010100100001111011010001100000000000000000000000000000000000000000000000000000000
00000000000000000000000000000000000000000000000000000000000000000000000000010001111111001010001010100100000000000101101001001011111110100100010100000000000000000000000000000000000000000000000000000000
00000000000000000000000000000000000000000000000000000000000000000000000000001110001111110011010101011101000000001001010101101011111000101101101000000000000000000000000000000000000000000000000000000000
00000000000000000000000000000000000000000000000000000000000000000000000010110010101001111111110100111010000000001110100100100111100110101011000100000000000000000000000000000000000000000000000000000000
00000000000000000000000000000000000000000000000000000000000000000000000001100111001000011111111101010101000000001001011011111111101001100110101000000000000000000000000000000000000000000000000000000000
00000000000000000000000000000000000000000000000000000000000000000000000010010100010010000101011111111000000000000100100111111010110011011001010100000000000000000000000000000000000000000000000000000000
00000000000000000000000000000000000000000000000000000000000000000000000000000000000000000000000011111111110100011101111110010010000000000000000000000000000000000000000000000000000000000000000000000000
00000000000000000000000000000000000000000000000000000000000000000000000000000000000000000000000000100111111111111111111101101001000000000000000000000000000000000000000000000000000000000000000000000000
00000000000000000000000000000000000000000000000000000000000000000000000000000000000000000000000000010001011111111111100110000111000000000000000000000000000000000000000000000000000000000000000000000000
00000000000000000000000000000000000000000000000000000000000000000000000000000000000000000000000000100111101010000001011010101001000000000000000000000000000000000000000000000000000000000000000000000000
00000000000000000000000000000000000000000000000000000000000000000000000000000000000000000000000011100100000010110100001001011010000000000000000000000000000000000000000000000000000000000000000000000000
00000000000000000000000000000000000000000000000000000000000000000000000000000000000000000000000000011010010110000001110101100101000000000000000000000000000000000000000000000000000000000000000000000000
00000000000000000000000000000000000000000000000000000000000000000000000000000000000000000000000001100010100001011010010010011000000000000000000000000000000000000000000000000000000000000000000000000000
00000000000000000000000000000000000000000000000000000000000000000000000000000000000000000000000010001101101101101001001001100001000000000000000000000000000000000000000000000000000000000000000000000000
00000000000000000000000000000000000000000000000000000000000000000000000000000000000000000000000000000000000000000000000000000000000000000000000000000000000000000000000000000000000000000000000000000000
00000000000000000000000000000000000000000000000000000000000000000000000000000000000000000000000000000000000000000000000000000000000000000000000000000000000000000000000000000000000000000000000000000000
00000000000000000000000000000000000000000000000000000000000000000000000000000000000000000000000000000000000000000000000000000000000000000000000000000000000000000000000000000000000000000000000000000000
00000000000000000000000000000000000000000000000000000000000000000000000000000000000000000000000000000000000000000000000000000000000000000000000000000000000000000000000000000000000000000000000000000000
00000000000000000000000000000000000000000000000000000000000000000000000000000000000000000000000000000000000000000000000000000000000000000000000000000000000000000000000000000000000000000000000000000000
00000000000000000000000000000000000000000000000000000000000000000000000000000000000000000000000000000000000000000000000000000000000000000000000000000000000000000000000000000000000000000000000000000000
00000000000000000000000000000000000000000000000000000000000000000000000000000000000000000000000000000000000000000000000000000000000000000000000000000000000000000000000000000000000000000000000000000000
00000000000000000000000000000000000000000000000000000000000000000000000000000000000000000000000000000000000000000000000000000000000000000000000000000000000000000000000000000000000000000000000000000000
00000000000000000000000000000000000000000000000000000000000000000000000000000000000000000000000000000000000000000000000000000000000000000000000000000000000000000000000000000000000000000000000000000000
00000000000000000000000000000000000000000000000000000000000000000000000000000000000000000000000000000000000000000000000000000000000000000000000000000000000000000000000000000000000000000000000000000000
00000000000000000000000000000000000000000000000000000000000000000000000000000000000000000000000000000000000000000000000000000000000000000000000000000000000000000000000000000000000000000000000000000000
00000000000000000000000000000000000000000000000000000000000000000000000000000000000000000000000000000000000000000000000000000000000000000000000000000000000000000000000000000000000000000000000000000000
00000000000000000000000000000000000000000000000000000000000000000000000000000000000000000000000000000000000000000000000000000000000000000000000000000000000000000000000000000000000000000000000000000000
00000000000000000000000000000000000000000000000000000000000000000000000000000000000000000000000000000000000000000000000000000000000000000000000000000000000000000000000000000000000000000000000000000000
00000000000000000000000000000000000000000000000000000000000000000000000000000000000000000000000000000000000000000000000000000000000000000000000000000000000000000000000000000000000000000000000000000000
00000000000000000000000000000000000000000000000000000000000000000000000000000000000000000000000000000000000000000000000000000000000000000000000000000000000000000000000000000000000000000000000000000000
00000000000000000000000000000000000000000000000000000000000000000000000000000000000000000000000000000000000000000000000000000000000000000000000000000000000000000000000000000000000000000000000000000000
00000000000000000000000000000000000000000000000000000000000000000000000000000000000000000000000000000000000000000000000000000000000000000000000000000000000000000000000000000000000000000000000000000000
00000000000000000000000000000000000000000000000000000000000000000000000000000000000000000000000000000000000000000000000000000000000000000000000000000000000000000000000000000000000000000000000000000000
00000000000000000000000000000000000000000000000000000000000000000000000000000000000000000000000000000000000000000000000000000000000000000000000000000000000000000000000000000000000000000000000000000000
00000000000000000000000000000000000000000000000000000000000000000000000000000000000000000000000000000000000000000000000000000000000000000000000000000000000000000000000000000000000000000000000000000000
00000000000000000000000000000000000000000000000000000000000000000000000000000000000000000000000000000000000000000000000000000000000000000000000000000000000000000000000000000000000000000000000000000000
00000000000000000000000000000000000000000000000000000000000000000000000000000000000000000000000000000000000000000000000000000000000000000000000000000000000000000000000000000000000000000000000000000000
00000000000000000000000000000000000000000000000000000000000000000000000000000000000000000000000000000000000000000000000000000000000000000000000000000000000000000000000000000000000000000000000000000000
