200 200
00000000000000000000000000000000000000000000000000000000000000000000000000000000000000000000000000000000000000000000000000000000000000000000000000000000000000000000000000000000000000000000000000000000
00000000000000000000000000000000000000000000000000000000000000000000000000000000000000000000000000000000000000000000000000000000000000000000000000000000000000000000000000000000000000000000000000000000
00000000000000000000000000000000000000000000000000000000000000000000000000000000000000000000000000000000000000000000000000000000000000000000000000000000000000000000000000000000000000000000000000000000
00000000000000000000000000000000000000000000000000000000000000000000000000000000000000000000000000000000000000000000000000000000000000000000000000000000000000000000000000000000000000000000000000000000
00000000000000000000000000000000000000000000000000000000000000000000000000000000000000000000000000000000000000000000000000000000000000000000000000000000000000000000000000000000000000000000000000000000
00000000000000000000000000000000000000000000000000000000000000000000000000000000000000000000000000000000000000000000000000000000000000000000000000000000000000000000000000000000000000000000000000000000
00000000000000000000000000000000000000000000000000000000000000000000000000000000000000000000000000000000000000000000000000000000000000000000000000000000000000000000000000000000000000000000000000000000
00000000000000000000000000000000000000000000000000000000000000000000000000000000000000000000000000000000000000000000000000000000000000000000000000000000000000000000000000000000000000000000000000000000
00000000000000000000000000000000000000000000000000000000000000000000000000000000000000000000000000000000000000000000000000000000000000000000000000000000000000000000000000000000000000000000000000000000
00000000000000000000000000000000000000000000000000000000000000000000000000000000000000000000000000000000000000000000000000000000000000000000000000000000000000000000000000000000000000000000000000000000
00000000000000000000000000000000000000000000000000000000000000000000000000000000000000000000000000000000000000000000000000000000000000000000000000000000000000000000000000000000000000000000000000000000
00000000000000000000000000000000000000000000000000000000000000000000000000000000000000000000000000000000000000000000000000000000000000000000000000000000000000000000000000000000000000000000000000000000
00000000000000000000000000000000000000000000000000000000000000000000000000000000000000000000000000000000000000000000000000000000000000000000000000000000000000000000000000000000000000000000000000000000
00000000000000000000000000000000000000000000000000000000000000000000000000000000000000000000000000000000000000000000000000000000000000000000000000000000000000000000000000000000000000000000000000000000
00000000000000000000000000000000000000000000000000000000000000000000000000000000000000000000000000000000000000000000000000000000000000000000000000000000000000000000000000000000000000000000000000000000
00000000000000000000000000000000000000000000000000000000000000000000000000000000000000000000000000000000000000000000000000000000000000000000000000000000000000000000000000000000000000000000000000000000
00000000000000000000000000000000000000000000000000000000000000000000000000000000000000000000000000000000000000000000000000000000000000000000000000000000000000000000000000000000000000000000000000000000
00000000000000000000000000000000000000000000000000000000000000000000000000000000000000000000000000000000000000000000000000000000000000000000000000000000000000000000000000000000000000000000000000000000
00000000000000000000000000000000000000000000000000000000000000000000000000000000000000000000000000000000000000000000000000000000000000000000000000000000000000000000000000000000000000000000000000000000
00000000000000000000000000000000000000000000000000000000000000000000000000000000000000000000000000000000000000000000000000000000000000000000000000000000000000000000000000000000000000000000000000000000
00000000000000000000000000000000000000000000000000000000000000000000000000000000000000000000000000000000000000000000000000000000000000000000000000000000000000000000000000000000000000000000000000000000
00000000000000000000000000000000000000000000000000000000000000000000000000000000000000000000000000000000000000000000000000000000000000000000000000000000000000000000000000000000000000000000000000000000
00000000000000000000000000000000000000000000000000000000000000000000000000000000000000000000000000000000000000000000000000000000000000000000000000000000000000000000000000000000000000000000000000000000
00000000000000000000000000000000000000000000000000000000000000000000000000000000000000000000000000000000000000000000000000000000000000000000000000000000000000000000000000000000000000000000000000000000
00000000000000000000000000000000000000000000000000000000000000000000000000000000000000000000000000000000000000000000000000000000000000000000000000000000000000000000000000000000000000000000000000000000
00000000000000000000000000000000000000000000000000000000000000000000000000000000000000000000000000000000000000000000000000000000000000000000000000000000000000000000000000000000000000000000000000000000
00000000000000000000000000000000000000000000000000000000000000000000000000000000000000000000000000000000000000000000000000000000000000000000000000000000000000000000000000000000000000000000000000000000
00000000000000000000000000000000000000000000000000000000000000000000000000000000000000000000000000000000000000000000000000000000000000000000000000000000000000000000000000000000000000000000000000000000
00000000000000000000000000000000000000000000000000000000000000000000000000000000000000000000000000000000000000000000000000000000000000000000000000000000000000000000000000000000000000000000000000000000
00000000000000000000000000000000000000000000000000000000000000000000000000000000000000000000000000000000000000000000000000000000000000000000000000000000000000000000000000000000000000000000000000000000
00000000000000000000000000000000000000000000000000000000000000000000000000000000000000000000000000000000000000000000000000000000000000000000000000000000000000000000000000000000000000000000000000000000
00000000000000000000000000000000000000000000000000000000000000000000000000000000000000000000000000000000000000000000000000000000000000000000000000000000000000000000000000000000000000000000000000000000
00000000000000000000000000000000000000000000000000000000000000000000000000000000000000001001101001011001000000000000000000000000000000000000000000000000000000000000000000000000000000000000000000000000
00000000000000000000000000000000000000000000000000000000000000000000000000000000000000000110010000100110000000000000000000000000000000000000000000000000000000000000000000000000000000000000000000000000
00000000000000000000000000000000000000000000000000000000000000000000000000000000000000000001101001011000000000000000000000000000000000000000000000000000000000000000000000000000000000000000000000000000
00000000000000000000000000000000000000000000000000000000000000000000000000000000000000001010010110100101000000000000000000000000000000000000000000000000000000000000000000000000000000000000000000000000
00000000000000000000000000000000000000000000000000000000000000000000000000000000000000000001011001101000000000000000000000000000000000000000000000000000000000000000000000000000000000000000000000000000
00000000000000000000000000000000000000000000000000000000000000000000000000000000000000000110100000010110000000000000000000000000000000000000000000000000000000000000000000000000000000000000000000000000
00000000000000000000000000000000000000000000000000000000000000000000000000000000000000001001001001001001000000000000000000000000000000000000000000000000000000000000000000000000000000000000000000000000
00000000000000000000000000000000000000000000000000000000000000000000000000000000000000000111111111111110000000000000000000000000000000000000000000000000000000000000000000000000000000000000000000000000
00000000000000000000000000000000000000000000000000000000100011000101100000110000000000001111111111111111101000011001010110010000000000000000000000000000000000000000000000000000000000000000000000000000
00000000000000000000000000000000000000000000000000000000001010100000011000101111111111111111111110101011111111100110101001111011000000000000000000000000000000000000000000000000000000000000000000000000
00000000000000000000000000000000000000000000000000000000101111001001000011111111111111111111111110010101011111111111110100001000000000000000000000000000000000000000000000000000000000000000000000000000
00000000000000000000000000000000000000000000000000000000000001100100111111111000000000000000000010010110100100111111111001010101000000000000000000000000000000000000000000000000000000000000000000000000
00000000000000000000000000000000000000000000000000000000101010100101111110101111000000000000000001011000001011000011111110100111000000000000000000000000000000000000000000000000000000000000000000000000
00000000000000000000000000000000000000000000000000000000000100101111110100110000000000000000000001001011100100001001111110111000000000000000000000000000000000000000000000000000000000000000000000000000
00000000000000000000000000000000000000000000000000000000010000011111001010000110000000000000000000110100001101100001010111000111000000000000000000000000000000000000000000000000000000000000000000000000
00000000000000000000000000000000000000000000000000000000001101111011000101001000000000000000000001001001110010000101001011111000000000000000000000000000000000000000000000000000000000000000000000000000
00000000000000000000000000000000000000000000000000101101101111110000000000000000000000000000000000000000000000000000000010111101010000100110010100000000000000000000000000000000000000000000000000000000
00000000000000000000000000000000000000000000000010010010011111000000000000000000000000000000000000000000000000000000000000101110010101011001100000000000000000000000000000000000000000000000000000000000
00000000000000000000000000000000000000000000000000010101111100010000000000000000000000000000000000000000000000000000000001010111111000100110010100000000000000000000000000000000000000000000000000000000
00000000000000000000000000000000000000000000000001000011100001100000000000000000000000000000000000000000000000000000000010001011111110010101101000000000000000000000000000000000000000000000000000000000
00000000000000000000000000000000000000000000000010101111101011010000000000000000000000000000000000000000000000000000000000000010011111001010100100000000000000000000000000000000000000000000000000000000
00000000000000000000000000000000000000000000000000011110101100000000000000000000000000000000000000000000000000000000000001010001101111101001011100000000000000000000000000000000000000000000000000000000
00000000000000000000000000000000000000000000000011111010011011100000000000000000000000000000000000000000000000000000000010000101101101110110100100000000000000000000000000000000000000000000000000000000
00000000000000000000000000000000000000000000000000110101010100100000000000000000000000000000000000000000000000000000000001001000010100111001001000000000000000000000000000000000000000000000000000000000
00000000000000000000000000000000000000001010001001101001000000000000000000000000000000000000000000000000000000000000000000000000010010011101000000000000000000000000000000000000000000000000000000000000
00000000000000000000000000000000000000000011100111100101000000000000000000000000000000000000000000000000000000000000000000000000100101101110001000000000000000000000000000000000000000000000000000000000
00000000000000000000000000000000000000001010000111010010000000000000000000000000000000000000000000000000000000000000000000000000111000011111011000000000000000000000000000000000000000000000000000000000
00000000000000000000000000000000000000000100101110101000000000000000000000000000000000000000000000000000000000000000000000000000100101010111100100000000000000000000000000000000000000000000000000000000
00000000000000000000000000000000000000000001111101010101000000000000000000000000000000000000000000000000000000000000000000000000010110100011111000000000000000000000000000000000000000000000000000000000
00000000000000000000000000000000000000000110111010010100000000000000000000000000000000000000000000000000000000000000000000000000101001101100111100000000000000000000000000000000000000000000000000000000
00000000000000000000000000000000000000000101110100110010000000000000000000000000000000000000000000000000000000000000000000000000000110011001111000000000000000000000000000000000000000000000000000000000
00000000000000000000000000000000000000001011101001001001000000000000000000000000000000000000000000000000000000000000000000000000100001100100111100000000000000000000000000000000000000000000000000000000
00000000000000000000000000000000010010010111101000000000000000000000000000000000000000000000000000000000000000000000000000000000000000001000101110100101000000000000000000000000000000000000000000000000
00000000000000000000000000000000101011001111010000000000000000000000000000000000000000000000000000000000000000000000000000000000000000000110001101001011000000000000000000000000000000000000000000000000
00000000000000000000000000000000100100111101101000000000000000000000000000000000000000000000000000000000000000000000000000000000000000001101101110101000000000000000000000000000000000000000000000000000
00000000000000000000000000000000010001111100100100000000000000000000000000000000000000000000000000000000000000000000000000000000000000000010011111100110000000000000000000000000000000000000000000000000
00000000000000000000000000000000001011111001010000000000000000000000000000000000000000000000000000000000000000000000000000000000000000001011010111000100000000000000000000000000000000000000000000000000
00000000000000000000000000000000100001110010001100000000000000000000000000000000000000000000000000000000000000000000000000000000000000001101001011000001000000000000000000000000000000000000000000000000
00000000000000000000000000000000011011111000100100000000000000000000000000000000000000000000000000000000000000000000000000000000000000000010100111101100000000000000000000000000000000000000000000000000
00000000000000000000000000000000010111110100000000000000000000000000000000000000000000000000000000000000000000000000000000000000000000001000001011110101000000000000000000000000000000000000000000000000
00000000000000000000000000000000000111100000000000000000000000000000000000000000000000000000000000000000000000000000000000000000000000000000000001111001000000000000000000000000000000000000000000000000
00000000000000000000000000000000000011000000000000000000000000000000000000000000000000000000000000000000000000000000000000000000000000000000000010110000000000000000000000000000000000000000000000000000
00000000000000000000000000000000100111100000000000000000000000000000000000000000000000000000000000000000000000000000000000000000000000000000000001111010000000000000000000000000000000000000000000000000
00000000000000000000000000000000101111010000000000000000000000000000000000000000000000000000000000000000000000000000000000000000000000000000000000111010000000000000000000000000000000000000000000000000
00000000000000000000000000000000001100110000000000000000000000000000000000000000000000000000000000000000000000000000000000000000000000000000000011011001000000000000000000000000000000000000000000000000
00000000000000000000000000000000101111000000000000000000000000000000000000000000000000000000000000000000000000000000000000000000000000000000000000111100000000000000000000000000000000000000000000000000
00000000000000000000000000000000011110010000000000000000000000000000000000000000000000000000000000000000000000000000000000000000000000000000000000001111000000000000000000000000000000000000000000000000
00000000000000000000000000000000011101100000000000000000000000000000000000000000000000000000000000000000000000000000000000000000000000000000000010100111000000000000000000000000000000000000000000000000
00000000000000000000000000000000011110100000000000000000000000000000000000000000000000000000000000000000000000000000000000000000000000000000000001100011011001000000000000000000000000000000000000000000
00000000000000000000000000000000011001000000000000000000000000000000000000000000000000000000000000000000000000000000000000000000000000000000000010100111100110010000000000000000000000000000000000000000
00000000000000000000000000000000111100100000000000000000000000000000000000000000000000000000000000000000000000000000000000000000000000000000000001001001101101000000000000000000000000000000000000000000
00000000000000000000000000000000011011000000000000000000000000000000000000000000000000000000000000000000000000000000000000000000000000000000000010001111100010010000000000000000000000000000000000000000
00000000000000000000000000000000011010110000000000000000000000000000000000000000000000000000000000000000000000000000000000000000000000000000000010110001110111000000000000000000000000000000000000000000
00000000000000000000000000000000011100000000000000000000000000000000000000000000000000000000000000000000000000000000000000000000000000000000000000101011111100100000000000000000000000000000000000000000
00000000000000000000000000000000101110110000000000000000000000000000000000000000000000000000000000000000000000000000000000000000000000000000000010010000110010100000000000000000000000000000000000000000
00000000000000000000000000000000001110000000000000000000000000000000000000000000000000000000000000000000000000000000000000000000000000000000000001101010110100100000000000000000000000000000000000000000
00000000000000000000000000000000001111010100100000000000000000000000000000000000000000000000000000000000000000000000000000000000000000000000000000000000110001000000000000000000000000000000000000000000
00000000000000000000000000000000101011101010001000000000000000000000000000000000000000000000000000000000000000000000000000000000000000000000000000000000110001000000000000000000000000000000000000000000
00000000000000000000000000000000000011101100011100000000000000000000000000000000000000000000000000000000000000000000000000000000000000000000000000000000110001000000000000000000000000000000000000000000
00000000000000000000000000000000011011100101010000000000000000000000000000000000000000000000000000000000000000000000000000000000000000000000000000000000110001000000000000000000000000000000000000000000
00000000000000000000000000000000010101111010100100000000000000000000000000000000000000000000000000000000000000000000000000000000000000000000000000000000110001000000000000000000000000000000000000000000
00000000000000000000000000000000001000011101011000000000000000000000000000000000000000000000000000000000000000000000000000000000000000000000000000000000110001000000000000000000000000000000000000000000
00000000000000000000000000000000100110101111001100000000000000000000000000000000000000000000000000000000000000000000000000000000000000000000000000000000110001000000000000000000000000000000000000000000
00000000000000000000000000000000010000010111110000000000000000000000000000000000000000000000000000000000000000000000000000000000000000000000000000000000110001000000000000000000000000000000000000000000
00000000000000000000000000000000000000000011110000101001000000000000000000000000000000000000000000000000000000000000000000000000000000000000000000000000110001000000000000000000000000000000000000000000
00000000000000000000000000000000000000000111101110100110000000000000000000000000000000000000000000000000000000000000000000000000000000000000000000000000110001000000000000000000000000000000000000000000
00000000000000000000000000000000000000001001111001001101000000000000000000000000000000000000000000000000000000000000000000000000000000000000000000000000110001000000000000000000000000000000000000000000
00000000000000000000000000000000000000000110111101110010000000000000000000000000000000000000000000000000000000000000000000000000000000000000000000000000110001000000000000000000000000000000000000000000
00000000000000000000000000000000000000000101111100001000000000000000000000000000000000000000000000000000000000000000000000000000000000000000000000000000110001000000000000000000000000000000000000000000
00000000000000000000000000000000000000001000101110101101000000000000000000000000000000000000000000000000000000000000000000000000000000000000000000000000110001000000000000000000000000000000000000000000
00000000000000000000000000000000000000000001010111011010000000000000000000000000000000000000000000000000000000000000000000000000000000000000000000000000110001000000000000000000000000000000000000000000
00000000000000000000000000000000000000000010101011110110000000000000000000000000000000000000000000000000000000000000000000000000000000000000000000000000110001000000000000000000000000000000000000000000
00000000000000000000000000000000000000000000000001110110000000000000000000000000000000000000000000000000000000000000000000000000000000000000000000100101111000000000000000000000000000000000000000000000
00000000000000000000000000000000000000000000000010111000000000000000000000000000000000000000000000000000000000000000000000000000000000000000000000010100110010100000000000000000000000000000000000000000
00000000000000000000000000000000000000000000000001011101000000000000000000000000000000000000000000000000000000000000000000000000000000000000000001101010111101000000000000000000000000000000000000000000
00000000000000000000000000000000000000000000000010111010000000000000000000000000000000000000000000000000000000000000000000000000000000000000000000010011110011110000000000000000000000000000000000000000
00000000000000000000000000000000000000000000000000011001000000000000000000000000000000000000000000000000000000000000000000000000000000000000000010111100111010100000000000000000000000000000000000000000
00000000000000000000000000000000000000000000000000011100000000000000000000000000000000000000000000000000000000000000000000000000000000000000000010000111110110000000000000000000000000000000000000000000
00000000000000000000000000000000000000000000000010101101000000000000000000000000000000000000000000000000000000000000000000000000000000000000000001011011110011110000000000000000000000000000000000000000
00000000000000000000000000000000000000000000000000011111000000000000000000000000000000000000000000000000000000000000000000000000000000000000000010100101101100000000000000000000000000000000000000000000
00000000000000000000000000000000000000000000000010100111100010100000000000000000000000000000000000000000000000000000000000000000000000000000000010010101101110000000001100000000000000000000000000000000
00000000000000000000000000000000000000000000000001010110000000110000000000000000000000000000000000000000000000000000000000000000000000000000000000001011110001010000001100000000000000000000000000000000
00000000000000000000000000000000000000000000000001101111011100010000000000000000000000000000000000000000000000000000000000000000000000000000000011100011000100100000001100000000000000000000000000000000
00000000000000000000000000000000000000000000000011010111110011000000000000000000000000000000000000000000000000000000000000000000000000000000000000011011001011100000001100000000000000000000000000000000
00000000000000000000000000000000000000000000000000101101111010100000000000000000000000000000000000000000000000000000000000000000000000000000000001100111001010010000001100000000000000000000000000000000
00000000000000000000000000000000000000000000000001001100111011010000000000000000000000000000000000000000000000000000000000000000000000000000000010011110001101000000011100000000000000000000000000000000
00000000000000000000000000000000000000000000000010101101011101000000000000000000000000000000000000000000000000000000000000000000000000000000000010101100001010100000011100000000000000000000000000000000
00000000000000000000000000000000000000000000000010010100001110100000000000000000000000000000000000000000000000000000000000000000000000000000000001111100100101000000011100000000000000000000000000000000
00000000000000000000000000000000000000000000000000000000010111000110001010010001110100100000000000000000000000000000000000000000000000001101010101111100000000000000001100000000000000000000000000000000
00000000000000000000000000000000000000000000000000000000100111111001000001010110000010000000000000000000000000000000000000000000000000000000100011110010000000000000001100000000000000000000000000000000
00000000000000000000000000000000000000000000000000000000010011111111101010101000100001010000000000000000000000000000000000000000000000001101011111101101000000000000001100000000000000000000000000000000
00000000000000000000000000000000000000000000000000000000110100011111111101010011001110000000000000000000000000000000000000000000000000000101011110101000000000000000001100000000000000000000000000000000
00000000000000000000000000000000000000000000000000000000100101001011111111001100010100110000000000000000000000000000000000000000000000001110111111000000000000000000001100000000000000000000000000000000
00000000000000000000000000000000000000000000000000000000010010110000011111111111111010011111111111111111111111111111111111111111111111111001111010101010000000000000001100000000000000000000000000000000
00000000000000000000000000000000000000000000000000000000100100000010001001111111111111111111111111111111111111111111111111111111111111111111100010010001000000000000001100000000000000000000000000000000
00000000000000000000000000000000000000000000000000000000101011011110100001010101100111111111111111111111111111111111111111111111111111111111001001100101000000000000001100000000000000000000000000000000
00000000000000001110000000000000000000000000000000000000000000000000000000000000000000000000000000000000000000000000000000000000000000000000000000000000000000000000001100000000000000000000000000000000
00000000000000001110000000000000000000000000000000000000000000000000000000000000000000000000000000000000000000000000000000000000000000000000000000000000000000000000001100000000000000000000000000000000
00000000000000001110000000000000000000000000000000000000000000000000000000000000000000000000000000000000000000000000000000000000000000000000000000000000000000000000001100000000000000000000000000000000
00000000000000001110000000000000000000000000000000000000000000000000000000000000000000000000000000000000000000000000000000000000000000000000000000000000000000000000001100000000000000000000000000000000
00000000000000001110000000000000000000000000000000000000000000000000000000000000000000000000000000000000000000000000000000000000000000000000000000000000000000000000001100000000000000000000000000000000
00000000000000001110000000000000000000000000000000000000000000000000000000000000000000000000000000000000000000000000000000000000000000000000000000000000000000000000001100000000000000000000000000000000
00000000000000001110000000000000000000000000000000000000000000000000000000000000000000000000000000000000000000000000000000000000000000000000000000000000000000000000001100000000000000000000000000000000
00000000000000001110000000000000000000000000000000000000000000000000000000000000000000000000000000000000000000000000000000000000000000000000000000000000000000000000001100000000000000000000000000000000
00000000000000001110000000000000000000000000000000000000000000000000000000000000000000000000000000000000000000000000000000000000000000000000000000000000000000000000011100000000000000000000000000000000
00000000000000001110000000000000000000000000000000000000000000000000000000000000000000000000000000000000000000000000000000000000000000000000000000000000000000000000000100000000000000000000000000000000
00000000000000001110000000000000000000000000000000000000000000000000000000000000000000000000000000000000000000000000000000000000000000000000000000000000000000000000000000000000000000000000000000000000
00000000000000001111000000000000000000000000000000000000000000000000000000000000000000000000000000000000000000000000000000000000000000000000000000000000000000000000001100000000000000000000000000000000
00000000000000001111100000000000000010000000000000000000000000000000000000000000000000000000000000000000000000001111111100000000000000000000000000000000000000001111111100000000000000000000000000000000
00000000000000001111111100000000000111000000000000000000000000000000000000000000000000000000000000000000000000001111111100000000000000000000000000000000000000001111111100000000000000000000000000000000
00000000000000001111111100000000000111110000000000000000000000000000000000000000000000000000000000000000000000000001111100000000000000000000000000000000000000001111111100000000000000000000000000000000
00000000000000001111111100000000001111110000000000000000000000000000000000000000000000000000000000000000000000000000111100000000000000000000000000000000000000001111111100000000000000000000000000000000
00000000000000000000000000000000000000000000000000000000000000000000000000000000000000000000000000000000000000000000000000000000000000000000000000000000000000000000000000000000000000000000000000000000
00000000000000000000000000000000000000000000000000000000000000000000000000000000000000000000000000000000000000000000000000000000000000000000000000000000000000000000000000000000000000000000000000000000
00000000000000000000000000000000000000000000000000000000000000000000000000000000000000000000000000000000000000000000000000000000000000000000000000000000000000000000000000000000000000000000000000000000
00000000000000000000000000000000000000000000000000000000000000000000000000000000000000000000000000000000000000000000000000000000000000000000000000000000000000000000000000000000000000000000000000000000
00000000000000000000000000000000000000000000000000000000000000000000000000000000000000000000000000000000000000000000000000000000000000000000000000000000000000000000000000000000000000000000000000000000
00000000000000000000000000000000000000000000000000000000000000000000000000000000000000000000000000000000000000000000000000000000000000000000000000000000000000000000000000000000000000000000000000000000
00000000000000000000000000000000000000000000000000000000000000000000000000000000000000000000000000000000000000000000000000000000000000000000000000000000000000000000000000000000000000000000000000000000
00000000000000000000000000000000000000000000000000000000000000000000000000000000000000000000000000000000000000000000000000000000000000000000000000000000000000000000000000000000000000000000000000000000
00000000000000000000000000000000000000000000000000000000000000000000000000000000000000000000000000000000000000000000000000000000000000000000000000000000000000000000000000000000000000000000000000000000
00000000000000000000000000000000000000000000000000000000000000000000000000000000000000000000000000000000000000000000000000000000000000000000000000000000000000000000000000000000000000000000000000000000
00000000000000000000000000000000000000000000000000000000000000000000000000000000000000000000000000000000000000000000000000000000000000000000000000000000000000000000000000000000000000000000000000000000
00000000000000000000000000000000000000000000000000000000000000000000000000000000000000000000000000000000000000000000000000000000000000000000000000000000000000000000000000000000000000000000000000000000
00000000000000000000000000000000000000000000000000000000000000000000000000000000000000000000000000000000000000000000000000000000000000000000000000000000000000000000000000000000000000000000000000000000
00000000000000000000000000000000000000000000000000000000000000000000000000000000000000000000000000000000000000000000000000000000000000000000000000000000000000000000000000000000000000000000000000000000
00000000000000000000000000000000000000000000000000000000000000000000000000000000000000000000000000000000000000000000000000000000000000000000000000000000000000000000000000000000000000000000000000000000
00000000000000000000000000000000000000000000000000000000000000000000000000000000000000000000000000000000000000000000000000000000000000000000000000000000000000000000000000000000000000000000000000000000
00000000000000000000000000000000000000000000000000000000000000000000000000000000000000000000000000000000000000000000000000000000000000000000000000000000000000000000000000000000000000000000000000000000
00000000000000000000000000000000000000000000000000000000000000000000000000000000000000000000000000000000000000000000000000000000000000000000000000000000000000000000000000000000000000000000000000000000
00000000000000000000000000000000000000000000000000000000000000000000000000000000000000000000000000000000000000000000000000000000000000000000000000000000000000000000000000000000000000000000000000000000
00000000000000000000000000000000000000000000000000000000000000000000000000000000000000000000000000000000000000000000000000000000000000000000000000000000000000000000000000000000000000000000000000000000
00000000000000000000000000000000000000000000000000000000000000000000000000000000000000000000000000000000000000000000000000000000000000000000000000000000000000000000000000000000000000000000000000000000
00000000000000000000000000000000000000000000000000000000000000000000000000000000000000000000000000000000000000000000000000000000000000000000000000000000000000000000000000000000000000000000000000000000
00000000000000000000000000000000000000000000000000000000000000000000000000000000000000000000000000000000000000000000000000000000000000000000000000000000000000000000000000000000000000000000000000000000
00000000000000000000000000000000000000000000000000000000000000000000000000000000000000000000000000000000000000000000000000000000000000000000000000000000000000000000000000000000000000000000000000000000
00000000000000000000000000000000000000000000000000000000000000000000000000000000000000000000000000000000000000000000000000000000000000000000000000000000000000000000000000000000000000000000000000000000
00000000000000000000000000000000000000000000000000000000000000000000000000000000000000000000000000000000000000000000000000000000000000000000000000000000000000000000000000000000000000000000000000000000
00000000000000000000000000000000000000000000000000000000000000000000000000000000000000000000000000000000000000000000000000000000000000000000000000000000000000000000000000000000000000000000000000000000
00000000000000000000000000000000000000000000000000000000000000000000000000000000000000000000000000000000000000000000000000000000000000000000000000000000000000000000000000000000000000000000000000000000
00000000000000000000000000000000000000000000000000000000000000000000000000000000000000000000000000000000000000000000000000000000000000000000000000000000000000000000000000000000000000000000000000000000
00000000000000000000000000000000000000000000000000000000000000000000000000000000000000000000000000000000000000000000000000000000000000000000000000000000000000000000000000000000000000000000000000000000
00000000000000000000000000000000000000000000000000000000000000000000000000000000000000000000000000000000000000000000000000000000000000000000000000000000000000000000000000000000000000000000000000000000
00000000000000000000000000000000000000000000000000000000000000000000000000000000000000000000000000000000000000000000000000000000000000000000000000000000000000000000000000000000000000000000000000000000
00000000000000000000000000000000000000000000000000000000000000000000000000000000000000000000000000000000000000000000000000000000000000000000000000000000000000000000000000000000000000000000000000000000
00000000000000000000000000000000000000000000000000000000000000000000000000000000000000000000000000000000000000000000000000000000000000000000000000000000000000000000000000000000000000000000000000000000
00000000000000000000000000000000000000000000000000000000000000000000000000000000000000000000000000000000000000000000000000000000000000000000000000000000000000000000000000000000000000000000000000000000
00000000000000000000000000000000000000000000000000000000000000000000000000000000000000000000000000000000000000000000000000000000000000000000000000000000000000000000000000000000000000000000000000000000
00000000000000000000000000000000000000000000000000000000000000000000000000000000000000000000000000000000000000000000000000000000000000000000000000000000000000000000000000000000000000000000000000000000
00000000000000000000000000000000000000000000000000000000000000000000000000000000000000000000000000000000000000000000000000000000000000000000000000000000000000000000000000000000000000000000000000000000
00000000000000000000000000000000000000000000000000000000000000000000000000000000000000000000000000000000000000000000000000000000000000000000000000000000000000000000000000000000000000000000000000000000
00000000000000000000000000000000000000000000000000000000000000000000000000000000000000000000000000000000000000000000000000000000000000000000000000000000000000000000000000000000000000000000000000000000
00000000000000000000000000000000000000000000000000000000000000000000000000000000000000000000000000000000000000000000000000000000000000000000000000000000000000000000000000000000000000000000000000000000
00000000000000000000000000000000000000000000000000000000000000000000000000000000000000000000000000000000000000000000000000000000000000000000000000000000000000000000000000000000000000000000000000000000
00000000000000000000000000000000000000000000000000000000000000000000000000000000000000000000000000000000000000000000000000000000000000000000000000000000000000000000000000000000000000000000000000000000
00000000000000000000000000000000000000000000000000000000000000000000000000000000000000000000000000000000000000000000000000000000000000000000000000000000000000000000000000000000000000000000000000000000
00000000000000000000000000000000000000000000000000000000000000000000000000000000000000000000000000000000000000000000000000000000000000000000000000000000000000000000000000000000000000000000000000000000
00000000000000000000000000000000000000000000000000000000000000000000000000000000000000000000000000000000000000000000000000000000000000000000000000000000000000000000000000000000000000000000000000000000
00000000000000000000000000000000000000000000000000000000000000000000000000000000000000000000000000000000000000000000000000000000000000000000000000000000000000000000000000000000000000000000000000000000
00000000000000000000000000000000000000000000000000000000000000000000000000000000000000000000000000000000000000000000000000000000000000000000000000000000000000000000000000000000000000000000000000000000
00000000000000000000000000000000000000000000000000000000000000000000000000000000000000000000000000000000000000000000000000000000000000000000000000000000000000000000000000000000000000000000000000000000
00000000000000000000000000000000000000000000000000000000000000000000000000000000000000000000000000000000000000000000000000000000000000000000000000000000000000000000000000000000000000000000000000000000
00000000000000000000000000000000000000000000000000000000000000000000000000000000000000000000000000000000000000000000000000000000000000000000000000000000000000000000000000000000000000000000000000000000
00000000000000000000000000000000000000000000000000000000000000000000000000000000000000000000000000000000000000000000000000000000000000000000000000000000000000000000000000000000000000000000000000000000
00000000000000000000000000000000000000000000000000000000000000000000000000000000000000000000000000000000000000000000000000000000000000000000000000000000000000000000000000000000000000000000000000000000
00000000000000000000000000000000000000000000000000000000000000000000000000000000000000000000000000000000000000000000000000000000000000000000000000000000000000000000000000000000000000000000000000000000
00000000000000000000000000000000000000000000000000000000000000000000000000000000000000000000000000000000000000000000000000000000000000000000000000000000000000000000000000000000000000000000000000000000
00000000000000000000000000000000000000000000000000000000000000000000000000000000000000000000000000000000000000000000000000000000000000000000000000000000000000000000000000000000000000000000000000000000
