200 200
00000000000000000000000000000000000000000000000000000000000000000000000000000000000000000000000000000000000000000000000000000000000000000000000000000000000000000000000000000000000000000000000000000000
00000000000000000000000000000000000000000000000000000000000000000000000000000000000000000000000000000000000000000000000000000000000000000000000000000000000000000000000000000000000000000000000000000000
00000000000000000000000000000000000000000000000000000000000000000000000000000000000000000000000000000000000000000000000000000000000000000000000000000000000000000000000000000000000000000000000000000000
00000000000000000000000000000000000000000000000000000000000000000000000000000000000000000000000000000000000000000000000000000000000000000000000000000000000000000000000000000000000000000000000000000000
00000000000000000000000000000000000000000000000000000000000000000000000000000000000000000000000000000000000000000000000000000000000000000000000000000000000000000000000000000000000000000000000000000000
00000000000000000000000000000000000000000000000000000000000000000000000000000000000000000000000000000000000000000000000000000000000000000000000000000000000000000000000000000000000000000000000000000000
00000000000000000000000000000000000000000000000000000000000000000000000000000000000000000000000000000000000000000000000000000000000000000000000000000000000000000000000000000000000000000000000000000000
00000000000000000000000000000000000000000000000000000000000000000000000000000000000000000000000000000000000000000000000000000000000000000000000000000000000000000000000000000000000000000000000000000000
00000000000000000000000000000000000000000000000000000000000000000000000000000000000000000000000000000000000000000000000000000000000000000000000000000000000000000000000000000000000000000000000000000000
00000000000000000000000000000000000000000000000000000000000000000000000000000000000000000000000000000000000000000000000000000000000000000000000000000000000000000000000000000000000000000000000000000000
00000000000000000000000000000000000000000000000000000000000000000000000000000000000000000000000000000000000000000000000000000000000000000000000000000000000000000000000000000000000000000000000000000000
00000000000000000000000000000000000000000000000000000000000000000000000000000000000000000000000000000000000000000000000000000000000000000000000000000000000000000000000000000000000000000000000000000000
00000000000000000000000000000000000000000000000000000000000000000000000000000000000000000000000000000000000000000000000000000000000000000000000000000000000000000000000000000000000000000000000000000000
00000000000000000000000000000000000000000000000000000000000000000000000000000000000000000000000000000000000000000000000000000000000000000000000000000000000000000000000000000000000000000000000000000000
00000000000000000000000000000000000000000000000000000000000000000000000000000000000000000000000000000000000000000000000000000000000000000000000000000000000000000000000000000000000000000000000000000000
00000000000000000000000000000000000000000000000000000000000000000000000000000000000000000000000000000000000000000000000000000000000000000000000000000000000000000000000000000000000000000000000000000000
00000000000000000000000000000000000000000000000000000000000000000000000000000000000000000000000000000000000000000000000000000000000000000000000000000000000000000000000000000000000000000000000000000000
00000000000000000000000000000000000000000000000000000000000000000000000000000000000000000000000000000000000000000000000000000000000000000000000000000000000000000000000000000000000000000000000000000000
00000000000000000000000000000000000000000000000000000000000000000000000000000000000000000000000000000000000000000000000000000000000000000000000000000000000000000000000000000000000000000000000000000000
00000000000000000000000000000000000000000000000000000000000000000000000000000000000000000000000000000000000000000000000000000000000000000000000000000000000000000000000000000000000000000000000000000000
00000000000000000000000000000000000000000000000000000000000000000000000000000000000000000000000000000000000000000000000000000000000000000000000000000000000000000000000000000000000000000000000000000000
00000000000000000000000000000000000000000000000000000000000000000000000000000000000000000000000000000000000000000000000000000000000000000000000000000000000000000000000000000000000000000000000000000000
00000000000000000000000000000000000000000000000000000000000000000000000000000000000000000000000000000000000000000000000000000000000000000000000000000000000000000000000000000000000000000000000000000000
00000000000000000000000000000000000000000000000000000000000000000000000000000000000000000000000000000000000000000000000000000000000000000000000000000000000000000000000000000000000000000000000000000000
00000000000000000000000000000000000000000000000000000000000000000000000000000000000000000000000000000000000000000000000000000000000000000000000000000000000000000000000000000000000000000000000000000000
00000000000000000000000000000000000000000000000000000000000000000000000000000000000000000000000000000000000000000000000000000000000000000000000000000000000000000000000000000000000000000000000000000000
00000000000000000000000000000000000000000000000000000000000000000000000000000000000000000000000000000000000000000000000000000000000000000000000000000000000000000000000000000000000000000000000000000000
00000000000000000000000000000000000000000000000000000000000000000000000000000000000000000000000000000000000000000000000000000000000000000000000000000000000000000000000000000000000000000000000000000000
00000000000000000000000000000000000000000000000000000000000000000000000000000000000000000000000000000000000000000000000000000000000000000000000000000000000000000000000000000000000000000000000000000000
00000000000000000000000000000000000000000000000000000000000000000000000000000000000000000000000000000000000000000000000000000000000000000000000000000000000000000000000000000000000000000000000000000000
00000000000000000000000000000000000000000000000000000000000000000000000000000000000000000000000000000000000000000000000000000000000000000000000000000000000000000000000000000000000000000000000000000000
00000000000000000000000000000000000000000000000000000000000000000000000000000000000000000000000000000000000000000000000000000000000000000000000000000000000000000000000000000000000000000000000000000000
00000000000000000000000000000000000000000000000000000000000000000000000000000000000000000000000000000000000000000000000000000000000000000000000000000000000000000000000000000000000000000000000000000000
00000000000000000000000000000000000000000000000000000000000000000000000000000000000000000000000000000000000000000000000000000000000000000000000000000000000000000000000000000000000000000000000000000000
00000000000000000000000000000000000000000000000000000000000000000000000000000000000000000000000000000000000000000000000000000000000000000000000000000000000000000000000000000000000000000000000000000000
00000000000000000000000000000000000000000000000000000000000000000000000000000000000000000000000000000000000000000000000000000000000000000000000000000000000000000000000000000000000000000000000000000000
00000000000000000000000000000000000000000000000000000000000000000000000000000000000000000000000000000000000000000000000000000000000000000000000000000000000000000000000000000000000000000000000000000000
00000000000000000000000000000000000000000000000000000000000000000000000000000000000000000000000000000000000000000000000000000000000000000000000000000000000000000000000000000000000000000000000000000000
00000000000000000000000000000000000000000000000000000000000000000000000000000000000000000000000000000000000000000000000000000000000000000000000000000000000000000000000000000000000000000000000000000000
00000000000000000000000000000000000000000000000000000000000000000000000000000000000000000000000000000000000000000000000000000000000000000000000000000000000000000000000000000000000000000000000000000000
00000000000000000000000000000000000000000000000000000000000000000000000000000000000000000000000000000000000000000000000010100110100001010000000000000000000000000000000000000000000000000000000000000000
00000000000000000000000000000000000000000000000000000000000000000000000000000000000000000000000000000000000000000000000000011001010011000000000000000000000000000000000000000000000000000000000000000000
00000000000000000000000000000000000000000000000000000000000000000000000000000000000000000000000000000000000000000000000010100110000000000000000000000000000000000000000000000000000000000000000000000000
00000000000000000000000000000000000000000000000000000000000000000000000000000000000000000000000000000000000000000000000001011010001111010000000000000000000000000000000000000000000000000000000000000000
00000000000000000000000000000000000000000000000000000000000000000000000000000000000000000000000000000000000000000000000010010101111111000000000000000000000000000000000000000000000000000000000000000000
00000000000000000000000000000000000000000000000000000000000000000000000000000000000000000000000000000000000000000000000011101001111110110000000000000000000000000000000000000000000000000000000000000000
00000000000000000000000000000000000000000000000000000000000000000000000000000000000000000000000000000000000000000000000010010110110110010000000000000000000000000000000000000000000000000000000000000000
00000000000000000000000000000000000000000000000000000000000000000000000000000000000000000000000000000000000000000000000001001001111111100000000000000000000000000000000000000000000000000000000000000000
00000000000000000000000000000000000000000000000000000000000000000000000000000000000000000000000000000000000000001011000110010111110111100000000000000000000000000000000000000000000000000000000000000000
00000000000000000000000000000000000000000000000000000000000000000000000000000000000000000000000000000000000000000100111000101111001011100000000000000000000000000000000000000000000000000000000000000000
00000000000000000000000000000000000000000000000000000000000000000000000000000000000000000000000000000000000000000001100001011100100011010000000000000000000000000000000000000000000000000000000000000000
00000000000000000000000000000000000000000000000000000000000000000000000000000000000000000000000000000000000000001011010011111001000111100000000000000000000000000000000000000000000000000000000000000000
00000000000000000000000000000000000000000000000000000000000000000000000000000000000000000000000000000000000000000110000101110110010111110000000000000000000000000000000000000000000000000000000000000000
00000000000000000000000000000000000000000000000000000000000000000000000000000000000000000000000000000000000000001001010111100001100011000000000000000000000000000000000000000000000000000000000000000000
00000000000000000000000000000000000000000000000000000000000000000000000000000000000000000000000000000000000000000010011111010010010111110000000000000000000000000000000000000000000000000000000000000000
00000000000000000000000000000000000000000000000000000000000000000000000000000000000000000000000000000000000000001001101100000100110111100000000000000000000000000000000000000000000000000000000000000000
00000000000000000000000000000000000000000000000000000000000000000000000000000000000000000000000000000000101001100100111100000000101101100000000000000000000000000000000000000000000000000000000000000000
00000000000000000000000000000000000000000000000000000000000000000000000000000000000000000000000000000000000110011001111000000000010011100000000000000000000000000000000000000000000000000000000000000000
00000000000000000000000000000000000000000000000000000000000000000000000000000000000000000000000000000000101001100111100000000000010101100000000000000000000000000000000000000000000000000000000000000000
00000000000000000000000000000000000000000000000000000000000000000000000000000000000000000000000000000000010110101111011000000000001001110000000000000000000000000000000000000000000000000000000000000000
00000000000000000000000000000000000000000000000000000000000000000000000000000000000000000000000000000000100101010111100100000000100011110000000000000000000000000000000000000000000000000000000000000000
00000000000000000000000000000000000000000000000000000000000000000000000000000000000000000000000000000000111010011111000000000000001001110000000000000000000000000000000000000000000000000000000000000000
00000000000000000000000000000000000000000000000000000000000000000000000000000000000000000000000000000000100101101110100100000000000010110000000000000000000000000000000000000000000000000000000000000000
00000000000000000000000000000000000000000000000000000000000000000000000000000000000000000000000000000000010010011101001000000000011000110000000000000000000000000000000000000000000000000000000000000000
00000000000000000000000000000000000000000000000000000000000000000000000000000000000000000000000010010100100101111001001000000000001000110000000000000000000000000000000000000000000000000000000000000000
00000000000000000000000000000000000000000000000000000000000000000000000000000000000000000000000001100101010011110110100100000000001000110000000000000000000000000000000000000000000000000000000000000000
00000000000000000000000000000000000000000000000000000000000000000000000000000000000000000000000010110010100111011000011100000000001000110000000000000000000000000000000000000000000000000000000000000000
00000000000000000000000000000000000000000000000000000000000000000000000000000000000000000000000001001110011110101010100100000000001000110000000000000000000000000000000000000000000000000000000000000000
00000000000000000000000000000000000000000000000000000000000000000000000000000000000000000000000000010000111010100101101000000000001000110000000000000000000000000000000000000000000000000000000000000000
00000000000000000000000000000000000000000000000000000000000000000000000000000000000000000000000010110101111101010110010100000000001000110000000000000000000000000000000000000000000000000000000000000000
00000000000000000000000000000000000000000000000000000000000000000000000000000000000000000000000001011011101001001001100000000000001000110000000000000000000000000000000000000000000000000000000000000000
00000000000000000000000000000000000000000000000000000000000000000000000000000000000000000000000001101111010110010110000100000000001000110000000000000000000000000000000000000000000000000000000000000000
00000000000000000000000000000000000000000000000000000000000000000000000000000000000000001011011000001110000000000000000000000000100001111000101000000000000000000000000000000000000000000000000000000000
00000000000000000000000000000000000000000000000000000000000000000000000000000000000000001010001000111101000000000000000000000000011010110011101000000000000000000000000000000000000000000000000000000000
00000000000000000000000000000000000000000000000000000000000000000000000000000000000000000100000110111110000000000000000000000000110011111010110100000000000000000000000000000000000000000000000000000000
00000000000000000000000000000000000000000000000000000000000000000000000000000000000000001011010101110000000000000000000000000000001101111001000100000000000000000000000000000000000000000000000000000000
00000000000000000000000000000000000000000000000000000000000000000000000000000000000000000101100111101011000000000000000000000000001001011001011000000000000000000000000000000000000000000000000000000000
00000000000000000000000000000000000000000000000000000000000000000000000000000000000000001101011111000100000000000000000000000000100110111100101100000000000000000000000000000000000000000000000000000000
00000000000000000000000000000000000000000000000000000000000000000000000000000000000000001010001100101011000000000000000000000000010011011101010000000000000000000000000000000000000000000000000000000000
00000000000000000000000000000000000000000000000000000000000000000000000000000000000000000110111101000100000000000000000000000000100010111010100100000000000000000000000000000000000000000000000000000000
00000000000000000000000000000000000000000000000000000000000000000000000000000000011110111100111000000000000000000000000000000000101001011100101000000000000000000000000000000000000000000000000000000000
00000000000000000000000000000000000000000000000000000000000000000000000000000000110010000011111100000000000000000000000000000000010110011010000100000000000000000000000000000000000000000000000000000000
00000000000000000000000000000000000000000000000000000000000000000000000000000000011001011011101000000000000000000000000000000000100001111101101000000000000000000000000000000000000000000000000000000000
00000000000000000000000000000000000000000000000000000000000000000000000000000000101100011111010100000000000000000000000000000000101111001111001000000000000000000000000000000000000000000000000000000000
00000000000000000000000000000000000000000000000000000000000000000000000000000000010001011111001000000000000000000000000000000000000100011110010000000000000000000000000000000000000000000000000000000000
00000000000000000000000000000000000000000000000000000000000000000000000000000000001110111010100100000000000000000000000000000000011010100110000100000000000000000000000000000000000000000000000000000000
00000000000000000000000000000000000000000000000000000000000000000000000000000000010001110010010000000000000000000000000000000000100101001110011000000000000000000000000000000000000000000000000000000000
00000000000000000000000000000000000000000000000000000000000000000000000000000000001111110100101000000000000000000000000000000000001001011111000000000000000000000000000000000000000000000000000000000000
00000000000000000000000000000000000000000000000000000000000000000000000000101001101111100000000000000000000000000000000000000000000000000111110000000000000000000000000000000000000000000000000000000000
00000000000000000000000000000000000000000000000000000000000000000000000001010100010110000000000000000000000000000000000000000000000000000011100100000000000000000000000000000000000000000000000000000000
00000000000000000000000000000000000000000000000000000000000000000000000000101100011110010000000000000000000000000000000000000000000000001011011000000000000000000000000000000000000000000000000000000000
00000000000000000000000000000000000000000000000000000000000000000000000010010100011100100000000000000000000000000000000000000000000000000111010000000000000000000000000000000000000000000000000000000000
00000000000000000000000000000000000000000000000000000000000000000000000001110100011011010000000000000000000000000000000000000000000000000011101100000000000000000000000000000000000000000000000000000000
00000000000000000000000000000000000000000000000000000000000000000000000001001000111110010000000000000000000000000000000000000000000000000011010000000000000000000000000000000000000000000000000000000000
00000000000000000000000000000000000000000000000000000000000000000000000010100011110001000000000000000000000000000000000000000000000000001011100000000000000000000000000000000000000000000000000000000000
00000000000000000000000000000000000000000000000000000000000000000000000000011101100100100000000000000000000000000000000000000000000000000101101000000000000000000000000000000000000000000000000000000000
00000000000000000000000000000000000000000000000000000000000000000000000000010011100100100000000000000000000000000000000000000000000000000101101000000000000000000000000000000000000000000000000000000000
00000000000000000000000000000000000000000000000000000000000000000000000000101111011010010000000000000000000000000000000000000000000000000011101000000000000000000000000000000000000000000000000000000000
00000000000000000000000000000000000000000000000000000000000000000000000011010111100001110000000000000000000000000000000000000000000000000011101000000000000000000000000000000000000000000000000000000000
00000000000000000000000000000000000000000000000000000000000000000000000010001110101010010000000000000000000000000000000000000000000000001011100100000000000000000000000000000000000000000000000000000000
00000000000000000000000000000000000000000000000000000000000000000000000001111101010110100000000000000000000000000000000000000000000000000111111000000000000000000000000000000000000000000000000000000000
00000000000000000000000000000000000000000000000000000000000000000000000011111100011001010000000000000000000000000000000000000000000000001101100100000000000000000000000000000000000000000000000000000000
00000000000000000000000000000000000000000000000000000000000000000000000001111010100110000000000000000000000000000000000000000000000000001011111100000000000000000000000000000000000000000000000000000000
00000000000000000000000000000000000000000000000000000000000000000000000011110010011000010000000000000000000000000000000000000000000000000100110000000000000000000000000000000000000000000000000000000000
00000000000000000000000000000000000000000000000000000000000000000000101111101100000000000000000000000000000000000000000000000000000000000011110000000000000000000000000000000000000000000000000000000000
00000000000000000000000000000000000000000000000000000000000000001100001110000010000000000000000000000000000000000000000000000000000000001010111000000000000000000000000000000000000000000000000000000000
00000000000000000000000000000000000000000000000000000000000000000001111101001000000000000000000000000000000000000000000000000000000000000101111100000000000000000000000000000000000000000000000000000000
00000000000000000000000000000000000000000000000000000000000000000110011000010101000000000000000000000000000000000000000000000000000000000010111100000000000000000000000000000000000000000000000000000000
00000000000000000000000000000000000000000000000000000000000000000001111101100000000000000000000000000000000000000000000000000000000000000101011100000000000000000000000000000000000000000000000000000000
00000000000000000000000000000000000000000000000000000000000000001011110000111101000000000000000000000000000000000000000000000000000000001001011000000000000000000000000000000000000000000000000000000000
00000000000000000000000000000000000000000000000000000000000000000111110001010100000000000000000000000000000000000000000000000000000000001110111100000000000000000000000000000000000000000000000000000000
00000000000000000000000000000000000000000000000000000000000000001111001000110001000000000000000000000000000000000000000000000000000000000000001100000000000000000000000000000000000000000000000000000000
00000000000000000000000000000000000000000000000001000010101000111110001000000000000000000000000000000000000000000000000000000000000000000100001101011010000000000000001100000000000000000000000000000000
00000000000000000000000000000000000000000000000010000101000010111101000100000000000000000000000000000000000000000000000000000000000000001010001110100101000000000000001100000000000000000000000000000000
00000000000000000000000000000000000000000000000000110100101001110110101000000000000000000000000000000000000000000000000000000000000000000000011100011110000000000000001100000000000000000000000000000000
00000000000000000000000000000000000000000000000011001001010111100001011000000000000000000000000000000000000000000000000000000000000000001100101111000010000000000000001100000000000000000000000000000000
00000000000000000000000000000000000000000000000000011001011111101010010000000000000000000000000000000000000000000000000000000000000000000001010110110110000000000000001100000000000000000000000000000000
00000000000000000000000000000000000000000000000001100010111100100111100100000000000000000000000000000000000000000000000000000000000000001101101110001001000000000000011100000000000000000000000000000000
00000000000000000000000000000000000000000000000010100101111111100010101000000000000000000000000000000000000000000000000000000000000000000100000111010110000000000000011100000000000000000000000000000000
00000000000000000000000000000000000000000000000001010011110100001010100100000000000000000000000000000000000000000000000000000000000000001010010111011001000000000000011100000000000000000000000000000000
00000000000000000000000000000000000000001001001010010111000000000000000000000000000000000000000000000000000000000000000000000000000000000001110110100000000000000000001100000000000000000000000000000000
00000000000000000000000000000000000000000100110001011111000000000000000000000000000000000000000000000000000000000000000000000000000000001010001111100001000000000000001100000000000000000000000000000000
00000000000000000000000000000000000000000010100110111101000000000000000000000000000000000000000000000000000000000000000000000000000000000100100011010100000000000000001100000000000000000000000000000000
00000000000000000000000000000000000000001010101011110001000000000000000000000000000000000000000000000000000000000000000000000000000000000111010011101011000000000000001100000000000000000000000000000000
00000000000000000000000000000000000000000001010111100100000000000000000000000000000000000000000000000000000000000000000000000000000000001001010011100101000000000000001100000000000000000000000000000000
00000000000000000000000000000000000000000100101110110010000000000000000000000000000000000000000000000000000000000000000000000000000000000010110011010010000000000000001100000000000000000000000000000000
00000000000000000000000000000000000000001010011111010000000000000000000000000000000000000000000000000000000000000000000000000000000000000101010011100111000000000000001100000000000000000000000000000000
00000000000000000000000000000000000000001001011010010001000000000000000000000000000000000000000000000000000000000000000000000000000000000010100101110100000000000000001100000000000000000000000000000000
00000000000000001110000000000000001010010101011000000000000000000000000000000000000000000000000000000000000000000000000000000000000000000000000010111010000000000000001100000000000000000000000000000000
00000000000000001110000000000000010101001010111100000000000000000000000000000000000000000000000000000000000000000000000000000000000000000000000000111101000000000000001100000000000000000000000000000000
00000000000000001110000000000000001011000101110000000000000000000000000000000000000000000000000000000000000000000000000000000000000000000000000010111010000000000000001100000000000000000000000000000000
00000000000000001110000000000000100101001111110100000000000000000000000000000000000000000000000000000000000000000000000000000000000000000000000010011101000000000000001100000000000000000000000000000000
00000000000000001110000000000000011101000111100000000000000000000000000000000000000000000000000000000000000000000000000000000000000000000000000001111010000000000000001100000000000000000000000000000000
00000000000000001110000000000000010010001111000000000000000000000000000000000000000000000000000000000000000000000000000000000000000000000000000000011001000000000000001100000000000000000000000000000000
00000000000000001110000000000000101000111100100000000000000000000000000000000000000000000000000000000000000000000000000000000000000000000000000010111110000000000000001100000000000000000000000000000000
00000000000000001110000000000000000111011011001000000000000000000000000000000000000000000000000000000000000000000000000000000000000000000000000001001110000000000000001100000000000000000000000000000000
00000000000000001110000000000000011010111001001000000000000000000000000000000000000000000000000000000000000000000000000000000000000000000000000010110110000000000000011100000000000000000000000000000000
00000000000000001110000000000000010100110110100100000000000000000000000000000000000000000000000000000000000000000000000000000000000000000000000001001110000000000000000100000000000000000000000000000000
00000000000000001110000000000000000101111000011100000000000000000000000000000000000000000000000000000000000000000000000000000000000000000000000001010110000000000000000000000000000000000000000000000000
00000000000000001111000000000000011001111010100100000000000000000000000000000000000000000000000000000000000000000000000000000000000000000000000000100111000000000000001100000000000000000000000000000000
00000000000000001111100000000000000111110101101000000000000000000000000000000000000000000000000000000000000000001111111100000000000000000000000010001111000000001111111100000000000000000000000000000000
00000000000000001111111100000000010011100110010100000000000000000000000000000000000000000000000000000000000000001111111100000000000000000000000000100111000000001111111100000000000000000000000000000000
00000000000000001111111100000000101111101001100000000000000000000000000000000000000000000000000000000000000000000001111100000000000000000000000000001011000000001111111100000000000000000000000000000000
00000000000000001111111100000000010110100110000100000000000000000000000000000000000000000000000000000000000000000000111100000000000000000000000001100011000000001111111100000000000000000000000000000000
00000000000000000000000000000000010110100010110100100101110001011001010100000000000000000000000000000000000000000000000000000000000000000000000010100101110010100000000000000000000000000000000000000000
00000000000000000000000000000000001111011101001011011010000110100110101000000000000000000000000000000000000000000000000000000000000000000000000001011001101000010000000000000000000000000000000000000000
00000000000000000000000000000000011100100010100100110000010001011011000100000000000000000000000000000000000000000000000000000000000000000000000010000111110110100000000000000000000000000000000000000000
00000000000000000000000000000000001111111111111011001000100110001101101000000000000000000000000000000000000000000000000000000000000000000000000010111100111100100000000000000000000000000000000000000000
00000000000000000000000000000000011011111111111111010011000001110100010100000000000000000000000000000000000000000000000000000000000000000000000000010001111001000000000000000000000000000000000000000000
00000000000000000000000000000000100100111110111111111111111100011010001100000000000000000000000000000000000000000000000000000000000000000000000001101010011000010000000000000000000000000000000000000000
00000000000000000000000000000000101110000011000100111111111111100001010000000000000000000000000000000000000000000000000000000000000000000000000010010100111001100000000000000000000000000000000000000000
00000000000000000000000000000000010000100101111001000001001111111110001000000000000000000000000000000000000000000000000000000000000000000000000000100101111100000000000000000000000000000000000000000000
00000000000000000000000000000000000000000000000000000000010010011111111100000000000100000111101010010010000000001001010010101000000000000000000000000000011111000000000000000000000000000000000000000000
00000000000000000000000000000000000000000000000000000000100101100111111111111111110010111000110001001010000000001010010010110010000000000000000000000000101110110000000000000000000000000000000000000000
00000000000000000000000000000000000000000000000000000000111000010000000011111111111111111101001111000101000000000101111100001000000000000000000000000000010111000000000000000000000000000000000000000000
00000000000000000000000000000000000000000000000000000000100101011011001100000000111111111111111110000110000000001010001001010101000000000000000000000000010111010000000000000000000000000000000000000000
00000000000000000000000000000000000000000000000000000000010110100101101000000000010011010111111111111110000000000011010101001101000000000000000000000000000011100000000000000000000000000000000000000000
00000000000000000000000000000000000000000000000000000000101001100100110100000000101100001001010001111111111111111111110110010100000000000000000000000000100011010000000000000000000000000000000000000000
00000000000000000000000000000000000000000000000000000000000110010011000000000000101001110101101110010001111111111111111101101011000000000000000000000000011111100000000000000000000000000000000000000000
00000000000000000000000000000000000000000000000000000000100001100001010100000000000100101011010000101110000000000101011111110100000000000000000000000000101011000000000000000000000000000000000000000000
00000000000000000000000000000000000000000000000000000000000000000000000000000000000000000000000000000000000000000100100111111110001101100111101001000000000011100000000000000000000000000000000000000000
00000000000000000000000000000000000000000000000000000000000000000000000000000000000000000000000000000000000000001001011010011111110010011000110010100010010111000000000000000000000000000000000000000000
00000000000000000000000000000000000000000000000000000000000000000000000000000000000000000000000000000000000000001110000111100011111111111101001101011101001011110000000000000000000000000000000000000000
00000000000000000000000000000000000000000000000000000000000000000000000000000000000000000000000000000000000000001001010100001010111111111111111101100100110011000000000000000000000000000000000000000000
00000000000000000000000000000000000000000000000000000000000000000000000000000000000000000000000000000000000000000101101000110100001000010111111111110001000111000000000000000000000000000000000000000000
00000000000000000000000000000000000000000000000000000000000000000000000000000000000000000000000000000000000000001010011010000101000100101001010011111110101111100000000000000000000000000000000000000000
00000000000000000000000000000000000000000000000000000000000000000000000000000000000000000000000000000000000000000001100101111010010011000101101110111111111111010000000000000000000000000000000000000000
00000000000000000000000000000000000000000000000000000000000000000000000000000000000000000000000000000000000000001000011011010110010001011011010001001011111111100000000000000000000000000000000000000000
00000000000000000000000000000000000000000000000000000000000000000000000000000000000000000000000000000000000000000000000000000000000000000000000000000000000000000000000000000000000000000000000000000000
00000000000000000000000000000000000000000000000000000000000000000000000000000000000000000000000000000000000000000000000000000000000000000000000000000000000000000000000000000000000000000000000000000000
00000000000000000000000000000000000000000000000000000000000000000000000000000000000000000000000000000000000000000000000000000000000000000000000000000000000000000000000000000000000000000000000000000000
00000000000000000000000000000000000000000000000000000000000000000000000000000000000000000000000000000000000000000000000000000000000000000000000000000000000000000000000000000000000000000000000000000000
00000000000000000000000000000000000000000000000000000000000000000000000000000000000000000000000000000000000000000000000000000000000000000000000000000000000000000000000000000000000000000000000000000000
00000000000000000000000000000000000000000000000000000000000000000000000000000000000000000000000000000000000000000000000000000000000000000000000000000000000000000000000000000000000000000000000000000000
00000000000000000000000000000000000000000000000000000000000000000000000000000000000000000000000000000000000000000000000000000000000000000000000000000000000000000000000000000000000000000000000000000000
00000000000000000000000000000000000000000000000000000000000000000000000000000000000000000000000000000000000000000000000000000000000000000000000000000000000000000000000000000000000000000000000000000000
00000000000000000000000000000000000000000000000000000000000000000000000000000000000000000000000000000000000000000000000000000000000000000000000000000000000000000000000000000000000000000000000000000000
00000000000000000000000000000000000000000000000000000000000000000000000000000000000000000000000000000000000000000000000000000000000000000000000000000000000000000000000000000000000000000000000000000000
00000000000000000000000000000000000000000000000000000000000000000000000000000000000000000000000000000000000000000000000000000000000000000000000000000000000000000000000000000000000000000000000000000000
00000000000000000000000000000000000000000000000000000000000000000000000000000000000000000000000000000000000000000000000000000000000000000000000000000000000000000000000000000000000000000000000000000000
00000000000000000000000000000000000000000000000000000000000000000000000000000000000000000000000000000000000000000000000000000000000000000000000000000000000000000000000000000000000000000000000000000000
00000000000000000000000000000000000000000000000000000000000000000000000000000000000000000000000000000000000000000000000000000000000000000000000000000000000000000000000000000000000000000000000000000000
00000000000000000000000000000000000000000000000000000000000000000000000000000000000000000000000000000000000000000000000000000000000000000000000000000000000000000000000000000000000000000000000000000000
00000000000000000000000000000000000000000000000000000000000000000000000000000000000000000000000000000000000000000000000000000000000000000000000000000000000000000000000000000000000000000000000000000000
00000000000000000000000000000000000000000000000000000000000000000000000000000000000000000000000000000000000000000000000000000000000000000000000000000000000000000000000000000000000000000000000000000000
00000000000000000000000000000000000000000000000000000000000000000000000000000000000000000000000000000000000000000000000000000000000000000000000000000000000000000000000000000000000000000000000000000000
00000000000000000000000000000000000000000000000000000000000000000000000000000000000000000000000000000000000000000000000000000000000000000000000000000000000000000000000000000000000000000000000000000000
00000000000000000000000000000000000000000000000000000000000000000000000000000000000000000000000000000000000000000000000000000000000000000000000000000000000000000000000000000000000000000000000000000000
00000000000000000000000000000000000000000000000000000000000000000000000000000000000000000000000000000000000000000000000000000000000000000000000000000000000000000000000000000000000000000000000000000000
00000000000000000000000000000000000000000000000000000000000000000000000000000000000000000000000000000000000000000000000000000000000000000000000000000000000000000000000000000000000000000000000000000000
00000000000000000000000000000000000000000000000000000000000000000000000000000000000000000000000000000000000000000000000000000000000000000000000000000000000000000000000000000000000000000000000000000000
00000000000000000000000000000000000000000000000000000000000000000000000000000000000000000000000000000000000000000000000000000000000000000000000000000000000000000000000000000000000000000000000000000000
00000000000000000000000000000000000000000000000000000000000000000000000000000000000000000000000000000000000000000000000000000000000000000000000000000000000000000000000000000000000000000000000000000000
00000000000000000000000000000000000000000000000000000000000000000000000000000000000000000000000000000000000000000000000000000000000000000000000000000000000000000000000000000000000000000000000000000000
00000000000000000000000000000000000000000000000000000000000000000000000000000000000000000000000000000000000000000000000000000000000000000000000000000000000000000000000000000000000000000000000000000000
00000000000000000000000000000000000000000000000000000000000000000000000000000000000000000000000000000000000000000000000000000000000000000000000000000000000000000000000000000000000000000000000000000000
00000000000000000000000000000000000000000000000000000000000000000000000000000000000000000000000000000000000000000000000000000000000000000000000000000000000000000000000000000000000000000000000000000000
00000000000000000000000000000000000000000000000000000000000000000000000000000000000000000000000000000000000000000000000000000000000000000000000000000000000000000000000000000000000000000000000000000000
00000000000000000000000000000000000000000000000000000000000000000000000000000000000000000000000000000000000000000000000000000000000000000000000000000000000000000000000000000000000000000000000000000000
00000000000000000000000000000000000000000000000000000000000000000000000000000000000000000000000000000000000000000000000000000000000000000000000000000000000000000000000000000000000000000000000000000000
