200 200
00000000000000000000000000000000000000000000000000000000000000000000000000000000000000000000000000000000000000000000000000000000000000000000000000000000000000000000000000000000000000000000000000000000
00000000000000000000000000000000000000000000000000000000000000000000000000000000000000000000000000000000000000000000000000000000000000000000000000000000000000000000000000000000000000000000000000000000
00000000000000000000000000000000000000000000000000000000000000000000000000000000000000000000000000000000000000000000000000000000000000000000000000000000000000000000000000000000000000000000000000000000
00000000000000000000000000000000000000000000000000000000000000000000000000000000000000000000000000000000000000000000000000000000000000000000000000000000000000000000000000000000000000000000000000000000
00000000000000000000000000000000000000000000000000000000000000000000000000000000000000000000000000000000000000000000000000000000000000000000000000000000000000000000000000000000000000000000000000000000
00000000000000000000000000000000000000000000000000000000000000000000000000000000000000000000000000000000000000000000000000000000000000000000000000000000000000000000000000000000000000000000000000000000
00000000000000000000000000000000000000000000000000000000000000000000000000000000000000000000000000000000000000000000000000000000000000000000000000000000000000000000000000000000000000000000000000000000
00000000000000000000000000000000000000000000000000000000000000000000000000000000000000000000000000000000000000000000000000000000000000000000000000000000000000000000000000000000000000000000000000000000
00000000000000000000000000000000000000000000000000000000000000000000000000000000000000000000000000000000000000000000000000000000000000000000000000000000000000000000000000000000000000000000000000000000
00000000000000000000000000000000000000000000000000000000000000000000000000000000000000000000000000000000000000000000000000000000000000000000000000000000000000000000000000000000000000000000000000000000
00000000000000000000000000000000000000000000000000000000000000000000000000000000000000000000000000000000000000000000000000000000000000000000000000000000000000000000000000000000000000000000000000000000
00000000000000000000000000000000000000000000000000000000000000000000000000000000000000000000000000000000000000000000000000000000000000000000000000000000000000000000000000000000000000000000000000000000
00000000000000000000000000000000000000000000000000000000000000000000000000000000000000000000000000000000000000000000000000000000000000000000000000000000000000000000000000000000000000000000000000000000
00000000000000000000000000000000000000000000000000000000000000000000000000000000000000000000000000000000000000000000000000000000000000000000000000000000000000000000000000000000000000000000000000000000
00000000000000000000000000000000000000000000000000000000000000000000000000000000000000000000000000000000000000000000000000000000000000000000000000000000000000000000000000000000000000000000000000000000
00000000000000000000000000000000000000000000000000000000000000000000000000000000000000000000000000000000000000000000000000000000000000000000000000000000000000000000000000000000000000000000000000000000
00000000000000000000000000000000000000000000000000000000000000000100010000000000000000000000000000000000000000000000000000000000000000000000000000000000000000000000000000000000000000000000000000000000
00000000000000000000000000000000000000000000000000000000000000001000100100000000000000000000000000000000000000000000000000000000000000000000000000000000000000000000000000000000000000000000000000000000
00000000000000000000000000000000000000000000000000000000000000000111101000000000000000000000000000000000000000000000000000000000000000000000000000000000000000000000000000000000000000000000000000000000
00000000000000000000000000000000000000000000000000000000000000001000010100000000000000000000000000000000000000000000000000000000000000000000000000000000000000000000000000000000000000000000000000000000
00000000000000000000000000000000000000000000000000000000000000001010101000000000000000000000000000000000000000000000000000000000000000000000000000000000000000000000000000000000000000000000000000000000
00000000000000000000000000000000000000000000000000000000000000000001010100000000000000000000000000000000000000000000000000000000000000000000000000000000000000000000000000000000000000000000000000000000
00000000000000000000000000000000000000000000000000000000000000000111001100000000000000000000000000000000000000000000000000000000000000000000000000000000000000000000000000000000000000000000000000000000
00000000000000000000000000000000000000000000000000000000000000001011110100000000000000000000000000000000000000000000000000000000000000000000000000000000000000000000000000000000000000000000000000000000
00000000000000000000000000000000000000000000000000000000000000000101110010001010000000000000000000000000000000000000000000000000000000000000000000000000000000000000000000000000000000000000000000000000
00000000000000000000000000000000000000000000000000000000000000000000111000000011000000000000000000000000000000000000000000000000000000000000000000000000000000000000000000000000000000000000000000000000
00000000000000000000000000000000000000000000000000000000000000000110011101110001000000000000000000000000000000000000000000000000000000000000000000000000000000000000000000000000000000000000000000000000
00000000000000000000000000000000000000000000000000000000000000001001011111001100000000000000000000000000000000000000000000000000000000000000000000000000000000000000000000000000000000000000000000000000
00000000000000000000000000000000000000000000000000000000000000001010011111101010000000000000000000000000000000000000000000000000000000000000000000000000000000000000000000000000000000000000000000000000
00000000000000000000000000000000000000000000000000000000000000000110111011101101000000000000000000000000000000000000000000000000000000000000000000000000000000000000000000000000000000000000000000000000
00000000000000000000000000000000000000000000000000000000000000001000111001110100000000000000000000000000000000000000000000000000000000000000000000000000000000000000000000000000000000000000000000000000
00000000000000000000000000000000000000000000000000000000000000001010011000111010000000000000000000000000000000000000000000000000000000000000000000000000000000000000000000000000000000000000000000000000
00000000000000000000000000000000000000000000000000000000000000001011011101011010011001010000000000000000000000000000000000000000000000000000000000000000000000000000000000000000000000000000000000000000
00000000000000000000000000000000000000000000000000000000000000000100110010111110100110000000000000000000000000000000000000000000000000000000000000000000000000000000000000000000000000000000000000000000
00000000000000000000000000000000000000000000000000000000000000001101111001001110011001010000000000000000000000000000000000000000000000000000000000000000000000000000000000000000000000000000000000000000
00000000000000000000000000000000000000000000000000000000000000001001110100111111010110100000000000000000000000000000000000000000000000000000000000000000000000000000000000000000000000000000000000000000
00000000000000000000000000000000000000000000000000000000000000001001101001001110101010010000000000000000000000000000000000000000000000000000000000000000000000000000000000000000000000000000000000000000
00000000000000000000000000000000000000000000000000000000000000000101111110000111100101110000000000000000000000000000000000000000000000000000000000000000000000000000000000000000000000000000000000000000
00000000000000000000000000000000000000000000000000000000000000001011100110110111011010010000000000000000000000000000000000000000000000000000000000000000000000000000000000000000000000000000000000000000
00000000000000000000000000000000000000000000000000000000000000000111110001010011100100100000000000000000000000000000000000000000000000000000000000000000000000000000000000000000000000000000000000000000
00000000000000000000000000000000000000000000000000000000010100011111101001001001110110000000000000000000000000000000000000000000000000000000000000000000000000000000000000000000000000000000000000000000
00000000000000000000000000000000000000000000000000000000001101011111011010010110110101000000000000000000000000000000000000000000000000000000000000000000000000000000000000000000000000000000000000000000
00000000000000000000000000000000000000000000000000000000110001011110000111100001110110000000000000000000000000000000000000000000000000000000000000000000000000000000000000000000000000000000000000000000
00000000000000000000000000000000000000000000000000000000001000111111010010010101111001000000000000000000000000000000000000000000000000000000000000000000000000000000000000000000000000000000000000000000
00000000000000000000000000000000000000000000000000000000101101011110001001011010111100100000000000000000000000000000000000000000000000000000000000000000000000000000000000000000000000000000000000000000
00000000000000000000000000000000000000000000000000000000010011111100100110100110011110010000000000000000000000000000000000000000000000000000000000000000000000000000000000000000000000000000000000000000
00000000000000000000000000000000000000000000000000000000101001110011010100011001001110010000000000000000000000000000000000000000000000000000000000000000000000000000000000000000000000000000000000000000
00000000000000000000000000000000000000000000000000000000010111111001001010000110100111000000000000000000000000000000000000000000000000000000000000000000000000000000000000000000000000000000000000000000
00000000000000000000000000000000000000000000000000000000100011110000000000000000010111110100100100000000000000000000000000000000000000000000000000000000000000000000000000000000000000000000000000000000
00000000000000000000000000000000000000000000000000000000011111000000000000000000011011111000010100000000000000000000000000000000000000000000000000000000000000000000000000000000000000000000000000000000
00000000000000000000000000000000000000000000000000000000000110110000000000000000100001110110110000000000000000000000000000000000000000000000000000000000000000000000000000000000000000000000000000000000
00000000000000000000000000000000000000000000000000000000101110010000000000000000001011111101011000000000000000000000000000000000000000000000000000000000000000000000000000000000000000000000000000000000
00000000000000000000000000000000000000000000000000000000111101000000000000000000010001111100011000000000000000000000000000000000000000000000000000000000000000000000000000000000000000000000000000000000
00000000000000000000000000000000000000000000000000000000111000000000000000000000100100111111000000000000000000000000000000000000000000000000000000000000000000000000000000000000000000000000000000000000
00000000000000000000000000000000000000000000000000000000011101000000000000000000101011000110010100000000000000000000000000000000000000000000000000000000000000000000000000000000000000000000000000000000
00000000000000000000000000000000000000000000000000000000011010010000000000000000010010011111101000000000000000000000000000000000000000000000000000000000000000000000000000000000000000000000000000000000
00000000000000000000000000000000000000000000000001101010111100100000000000000000000000000111000101100101000000000000000000000000000000000000000000000000000000000000000000000000000000000000000000000000
00000000000000000000000000000000000000000000000010110100110010000000000000000000000000001011101010011000000000000000000000000000000000000000000000000000000000000000000000000000000000000000000000000000
00000000000000000000000000000000000000000000000000000001100110110000000000000000000000000001111001100101000000000000000000000000000000000000000000000000000000000000000000000000000000000000000000000000
00000000000000000000000000000000000000000000000010101111100010100000000000000000000000000111110101011010000000000000000000000000000000000000000000000000000000000000000000000000000000000000000000000000
00000000000000000000000000000000000000000000000001100011100101010000000000000000000000000010110110101001000000000000000000000000000000000000000000000000000000000000000000000000000000000000000000000000
00000000000000000000000000000000000000000000000010010011010110000000000000000000000000000010111010010111000000000000000000000000000000000000000000000000000000000000000000000000000000000000000000000000
00000000000000000000000000000000000000000000000010110110010000100000000000000000000000000000111101101001000000000000000000000000000000000000000000000000000000000000000000000000000000000000000000000000
00000000000000000000000000000000000000000000000001010111000111010000000000000000000000000101001110010010000000000000000000000000000000000000000000000000000000000000000000000000000000000000000000000000
00000000000000000000000000000000000000000000000000011110000000000000000000000000000000000100100110100100000000000000000000000000000000000000000000000000000000000000000000000000000000000000000000000000
00000000000000000000000000000000000000000000000010101100000000000000000000000000000000001001011011010111000000000000000000000000000000000000000000000000000000000000000000000000000000000000000000000000
00000000000000000000000000000000000000000000000000111010000000000000000000000000000000001110000111110010000000000000000000000000000000000000000000000000000000000000000000000000000000000000000000000000
00000000000000000000000000000000000000000000000010111000000000000000000000000000000000001001010101101101000000000000000000000000000000000000000000000000000000000000000000000000000000000000000000000000
00000000000000000000000000000000000000000000000001110110000000000000000000000000000000000101101001110000000000000000000000000000000000000000000000000000000000000000000000000000000000000000000000000000
00000000000000000000000000000000000000000000000011101000000000000000000000000000000000001010011010111110000000000000000000000000000000000000000000000000000000000000000000000000000000000000000000000000
00000000000000000000000000000000000000000000000001110101000000000000000000000000000000000001100101111001000000000000000000000000000000000000000000000000000000000000000000000000000000000000000000000000
00000000000000000000000000000000000000000000000011001001000000000000000000000000000000001000011000011110000000000000000000000000000000000000000000000000000000000000000000000000000000000000000000000000
00000000000000000000000000000000000000001000110111010010000000000000000000000000000000000000000000101101010010010000000000000000000000000000000000000000000000000000000000000000000000000000000000000000
00000000000000000000000000000000000000000111000011100100000000000000000000000000000000000000000001001111001100100000000000000000000000000000000000000000000000000000000000000000000000000000000000000000
00000000000000000000000000000000000000000100100110101101000000000000000000000000000000000000000000011110100101000000000000000000000000000000000000000000000000000000000000000000000000000000000000000000
00000000000000000000000000000000000000001011010111010010000000000000000000000000000000000000000010010011010101010000000000000000000000000000000000000000000000000000000000000000000000000000000000000000
00000000000000000000000000000000000000000000000111101011000000000000000000000000000000000000000001101011101010000000000000000000000000000000000000000000000000000000000000000000000000000000000000000000
00000000000000000000000000000000000000001100101100011100000000000000000000000000000000000000000000001101110100100000000000000000000000000000000000000000000000000000000000000000000000000000000000000000
00000000000000000000000000000000000000000101011111110010000000000000000000000000000000000000000000110001111001010000000000000000000000000000000000000000000000000000000000000000000000000000000000000000
00000000000000000000000000000000000000001010001100101101000000000000000000000000000000000000000010010000011010010000000000000000000000000000000000000000000000000000000000000000000000000000000000000000
00000000000000000000000000000000000000000110011100000000000000000000000000000000000000000000000000000000011101010110010100000000000000000000000000000000000000000000000000000000000000000000000000000000
00000000000000000000000000000000000000000000111100000000000000000000000000000000000000000000000000000000011101001001100000000000000000000000000000000000000000000000000000000000000000000000000000000000
00000000000000000000000000000000000000000101011000000000000000000000000000000000000000000000000000000000000110110110010100000000000000000000000000000000000000000000000000000000000000000000000000000000
00000000000000000000000000000000000000001000110100000000000000000000000000000000000000000000000000000000100111000101101000000000000000000000000000000000000000000000000000000000000000000000000000000000
00000000000000000000000000000000000000000001110100000000000000000000000000000000000000000000000000000000011111101010100100000000000000000000000000000000000000000000000000000000000000000000000000000000
00000000000000000000000000000000000000000010111100000000000000000000000000000000000000000000000000000000010001111001011100000000000000000000000000000000000000000000000000000000000000000000000000000000
00000000000000000000000000000000000000000101100000000000000000000000000000000000000000000000000000000000101011110110100100000000000000000000000000000000000000000000000000000000000000000000000000000000
00000000000000000000000000000000000000000101111100000000000000000000000000000000000000000000000000000000010010111001001000000000000000000000000000000000000000000000000000000000000000000000000000000000
00000000000000000000000000000000010000100111110000000000000000000000000000000000000000000000000000000000010010011110001000000000000000000000000000000000000000000000000000000000000000000000000000000000
00000000000000000000000000000000100001010011011000000000000000000000000000000000000000000000000000000000100101101101100100000000000000000000000000000000000000000000000000000000000000000000000000000000
00000000000000000000000000000000001101000111100000000000000000000000000000000000000000000000000000000000111000011110001000000000000000000000000000000000000000000000000000000000000000000000000000000000
00000000000000000000000000000000110010011110101100000000000000000000000000000000000000000000000000000000100101010111001000000000000000000000000000000000000000000000000000000000000000000000000000000000
00000000000000000000000000000000000110011111001000000000000000000000000000000000000000000000000000000000010110100011011000000000000000000000000000000000000000000000000000000000000000000000000000000000
00000000000000000000000000000000011000101100111100000000000000000000000000000000000000000000000000000000101001100111100100000000000000000000000000000000000000000000000000000000000000000000000000000000
00000000000000000000000000000000101001011010000000000000000000000000000000000000000000000000000000000000000110011101111000000000000000000000000000000000000000000000000000000000000000000000000000000000
00000000000000000000000000000000010100111000100100000000000000000000000000000000000000000000000000000000100001101001111000000000000000000000000000000000000000000000000000000000000000000000000000000000
00000000000000000000000000000000010001110000000000000000000000000000000000000000000000000000000000000000000000000110111100100110000000000000000000000000000000000000000000000000000000000000000000000000
00000000000000000000000000000000100010110000000000000000000000000000000000000000000000000000000000000000000000000101101111011001000000000000000000000000000000000000000000000000000000000000000000000000
00000000000000000000000000000000010101110000000000000000000000000000000000000000000000000000000000000000000000001011010111101010000000000000000000000000000000000000000000000000000000000000000000000000
00000000000000000000000000000000110011110000000000000000000000000000000000000000000000000000000000000000000000000001000101110100000000000000000000000000000000000000000000000000000000000000000000000000
00000000000000000000000000000000011111000000000000000000000000000000000000000000000000000000000000000000000000000000111010110011000000000000000000000000000000000000000000000000000000000000000000000000
00000000000000000000000000000000100111110000000000000000000000000000000000000000000000000000000000000000000000001011001010111110000000000000000000000000000000000000000000000000000000000000000000000000
00000000000000000000000000000000001111000000000000000000000000000000000000000000000000000000000000000000000000000110011101011011000000000000000000000000000000000000000000000000000000000000000000000000
00000000000000000000000000000000011110100000000000000000000000000000000000000000000000000000000000000000000000001001010001111100000000000000000000000000000000000000000000000000000000000000000000000000
00000000000000000000000000110100101110100000000000000000000000000000000000000000000000000000000000000000000000000000000000101101010010110000000000000000000000000000000000000000000000000000000000000000
00000000000000000000000001001111011001010000000000000000000000000000000000000000000000000000000000000000000000000000000001001111110011010000000000000000000000000000000000000000000000000000000000000000
00000000000000000000000000111000111011100000000000000000000000000000000000000000000000000000000000000000000000000000000000011110001000100000000000000000000000000000000000000000000000000000000000000000
00000000000000000000000010010111111000010000000000000000000000000000000000000000000000000000000000000000000000000000000010010011011101000000000000000000000000000000000000000000000000000000000000000000
00000000000000000000000001001011110101100000000000000000000000000000000000000000000000000000000000000000000000000000000001101011100001000000000000000000000000000000000000000000000000000000000000000000
00000000000000000000000010110101100110010000000000000000000000000000000000000000000000000000000000000000000000000000000000001101110100100000000000000000000000000000000000000000000000000000000000000000
00000000000000000000000001100111011011100000000000000000000000000000000000000000000000000000000000000000000000000000000000110001111011010000000000000000000000000000000000000000000000000000000000000000
00000000000000000000000001001011100000010000000000000000000000000000000000000000000000000000000000000000000000000000000010010000111100100000000000000000000000000000000000000000000000000000000000000000
00000000000000001010011001101111000000000000000000000000000000000000000000000000000000000000000000000000000000000000000000000000011101000110010100000000000000000000001100000000000000000000000000000000
00000000000000000001100110010110000000000000000000000000000000000000000000000000000000000000000000000000000000000000000000000000001100011001100000000000000000000000001100000000000000000000000000000000
00000000000000001010011000111111000000000000000000000000000000000000000000000000000000000000000000000000000000000000000000000000110111100110010100000000000000000000001100000000000000000000000000000000
00000000000000000101101001011101000000000000000000000000000000000000000000000000000000000000000000000000000000000000000000000000001011010101101000000000000000000000001100000000000000000000000000000000
00000000000000001001010110111000000000000000000000000000000000000000000000000000000000000000000000000000000000000000000000000000101111101010100100000000000000000000001100000000000000000000000000000000
00000000000000001110100101111011000000000000000000000000000000000000000000000000000000000000000000000000000000000000000000000000010011101001011100000000000000000000011100000000000000000000000000000000
00000000000000001001011011110110000000000000000000000000000000000000000000000000000000000000000000000000000000000000000000000000101000110110100100000000000000000000011100000000000000000000000000000000
00000000000000000100100111100101000000000000000000000000000000000000000000000000000000000000000000000000000000000000000000000000001001111001001000000000000000000000011100000000000000000000000000000000
00000000000000001001001110010010000000000000000000000000000000000000000000000000000000000000000000000000000000000000000000000000010010011110110000000000000000000000001100000000000000000000000000000000
00000000000000000100101101101001000000000000000000000000000000000000000000000000000000000000000000000000000000000000000000000000100101101100100100000000000000000000001100000000000000000000000000000000
00000000000000001011011110000111000000000000000000000000000000000000000000000000000000000000000000000000000000000000000000000000111000010111001000000000000000000000001100000000000000000000000000000000
00000000000000001011111110101001000000000000000000000000000000000000000000000000000000000000000000000000000000000000000000000000100101011111000100000000000000000000001100000000000000000000000000000000
00000000000000000000110001011010000000000000000000000000000000000000000000000000000000000000000000000000000000000000000000000000010110100011100000000000000000000000001100000000000000000000000000000000
00000000000000000101110101100101000000000000000000000000000000000000000000000000000000000000000000000000000000000000000000000000101001100111101000000000000000000000001100000000000000000000000000000000
00000000000000000101100010011000000000000000000000000000000000000000000000000000000000000000000000000000000000000000000000000000000110011001110100000000000000000000001100000000000000000000000000000000
00000000000000000011101001100001000000000000000000000000000000000000000000000000000000000000000000000000000000000000000000000000100001101011110000000000000000000000001100000000000000000000000000000000
00000000010100101111000100000000000000000000000000000000000000000000000000000000000000000000000000000000000000000000000000000000000000001001110110010100000000000000001100000000000000000000000000000000
00000000001111011110101100000000000000000000000000000000000000000000000000000000000000000000000000000000000000000000000000000000000000001000111000101010000000000000001100000000000000000000000000000000
00000000110000011110100000000000000000000000000000000000000000000000000000000000000000000000000000000000000000000000000000000000000000000011111000110100000000000000001100000000000000000000000000000000
00000000001101001100110100000000000000000000000000000000000000000000000000000000000000000000000000000000000000000000000000000000000000000110011100101001000000000000001100000000000000000000000000000000
00000000000010011110010000000000000000000000000000000000000000000000000000000000000000000000000000000000000000000000000000000000000000000001001100101110000000000000001100000000000000000000000000000000
00000000111101011100111000000000000000000000000000000000000000000000000000000000000000000000000000000000000000000000000000000000000000000110101100010010000000000000001100000000000000000000000000000000
00000000001011111001010100000000000000000000000000000000000000000000000000000000000000000000000000000000000000000000000000000000000000001000111111000101000000000000001100000000000000000000000000000000
00000000101000111110000000000000000000000000000000000000000000000000000000000000000000000000000000000000000000000000000000000000000000000010000110111000000000000000001100000000000000000000000000000000
00000000101101111110000000000000000000000000000000000000000000000000000000000000000000000000000000000000000000000000000000000000000000000100100111100110000000000000011100000000000000000000000000000000
00000000010011101110000000000000000000000000000000000000000000000000000000000000000000000000000000000000000000000000000000000000000000001001011011011001000000000000000100000000000000000000000000000000
00000000010001111110000000000000000000000000000000000000000000000000000000000000000000000000000000000000000000000000000000000000000000001110000111101010000000000000000000000000000000000000000000000000
00000000000111001111000000000000000000000000000000000000000000000000000000000000000000000000000000000000000000000000000000000000000000001001010101101001000000000000001100000000000000000000000000000000
00000000010111011111100000000000000010000000000000000000000000000000000000000000000000000000000000000000000000001111111100000000000000000101101001110010000000001111111100000000000000000000000000000000
00000000101011101111111100000000000111000000000000000000000000000000000000000000000000000000000000000000000000001111111100000000000000001010011010110011000000001111111100000000000000000000000000000000
00000000000111011111111100000000000111110000000000000000000000000000000000000000000000000000000000000000000000000001111100000000000000000001100100111100000000001111111100000000000000000000000000000000
00000000011111001111111100000000001111110000000000000000000000000000000000000000000000000000000000000000000000000000111100000000000000001000011001011111000000001111111100000000000000000000000000000000
00000000011110100000000000000000000000000000000000000000000000000000000000000000000000000000000000000000000000000000000000000000000000000000000010101111000011000000000000000000000000000000000000000000
00000000111001000000000000000000000000000000000000000000000000000000000000000000000000000000000000000000000000000000000000000000000000000000000001101110010000110000000000000000000000000000000000000000
00000000110100100000000000000000000000000000000000000000000000000000000000000000000000000000000000000000000000000000000000000000000000000000000000010011000111000000000000000000000000000000000000000000
00000000110011010000000000000000000000000000000000000000000000000000000000000000000000000000000000000000000000000000000000000000000000000000000000101111101001000000000000000000000000000000000000000000
00000000111000010000000000000000000000000000000000000000000000000000000000000000000000000000000000000000000000000000000000000000000000000000000001001111110001010000000000000000000000000000000000000000
00000000111011000000000000000000000000000000000000000000000000000000000000000000000000000000000000000000000000000000000000000000000000000000000000110001110100110000000000000000000000000000000000000000
00000000111000010000000000000000000000000000000000000000000000000000000000000000000000000000000000000000000000000000000000000000000000000000000001101101111001000000000000000000000000000000000000000000
00000000111011100000000000000000000000000000000000000000000000000000000000000000000000000000000000000000000000000000000000000000000000000000000010100100011101100000000000000000000000000000000000000000
00001101101001010000000000000000000000000000000000000000000000000000000000000000000000000000000000000000000000000000000000000000000000000000000000000000011100100110010100000000000000000000000000000000
11110011100110100000000000000000000000000000000000000000000000000000000000000000000000000000000000000000000000000000000000000000000000000000000000000000101111001001100000000000000000000000000000000000
00011011111000010000000000000000000000000000000000000000000000000000000000000000000000000000000000000000000000000000000000000000000000000000000000000000011110000110010100000000000000000000000000000000
01010111001111010000000000000000000000000000000000000000000000000000000000000000000000000000000000000000000000000000000000000000000000000000000000000000110111010101101000000000000000000000000000000000
11110011100010000000000000000000000000000000000000000000000000000000000000000000000000000000000000000000000000000000000000000000000000000000000000000000001111001010100100000000000000000000000000000000
00101111010101100000000000000000000000000000000000000000000000000000000000000000000000000000000000000000000000000000000000000000000000000000000000000000100101101001011100000000000000000000000000000000
01010011001010010000000000000000000000000000000000000000000000000000000000000000000000000000000000000000000000000000000000000000000000000000000000000000010011110110100100000000000000000000000000000000
00000111101001000000000000000000000000000000000000000000000000000000000000000000000000000000000000000000000000000000000000000000000000000000000000000000001000111001001000000000000000000000000000000000
00100011000000000000000000000000000000000000000000000000000000000000000000000000000000000000000000000000000000000000000000000000000000000000000000000000010010011110010000000000000000000000000000000000
00100011000000000000000000000000000000000000000000000000000000000000000000000000000000000000000000000000000000000000000000000000000000000000000000000000100101101111101000000000000000000000000000000000
00100011000000000000000000000000000000000000000000000000000000000000000000000000000000000000000000000000000000000000000000000000000000000000000000000000111000011111001000000000000000000000000000000000
00100011000000000000000000000000000000000000000000000000000000000000000000000000000000000000000000000000000000000000000000000000000000000000000000000000100101010111111000000000000000000000000000000000
00100011000000000000000000000000000000000000000000000000000000000000000000000000000000000000000000000000000000000000000000000000000000000000000000000000010110100111010100000000000000000000000000000000
00100011000000000000000000000000000000000000000000000000000000000000000000000000000000000000000000000000000000000000000000000000000000000000000000000000101001100111011000000000000000000000000000000000
00100011000000000000000000000000000000000000000000000000000000000000000000000000000000000000000000000000000000000000000000000000000000000000000000000000000110010111100100000000000000000000000000000000
00100011000000000000000000000000000000000000000000000000000000000000000000000000000000000000000000000000000000000000000000000000000000000000000000000000100001100001101000000000000000000000000000000000
00100011000000000000000000000000000000000000000000000000000000000000000000000000000000000000000000000000000000000000000000000000000000000000000000000000000000000110110110001101000000000000000000000000
00100011000000000000000000000000000000000000000000000000000000000000000000000000000000000000000000000000000000000000000000000000000000000000000000000000000000001010111001110010000000000000000000000000
00100011000000000000000000000000000000000000000000000000000000000000000000000000000000000000000000000000000000000000000000000000000000000000000000000000000000000010011000011000000000000000000000000000
00100011000000000000000000000000000000000000000000000000000000000000000000000000000000000000000000000000000000000000000000000000000000000000000000000000000000001100111100101101000000000000000000000000
00100011000000000000000000000000000000000000000000000000000000000000000000000000000000000000000000000000000000000000000000000000000000000000000000000000000000000100101110000110000000000000000000000000
00100011000000000000000000000000000000000000000000000000000000000000000000000000000000000000000000000000000000000000000000000000000000000000000000000000000000000100010110101001000000000000000000000000
00100011000000000000000000000000000000000000000000000000000000000000000000000000000000000000000000000000000000000000000000000000000000000000000000000000000000001001010111100100000000000000000000000000
00100011000000000000000000000000000000000000000000000000000000000000000000000000000000000000000000000000000000000000000000000000000000000000000000000000000000000110101011011001000000000000000000000000
00110110000000000000000000000000000000000000000000000000000000000000000000000000000000000000000000000000000000000000000001001001000000000101100100000000000000000000000011110001011001010000000000000000
11001110000000000000000000000000000000000000000000000000000000000000000000000000000000000000000000000000000000000000000000001010000000000010011000000000000000000000000001111010100110000000000000000000
00011101000000000000000000000000000000000000000000000000000000000000000000000000000000000000000000000000000000000000000010100101000000000101100000000000000000000000000010111000011001010000000000000000
01101100000000000000000000000000000000000000000000000000000000000000000000000000000000000000000000000000000000000000000010110000000000001010010100000000000000000000000000111101010110100000000000000000
00011101000000000000000000000000000000000000000000000000000000000000000000000000000000000000000000000000000000000000000000010001000000000110100000000000000000000000000000011110101010010000000000000000
01011111111111111111111111111111111111111111111111111111111111111111111111111111111111111111111111111111111111111111111111001010111111110001011000000000000000000000000001110111100101110000000000000000
00111111111111111111111111111111111111111111111111111111111111111111111111111111111111111111111111111111111111111111111111111111111111110100100100000000000000000000000000001011011010010000000000000000
01001100000000000000000000000000000000000000000000000000000000000000000000000000000000000000000000000000000000000000000001111111111111111111111000000000000000000000000001000011100100100000000000000000
00000000000000000000000000000000000000000000000000000000000000000000000000000000000000000000000000000000000000000000000000000000000000001111111111101010100000100100010100001101110001010000000000000000
00000000000000000000000000000000000000000000000000000000000000000000000000000000000000000000000000000000000000000000000000000000000000001000110111111111111111000010001010100011110100000000000000000000
00000000000000000000000000000000000000000000000000000000000000000000000000000000000000000000000000000000000000000000000000000000000000000010101010111111111111111111000001001000110010110000000000000000
00000000000000000000000000000000000000000000000000000000000000000000000000000000000000000000000000000000000000000000000000000000000000001000100110101100110010111111111101110000111001000000000000000000
00000000000000000000000000000000000000000000000000000000000000000000000000000000000000000000000000000000000000000000000000000000000000001010000001000101000100111000111111111111111110010000000000000000
00000000000000000000000000000000000000000000000000000000000000000000000000000000000000000000000000000000000000000000000000000000000000000101111011111010000011000111000111111111111111000000000000000000
00000000000000000000000000000000000000000000000000000000000000000000000000000000000000000000000000000000000000000000000000000000000000001001000100100101010110111100110001010100111110100000000000000000
00000000000000000000000000000000000000000000000000000000000000000000000000000000000000000000000000000000000000000000000000000000000000000110010000101001101001000001010000101001001100100000000000000000
00000000000000000000000000000000000000000000000000000000000000000000000000000000000000000000000000000000000000000000000000000000000000000000000000000000000000000000000000000000000000000000000000000000
00000000000000000000000000000000000000000000000000000000000000000000000000000000000000000000000000000000000000000000000000000000000000000000000000000000000000000000000000000000000000000000000000000000
00000000000000000000000000000000000000000000000000000000000000000000000000000000000000000000000000000000000000000000000000000000000000000000000000000000000000000000000000000000000000000000000000000000
00000000000000000000000000000000000000000000000000000000000000000000000000000000000000000000000000000000000000000000000000000000000000000000000000000000000000000000000000000000000000000000000000000000
00000000000000000000000000000000000000000000000000000000000000000000000000000000000000000000000000000000000000000000000000000000000000000000000000000000000000000000000000000000000000000000000000000000
00000000000000000000000000000000000000000000000000000000000000000000000000000000000000000000000000000000000000000000000000000000000000000000000000000000000000000000000000000000000000000000000000000000
00000000000000000000000000000000000000000000000000000000000000000000000000000000000000000000000000000000000000000000000000000000000000000000000000000000000000000000000000000000000000000000000000000000
00000000000000000000000000000000000000000000000000000000000000000000000000000000000000000000000000000000000000000000000000000000000000000000000000000000000000000000000000000000000000000000000000000000
