200 200
00000000000000000000000000000000000000000000000000000000000000000000000000000000000000000000000000000000000000000000000000000000000000000000000000000000000000000000000000000000000000000000000000000000
00000000000000000000000000000000000000000000000000000000000000000000000000000000000000000000000000000000000000000000000000000000000000000000000000000000000000000000000000000000000000000000000000000000
00000000000000000000000000000000000000000000000000000000000000000000000000000000000000000000000000000000000000000000000000000000000000000000000000000000000000000000000000000000000000000000000000000000
00000000000000000000000000000000000000000000000000000000000000000000000000000000000000000000000000000000000000000000000000000000000000000000000000000000000000000000000000000000000000000000000000000000
00000000000000000000000000000000000000000000000000000000000000000000000000000000000000000000000000000000000000000000000000000000000000000000000000000000000000000000000000000000000000000000000000000000
00000000000000000000000000000000000000000000000000000000000000000000000000000000000000000000000000000000000000000000000000000000000000000000000000000000000000000000000000000000000000000000000000000000
00000000000000000000000000000000000000000000000000000000000000000000000000000000000000000000000000000000000000000000000000000000000000000000000000000000000000000000000000000000000000000000000000000000
00000000000000000000000000000000000000000000000000000000000000000000000000000000000000000000000000000000000000000000000000000000000000000000000000000000000000000000000000000000000000000000000000000000
00000000000000000000000000000000000000000000000000000000000000000000000000000000000000000000000000000000000000000000000000000000000000000000000000000000000000000000000000000000000000000000000000000000
00000000000000000000000000000000000000000000000000000000000000000000000000000000000000000000000000000000000000000000000000000000000000000000000000000000000000000000000000000000000000000000000000000000
00000000000000000000000000000000000000000000000000000000000000000000000000000000000000000000000000000000000000000000000000000000000000000000000000000000000000000000000000000000000000000000000000000000
00000000000000000000000000000000000000000000000000000000000000000000000000000000000000000000000000000000000000000000000000000000000000000000000000000000000000000000000000000000000000000000000000000000
00000000000000000000000000000000000000000000000000000000000000000000000000000000000000000000000000000000000000000000000000000000000000000000000000000000000000000000000000000000000000000000000000000000
00000000000000000000000000000000000000000000000000000000000000000000000000000000000000000000000000000000000000000000000000000000000000000000000000000000000000000000000000000000000000000000000000000000
00000000000000000000000000000000000000000000000000000000000000000000000000000000000000000000000000000000000000000000000000000000000000000000000000000000000000000000000000000000000000000000000000000000
00000000000000000000000000000000000000000000000000000000000000000000000000000000000000000000000000000000000000000000000000000000000000000000000000000000000000000000000000000000000000000000000000000000
00000000000000000000000000000000000000000000000000000000000000000000000000000000000000000000000000000000000000000000000000000000000000000000000000000000000000000000000000000000000000000000000000000000
00000000000000000000000000000000000000000000000000000000000000000000000000000000000000000000000000000000000000000000000000000000000000000000000000000000000000000000000000000000000000000000000000000000
00000000000000000000000000000000000000000000000000000000000000000000000000000000000000000000000000000000000000000000000000000000000000000000000000000000000000000000000000000000000000000000000000000000
00000000000000000000000000000000000000000000000000000000000000000000000000000000000000000000000000000000000000000000000000000000000000000000000000000000000000000000000000000000000000000000000000000000
00000000000000000000000000000000000000000000000000000000000000000000000000000000000000000000000000000000000000000000000000000000000000000000000000000000000000000000000000000000000000000000000000000000
00000000000000000000000000000000000000000000000000000000000000000000000000000000000000000000000000000000000000000000000000000000000000000000000000000000000000000000000000000000000000000000000000000000
00000000000000000000000000000000000000000000000000000000000000000000000000000000000000000000000000000000000000000000000000000000000000000000000000000000000000000000000000000000000000000000000000000000
00000000000000000000000000000000000000000000000000000000000000000000000000000000000000000000000000000000000000000000000000000000000000000000000000000000000000000000000000000000000000000000000000000000
00000000000000000000000000000000000000000000000000000000000000000000000000000000000000000000000000000000000000000000000000000000000000000000000000000000000000000000000000000000000000000000000000000000
00000000000000000000000000000000000000000000000000000000000000000000000000000000000000000000000000000000000000000000000000000000000000000000000000000000000000000000000000000000000000000000000000000000
00000000000000000000000000000000000000000000000000000000000000000000000000000000000000000000000000000000000000000000000000000000000000000000000000000000000000000000000000000000000000000000000000000000
00000000000000000000000000000000000000000000000000000000000000000000000000000000000000000000000000000000000000000000000000000000000000000000000000000000000000000000000000000000000000000000000000000000
00000000000000000000000000000000000000000000000000000000000000000000000000000000000000000000000000000000000000000000000000000000000000000000000000000000000000000000000000000000000000000000000000000000
00000000000000000000000000000000000000000000000000000000000000000000000000000000000000000000000000000000000000000000000000000000000000000000000000000000000000000000000000000000000000000000000000000000
00000000000000000000000000000000000000000000000000000000000000000000000000000000000000000000000000000000000000000000000000000000000000000000000000000000000000000000000000000000000000000000000000000000
00000000000000000000000000000000000000000000000000000000000000000000000000000000000000000000000000000000000000000000000000000000000000000000000000000000000000000000000000000000000000000000000000000000
00000000000000000000000000000000000000000000000000000000000000000000000000000000000000000000000000000000010010100000000000000000000000000000000000000000000000000000000000000000000000000000000000000000
00000000000000000000000000000000000000000000000000000000000000000000000000000000000000000000000000000000101110010000000000000000000000000000000000000000000000000000000000000000000000000000000000000000
00000000000000000000000000000000000000000000000000000000000000000000000000000000000000000000000000000000101001000000000000000000000000000000000000000000000000000000000000000000000000000000000000000000
00000000000000000000000000000000000000000000000000000000000000000000000000000000000000000000000000000000110100100000000000000000000000000000000000000000000000000000000000000000000000000000000000000000
00000000000000000000000000000000000000000000000000000000000000000000000000000000000000000000000000000000000110010000000000000000000000000000000000000000000000000000000000000000000000000000000000000000
00000000000000000000000000000000000000000000000000000000000000000000000000000000000000000000000000000000010001100000000000000000000000000000000000000000000000000000000000000000000000000000000000000000
00000000000000000000000000000000000000000000000000000000000000000000000000000000000000000000000000000000100011110000000000000000000000000000000000000000000000000000000000000000000000000000000000000000
00000000000000000000000000000000000000000000000000000000000000000000000000000000000000000000000000000000011011110000000000000000000000000000000000000000000000000000000000000000000000000000000000000000
00000000000000000000000000000000000000000000000000000000000000000000000000000000000000000000000000000000000011111010001000000000000000000000000000000000000000000000000000000000000000000000000000000000
00000000000000000000000000000000000000000000000000000000000000000000000000000000000000000000000000000000110111011010010000000000000000000000000000000000000000000000000000000000000000000000000000000000
00000000000000000000000000000000000000000000000000000000000000000000000000000000000000000000000000000000001111111101101100000000000000000000000000000000000000000000000000000000000000000000000000000000
00000000000000000000000000000000000000000000000000000000000000000000000000000000000000000000000000000000011011001110111000000000000000000000000000000000000000000000000000000000000000000000000000000000
00000000000000000000000000000000000000000000000000000000000000000000000000000000000000000000000000000000000011010111010100000000000000000000000000000000000000000000000000000000000000000000000000000000
00000000000000000000000000000000000000000000000000000000000000000000000000000000000000000000000000000000011011111110101000000000000000000000000000000000000000000000000000000000000000000000000000000000
00000000000000000000000000000000000000000000000000000000000000000000000000000000000000000000000000000000010111100110110000000000000000000000000000000000000000000000000000000000000000000000000000000000
00000000000000000000000000000000000000000000000000000000000000000000000000000000000000000000000000000000100111010111010000000000000000000000000000000000000000000000000000000000000000000000000000000000
00000000000000000000000000000000000000000000000000000000000000000000000000000000000000000000000010110001001111000111100100000000000000000000000000000000000000000000000000000000000000000000000000000000
00000000000000000000000000000000000000000000000000000000000000000000000000000000000000000000000001001110111111011011100000000000000000000000000000000000000000000000000000000000000000000000000000000000
00000000000000000000000000000000000000000000000000000000000000000000000000000000000000000000000000011000011110100101101100000000000000000000000000000000000000000000000000000000000000000000000000000000
00000000000000000000000000000000000000000000000000000000000000000000000000000000000000000000000010110100111010000001100000000000000000000000000000000000000000000000000000000000000000000000000000000000
00000000000000000000000000000000000000000000000000000000000000000000000000000000000000000000000001100001111010110001100000000000000000000000000000000000000000000000000000000000000000000000000000000000
00000000000000000000000000000000000000000000000000000000000000000000000000000000000000000000000010010101110010001101101000000000000000000000000000000000000000000000000000000000000000000000000000000000
00000000000000000000000000000000000000000000000000000000000000000000000000000000000000000000000000100111101101100001110100000000000000000000000000000000000000000000000000000000000000000000000000000000
00000000000000000000000000000000000000000000000000000000000000000000000000000000000000000000000010011011010010011001111000000000000000000000000000000000000000000000000000000000000000000000000000000000
00000000000000000000000000000000000000000000000000000000000000000000000000000000000000001010011001010011000000000001111000000000000000000000000000000000000000000000000000000000000000000000000000000000
00000000000000000000000000000000000000000000000000000000000000000000000000000000000000000001100110000111000000000010110000000000000000000000000000000000000000000000000000000000000000000000000000000000
00000000000000000000000000000000000000000000000000000000000000000000000000000000000000001010011001001110000000001100110100000000000000000000000000000000000000000000000000000000000000000000000000000000
00000000000000000000000000000000000000000000000000000000000000000000000000000000000000000101101000111101000000000000111000000000000000000000000000000000000000000000000000000000000000000000000000000000
00000000000000000000000000000000000000000000000000000000000000000000000000000000000000001001010110111100000000000110111000000000000000000000000000000000000000000000000000000000000000000000000000000000
00000000000000000000000000000000000000000000000000000000000000000000000000000000000000001110100101110010000000001001110100000000000000000000000000000000000000000000000000000000000000000000000000000000
00000000000000000000000000000000000000000000000000000000000000000000000000000000000000001001011011100001000000001010111000000000000000000000000000000000000000000000000000000000000000000000000000000000
00000000000000000000000000000000000000000000000000000000000000000000000000000000000000000100100111001010000000000101011000000000000000000000000000000000000000000000000000000000000000000000000000000000
00000000000000000000000000000000000000000000000000000000000000000000000000000000000000001010011110010010000000000110011000000000000000000000000000000000000000000000000000000000000000000000000000000000
00000000000000000000000000000000000000000000000000000000000000000000000000000000000000000110111101101001000000000001011100000000000000000000000000000000000000000000000000000000000000000000000000000000
00000000000000000000000000000000000000000000000000000000000000000000000000000000000000001101111010000111000000001100011000000000000000000000000000000000000000000000000000000000000000000000000000000000
00000000000000000000000000000000000000000000000000000000000000000000000000000000000000000001110110101001000000001010111100000000000000000000000000000000000000000000000000000000000000000000000000000000
00000000000000000000000000000000000000000000000000000000000000000000000000000000000000001011101001011010000000000111011100000000000000000000000000000000000000000000000000000000000000000000000000000000
00000000000000000000000000000000000000000000000000000000000000000000000000000000000000001111110001100101000000000100111100000000000000000000000000000000000000000000000000000000000000000000000000000000
00000000000000000000000000000000000000000000000000000000000000000000000000000000000000000110100110011000000000001111001100000000000000000000000000000000000000000000000000000000000000000000000000000000
00000000000000000000000000000000000000000000000000000000000000000000000000000000000000001111011001100001000000000010011100000000000000000000000000000000000000000000000000000000000000000000000000000000
00000000000000000000000000000000000000000000000000000000000000000000000000000000101000101111011000000000000000000110011110110101000000000000000000000000000000000000000000000000000000000000000000000000
00000000000000000000000000000000000000000000000000000000000000000000000000000000101111111101101000000000000000001101101101101000000000000000000000000000000000000000000000000000000000000000000000000000
00000000000000000000000000000000000000000000000000000000000000000000000000000000010010111010110100000000000000000000111111010110000000000000000000000000000000000000000000000000000000000000000000000000
00000000000000000000000000000000000000000000000000000000000000000000000000000000000110111000100000000000000000000010011110110000000000000000000000000000000000000000000000000000000000000000000000000000
00000000000000000000000000000000000000000000000000000000000000000000000000000000100101110111000000000000000000001011101100010110000000000000000000000000000000000000000000000000000000000000000000000000
00000000000000000000000000000000000000000000000000000000000000000000000000000000001011110100110100000000000000000100111111001101000000000000000000000000000000000000000000000000000000000000000000000000
00000000000000000000000000000000000000000000000000000000000000000000000000000000010111101110011000000000000000001011100110110001000000000000000000000000000000000000000000000000000000000000000000000000
00000000000000000000000000000000000000000000000000000000000000000000000000000000101111100010100100000000000000001010000111010000000000000000000000000000000000000000000000000000000000000000000000000000
00000000000000000000000000000000000000000000000000000000000000000000000001000010001111010000000000000000000000000000000011101001000000000000000000000000000000000000000000000000000000000000000000000000
00000000000000000000000000000000000000000000000000000000000000000000000010000101111101100000000000000000000000000000000011011101000000000000000000000000000000000000000000000000000000000000000000000000
00000000000000000000000000000000000000000000000000000000000000000000000000110100011000010000000000000000000000000000000011110010000000000000000000000000000000000000000000000000000000000000000000000000
00000000000000000000000000000000000000000000000000000000000000000000000011001001111100100000000000000000000000000000000011001010000000000000000000000000000000000000000000000000000000000000000000000000
00000000000000000000000000000000000000000000000000000000000000000000000000011001111101000000000000000000000000000000000011100100000000000000000000000000000000000000000000000000000000000000000000000000
00000000000000000000000000000000000000000000000000000000000000000000000001100010110001010000000000000000000000000000000001101001000000000000000000000000000000000000000000000000000000000000000000000000
00000000000000000000000000000000000000000000000000000000000000000000000010100101110000010000000000000000000000000000000001110011000000000000000000000000000000000000000000000000000000000000000000000000
00000000000000000000000000000000000000000000000000000000000000000000000001010011101001100000000000000000000000000000000001111100000000000000000000000000000000000000000000000000000000000000000000000000
00000000000000000000000000000000000000000000000000000000000000000000000001010111000000000000000000000000000000000000000000110101000000000000000000000000000000000000000000000000000000000000000000000000
00000000000000000000000000000000000000000000000000000000000000000000000001001111000000000000000000000000000000000000000001111110000000000000000000000000000000000000000000000000000000000000000000000000
00000000000000000000000000000000000000000000000000000000000000000000000010101110000000000000000000000000000000000000000010110001000000000000000000000000000000000000000000000000000000000000000000000000
00000000000000000000000000000000000000000000000000000000000000000000000001001111000000000000000000000000000000000000000001110000000000000000000000000000000000000000000000000000000000000000000000000000
00000000000000000000000000000000000000000000000000000000000000000000000000011100000000000000000000000000000000000000000010111010000000000000000000000000000000000000000000000000000000000000000000000000
00000000000000000000000000000000000000000000000000000000000000000000000001001101000000000000000000000000000000000000000000111010000000000000000000000000000000000000000000000000000000000000000000000000
00000000000000000000000000000000000000000000000000000000000000000000000010111110000000000000000000000000000000000000000011011101000000000000000000000000000000000000000000000000000000000000000000000000
00000000000000000000000000000000000000000000000000000000000000000000000011111010000000000000000000000000000000000000000000111110000000000000000000000000000000000000000000000000000000000000000000000000
00000000000000000000000000000000000000000000000000000000000000001101010111100101000000000000000000000000000000000000000000101110100101000000000000000000000000000000000000000000000000000000000000000000
00000000000000000000000000000000000000000000000000000000000000000100101011101000000000000000000000000000000000000000000010001110001010100000000000000000000000000000000000000000000000000000000000000000
00000000000000000000000000000000000000000000000000000000000000001100010111000001000000000000000000000000000000000000000001001110001101000000000000000000000000000000000000000000000000000000000000000000
00000000000000000000000000000000000000000000000000000000000000000011101111000000000000000000000000000000000000000000000010101111001010010000000000000000000000000000000000000000000000000000000000000000
00000000000000000000000000000000000000000000000000000000000000001010011110100111000000000000000000000000000000000000000010010111001011100000000000000000000000000000000000000000000000000000000000000000
00000000000000000000000000000000000000000000000000000000000000000101001110000100000000000000000000000000000000000000000011000011000100100000000000000000000000000000000000000000000000000000000000000000
00000000000000000000000000000000000000000000000000000000000000000100111101001001000000000000000000000000000000000000000001101011110001010000000000000000000000000000000000000000000000000000000000000000
00000000000000000000000000000000000000000000000000000000000000001000011010100101000000000000000000000000000000000000000001011101101110000000000000000000000000000000000000000000000000000000000000000000
00000000000000000000000000000000000000000000000000000000000000001010111100000000000000000000000000000000000000000000000000000001101000000000000000000000000000000000000000000000000000000000000000000000
00000000000000000000000000000000000000000000000000000000000000000001110000000000000000000000000000000000000000000000000011000001110010100000000000000000000000000000000000000000000000000000000000000000
00000000000000000000000000000000000000000000000000000000000000000111111000000000000000000000000000000000000000000000000000010011100011010000000000000000000000000000000000000000000000000000000000000000
00000000000000000000000000000000000000000000000000000000000000000101100000000000000000000000000000000000000000000000000001011101110110100000000000000000000000000000000000000000000000000000000000000000
00000000000000000000000000000000000000000000000000000000000000001011100100000000000000000000000000000000000000000000000000100010111000000000000000000000000000000000000000000000000000000000000000000000
00000000000000000000000000000000000000000000000000000000000000000011000000000000000000000000000000000000000000000000000001001101110011100000000000000000000000000000000000000000000000000000000000000000
00000000000000000000000000000000000000000000000000000000000000001111110100000000000000000000000000000000000000000000000000001010111010000000000000000000000000000000000000000000000000000000000000000000
00000000000000000000000000000000000000000000000000000000000000001110001000000000000000000000000000000000000000000000000001000010011001010000000000000000000000000000000000000000000000000000000000000000
00000000000000000000000000000000000000000000000000000000101000101101100000000000000000000000000000000000000000000000000000000000111000010000000000000000000000000000001100000000000000000000000000000000
00000000000000000000000000000000000000000000000000000000101111111110010000000000000000000000000000000000000000000000000000000000011001100000000000000000000000000000001100000000000000000000000000000000
00000000000000000000000000000000000000000000000000000000010010111010100100000000000000000000000000000000000000000000000000000000011100110000000000000000000000000000001100000000000000000000000000000000
00000000000000000000000000000000000000000000000000000000000110111000011000000000000000000000000000000000000000000000000000000000101101000000000000000000000000000000001100000000000000000000000000000000
00000000000000000000000000000000000000000000000000000000100101110010110100000000000000000000000000000000000000000000000000000000011110010000000000000000000000000000001100000000000000000000000000000000
00000000000000000000000000000000000000000000000000000000001011110001100000000000000000000000000000000000000000000000000000000000001110100000000000000000000000000000011100000000000000000000000000000000
00000000000000000000000000000000000000000000000000000000010111100111001000000000000000000000000000000000000000000000000000000000101101000000000000000000000000000000011100000000000000000000000000000000
00000000000000000000000000000000000000000000000000000000101111101010110100000000000000000000000000000000000000000000000000000000001110100000000000000000000000000000011100000000000000000000000000000000
00000000000000000000000000000000000000000000000001010001111110100000000000000000000000000000000000000000000000000000000000000000010110010000000000000000000000000000001100000000000000000000000000000000
00000000000000000000000000000000000000000000000000110101111101100000000000000000000000000000000000000000000000000000000000000000000110100000000000000000000000000000001100000000000000000000000000000000
00000000000000000000000000000000000000000000000011000101111000010000000000000000000000000000000000000000000000000000000000000000010110000000000000000000000000000000001100000000000000000000000000000000
00000000000000000000000000000000000000000000000000100011111101000000000000000000000000000000000000000000000000000000000000000000011111010000000000000000000000000000001100000000000000000000000000000000
00000000000000000000000000000000000000000000000010110101111000100000000000000000000000000000000000000000000000000000000000000000101011010000000000000000000000000000001100000000000000000000000000000000
00000000000000000000000000000000000000000000000001001111110010010000000000000000000000000000000000000000000000000000000000000000010111100000000000000000000000000000001100000000000000000000000000000000
00000000000000000000000000000000000000000000000010100111001101010000000000000000000000000000000000000000000000000000000000000000000111010000000000000000000000000000001100000000000000000000000000000000
00000000000000000000000000000000000000000000000001011111100100100000000000000000000000000000000000000000000000000000000000000000011011000000000000000000000000000000001100000000000000000000000000000000
00000000000000001110000000000000000000000001001010011100000000000000000000000000000000000000000000000000000000000000000000000000011011000000000000000000000000000000001100000000000000000000000000000000
00000000000000001110000000000000000000000100010101011001000000000000000000000000000000000000000000000000000000000000000000000000000111100000000000000000000000000000001100000000000000000000000000000000
00000000000000001110000000000000000000001110001111111101000000000000000000000000000000000000000000000000000000000000000000000000110011010000000000000000000000000000001100000000000000000000000000000000
00000000000000001110000000000000000000000010101001110101000000000000000000000000000000000000000000000000000000000000000000000000101111100000000000000000000000000000001100000000000000000000000000000000
00000000000000001110000000000000000000001001010111111000000000000000000000000000000000000000000000000000000000000000000000000000010011100000000000000000000000000000001100000000000000000000000000000000
00000000000000001110000000000000000000000110101111010101000000000000000000000000000000000000000000000000000000000000000000000000011001110000000000000000000000000000001100000000000000000000000000000000
00000000000000001110000000000000000000001100111110101001000000000000000000000000000000000000000000000000000000000000000000000000101001110000000000000000000000000000001100000000000000000000000000000000
00000000000000001110000000000000000000000011111000000110000000000000000000000000000000000000000000000000000000000000000000000000010000110000000000000000000000000000001100000000000000000000000000000000
00000000000000001110000000000000000000000001110000000000000000000000000000000000000000000000000000000000000000000000000000000000011000110110010000000000000000000000011100000000000000000000000000000000
00000000000000001110000000000000000000001011101000000000000000000000000000000000000000000000000000000000000000000000000000000000101001111001100100000000000000000000000100000000000000000000000000000000
00000000000000001110000000000000000000001101110100000000000000000000000000000000000000000000000000000000000000000000000000000000010010011011010000000000000000000000000000000000000000000000000000000000
00000000000000001111000000000000000000000011110000000000000000000000000000000000000000000000000000000000000000000000000000000000100011111000100100000000000000000000001100000000000000000000000000000000
00000000000000001111100000000000000010001111101000000000000000000000000000000000000000000000000000000000000000001111111100000000101100011101110000000000000000001111111100000000000000000000000000000000
00000000000000001111111100000000000111001110011100000000000000000000000000000000000000000000000000000000000000001111111100000000001010111111001000000000000000001111111100000000000000000000000000000000
00000000000000001111111100000000000111111101100000000000000000000000000000000000000000000000000000000000000000000001111100000000100100001100101000000000000000001111111100000000000000000000000000000000
00000000000000001111111100000000001111111110010000000000000000000000000000000000000000000000000000000000000000000000111100000000011010101101001000000000000000001111111100000000000000000000000000000000
00000000000000000000000000000000101100011110011000000000000000000000000000000000000000000000000000000000000000000000000000000000000000001101010000000000000000000000000000000000000000000000000000000000
00000000000000000000000000000000010011101101101100000000000000000000000000000000000000000000000000000000000000000000000000000000000000001110010100000000000000000000000000000000000000000000000000000000
00000000000000000000000000000000000110001111000000000000000000000000000000000000000000000000000000000000000000000000000000000000000000000110010100000000000000000000000000000000000000000000000000000000
00000000000000000000000000000000101101001110010000000000000000000000000000000000000000000000000000000000000000000000000000000000000000000111101000000000000000000000000000000000000000000000000000000000
00000000000000000000000000000000011000011101110100000000000000000000000000000000000000000000000000000000000000000000000000000000000000001011000100000000000000000000000000000000000000000000000000000000
00000000000000000000000000000000100101011111001000000000000000000000000000000000000000000000000000000000000000000000000000000000000000000111110000000000000000000000000000000000000000000000000000000000
00000000000000000000000000000000001001111001110100000000000000000000000000000000000000000000000000000000000000000000000000000000000000001001100100000000000000000000000000000000000000000000000000000000
00000000000000000000000000000000100110111000010100000000000000000000000000000000000000000000000000000000000000000000000000000000000000000110111000000000000000000000000000000000000000000000000000000000
00000000000000000000000000000000001010111011000100100010000000000000000000000000000000000000000000000000000000000000000000000000000000000100110010010100000000000000000000000000000000000000000000000000
00000000000000000000000000000000010111111111111000100101000000000000000000000000000000000000000000000000000000000000000000000000000000001001111100101010000000000000000000000000000000000000000000000000
00000000000000000000000000000000101000111111110101100010000000000000000000000000000000000000000000000000000000000000000000000000000000001001111000110100000000000000000000000000000000000000000000000000
00000000000000000000000000000000001011001000111100001010000000000000000000000000000000000000000000000000000000000000000000000000000000000111111000101001000000000000000000000000000000000000000000000000
00000000000000000000000000000000100100110011001111010001000000000000000000000000000000000000000000000000000000000000000000000000000000001000011100101110000000000000000000000000000000000000000000000000
00000000000000000000000000000000000000100100111111100000000000000000000000000000000000000000000000000000000000000000000000000000000000000101101100010010000000000000000000000000000000000000000000000000
00000000000000000000000000000000111011011001010111111101000000000000000000000000000000000000000000000000000000000000000000000000000000000010001111000101000000000000000000000000000000000000000000000000
00000000000000000000000000000000100101100100101101011110000000000000000000000000000000000000000000000000000000000000000000000000000000000000110110111000000000000000000000000000000000000000000000000000
00000000000000000000000000000000000000000000000001000111110011001110000010110100000000000000000000000000000000000000000000000000000000000000000011001010000000000000000000000000000000000000000000000000
00000000000000000000000000000000000000000000000010001011111110100000100001000011000000000000000000000000000000000000000000000000000000000000000011100110000000000000000000000000000000000000000000000000
00000000000000000000000000000000000000000000000001010110011111101010011010110100000000000000000000000000000000000000000000000000000000000000000001110010000000000000000000000000000000000000000000000000
00000000000000000000000000000000000000000000000001101000100011111101001000001010000000000000000000000000000000000000000000000000000000000000000011101001000000000000000000000000000000000000000000000000
00000000000000000000000000000000000000000000000000100101001000111111101010110001000000000000000000000000000000000000000000000000000000000000000001101101000000000000000000000000000000000000000000000000
00000000000000000000000000000000000000000000000010011110010010010111111100010100000000000000000000000000000000000000000000000000000000000000000011110010000000000000000000000000000000000000000000000000
00000000000000000000000000000000000000000000000001010100001110101010111111100101000000000000000000000000000000000000000000000000000000000000000011111001000000000000000000000000000000000000000000000000
00000000000000000000000000000000000000000000000010010101100101100000001111111110000000000000000000000000000000000000000000000000000000000000000000110010000000000000000000000000000000000000000000000000
00000000000000000000000000000000000000000000000000000000000000000000000001011111110010010101001001011010000000000000000000000000000000000000000001111010000000000000000000000000000000000000000000000000
00000000000000000000000000000000000000000000000000000000000000000000000010101011111011000110110110101100000000000000000000000000000000000000000010011101000000000000000000000000000000000000000000000000
00000000000000000000000000000000000000000000000000000000000000000000000001010010011111011010000011000101000000000000000000000000000000000000000001111000000000000000000000000000000000000000000000000000
00000000000000000000000000000000000000000000000000000000000000000000000011001001000111110101110100011100000000000000000000000000000000000000000001011010000000000000000000000000000000000000000000000000
00000000000000000000000000000000000000000000000000000000000000000000000010110011101011111111001011110101000000000000000000000000000000000000000010111101000000000000000000000000000000000000000000000000
00000000000000000000000000000000000000000000000000000000000000000000000010100110011010001111111000010010000000000000000000000000000000000000000001001110000000000000000000000000000000000000000000000000
00000000000000000000000000000000000000000000000000000000000000000000000001010001000110111011111111110001000000000000000000000000000000000000000011101101000000000000000000000000000000000000000000000000
00000000000000000000000000000000000000000000000000000000000000000000000000100100001001100100011111111101000000000000000000000000000000000000000000011100000000000000000000000000000000000000000000000000
00000000000000000000000000000000000000000000000000000000000000000000000000000000000000000000000000111111111000100101011010100110010000001001010110011111011001010000000000000000000000000000000000000000
00000000000000000000000000000000000000000000000000000000000000000000000000000000000000000000000010001111111111011000001001010001101000100110101001010110100110000000000000000000000000000000000000000000
00000000000000000000000000000000000000000000000000000000000000000000000000000000000000000000000001000000011111111111111101100101010111011011000110000111011001010000000000000000000000000000000000000000
00000000000000000000000000000000000000000000000000000000000000000000000000000000000000000000000010101111010011111111111111110010011001001101101000101110010110100000000000000000000000000000000000000000
00000000000000000000000000000000000000000000000000000000000000000000000000000000000000000000000000111000101110101011000111111111111100010100010101001111101010010000000000000000000000000000000000000000
00000000000000000000000000000000000000000000000000000000000000000000000000000000000000000000000010100010000001010010010010111111111111101010001110100011100101110000000000000000000000000000000000000000
00000000000000000000000000000000000000000000000000000000000000000000000000000000000000000000000010110101101101100000001000010110101111110001010010010111011010010000000000000000000000000000000000000000
00000000000000000000000000000000000000000000000000000000000000000000000000000000000000000000000001001010010010100010100100100000010010111110001001101011100100100000000000000000000000000000000000000000
00000000000000000000000000000000000000000000000000000000000000000000000000000000000000000000000000000000000000000000000000000000000000001111111101001001101001010000000000000000000000000000000000000000
00000000000000000000000000000000000000000000000000000000000000000000000000000000000000000000000000000000000000000000000000000000000000001011111111111111100110100000000000000000000000000000000000000000
00000000000000000000000000000000000000000000000000000000000000000000000000000000000000000000000000000000000000000000000000000000000000000000010111111111111000010000000000000000000000000000000000000000
00000000000000000000000000000000000000000000000000000000000000000000000000000000000000000000000000000000000000000000000000000000000000000101000010010111001111010000000000000000000000000000000000000000
00000000000000000000000000000000000000000000000000000000000000000000000000000000000000000000000000000000000000000000000000000000000000000100000000001010100010000000000000000000000000000000000000000000
00000000000000000000000000000000000000000000000000000000000000000000000000000000000000000000000000000000000000000000000000000000000000001010101010100110010101100000000000000000000000000000000000000000
00000000000000000000000000000000000000000000000000000000000000000000000000000000000000000000000000000000000000000000000000000000000000000101001000011001001010010000000000000000000000000000000000000000
00000000000000000000000000000000000000000000000000000000000000000000000000000000000000000000000000000000000000000000000000000000000000000000100010100110101001000000000000000000000000000000000000000000
00000000000000000000000000000000000000000000000000000000000000000000000000000000000000000000000000000000000000000000000000000000000000000000000000000000000000000000000000000000000000000000000000000000
00000000000000000000000000000000000000000000000000000000000000000000000000000000000000000000000000000000000000000000000000000000000000000000000000000000000000000000000000000000000000000000000000000000
00000000000000000000000000000000000000000000000000000000000000000000000000000000000000000000000000000000000000000000000000000000000000000000000000000000000000000000000000000000000000000000000000000000
00000000000000000000000000000000000000000000000000000000000000000000000000000000000000000000000000000000000000000000000000000000000000000000000000000000000000000000000000000000000000000000000000000000
00000000000000000000000000000000000000000000000000000000000000000000000000000000000000000000000000000000000000000000000000000000000000000000000000000000000000000000000000000000000000000000000000000000
00000000000000000000000000000000000000000000000000000000000000000000000000000000000000000000000000000000000000000000000000000000000000000000000000000000000000000000000000000000000000000000000000000000
00000000000000000000000000000000000000000000000000000000000000000000000000000000000000000000000000000000000000000000000000000000000000000000000000000000000000000000000000000000000000000000000000000000
00000000000000000000000000000000000000000000000000000000000000000000000000000000000000000000000000000000000000000000000000000000000000000000000000000000000000000000000000000000000000000000000000000000
