200 200
00000000000000000000000000000000000000000000000000000000000000000000000000000000000000000000000000000000000000000000000000000000000000000000000000000000000000000000000000000000000000000000000000000000
00000000000000000000000000000000000000000000000000000000000000000000000000000000000000000000000000000000000000000000000000000000000000000000000000000000000000000000000000000000000000000000000000000000
00000000000000000000000000000000000000000000000000000000000000000000000000000000000000000000000000000000000000000000000000000000000000000000000000000000000000000000000000000000000000000000000000000000
00000000000000000000000000000000000000000000000000000000000000000000000000000000000000000000000000000000000000000000000000000000000000000000000000000000000000000000000000000000000000000000000000000000
00000000000000000000000000000000000000000000000000000000000000000000000000000000000000000000000000000000000000000000000000000000000000000000000000000000000000000000000000000000000000000000000000000000
00000000000000000000000000000000000000000000000000000000000000000000000000000000000000000000000000000000000000000000000000000000000000000000000000000000000000000000000000000000000000000000000000000000
00000000000000000000000000000000000000000000000000000000000000000000000000000000000000000000000000000000000000000000000000000000000000000000000000000000000000000000000000000000000000000000000000000000
00000000000000000000000000000000000000000000000000000000000000000000000000000000000000000000000000000000000000000000000000000000000000000000000000000000000000000000000000000000000000000000000000000000
00000000000000000000000000000000000000000000000000000000000000000000000000000000000000000000000000000000000000000000000000000000000000000000000000000000000000000000000000000000000000000000000000000000
00000000000000000000000000000000000000000000000000000000000000000000000000000000000000000000000000000000000000000000000000000000000000000000000000000000000000000000000000000000000000000000000000000000
00000000000000000000000000000000000000000000000000000000000000000000000000000000000000000000000000000000000000000000000000000000000000000000000000000000000000000000000000000000000000000000000000000000
00000000000000000000000000000000000000000000000000000000000000000000000000000000000000000000000000000000000000000000000000000000000000000000000000000000000000000000000000000000000000000000000000000000
00000000000000000000000000000000000000000000000000000000000000000000000000000000000000000000000000000000000000000000000000000000000000000000000000000000000000000000000000000000000000000000000000000000
00000000000000000000000000000000000000000000000000000000000000000000000000000000000000000000000000000000000000000000000000000000000000000000000000000000000000000000000000000000000000000000000000000000
00000000000000000000000000000000000000000000000000000000000000000000000000000000000000000000000000000000000000000000000000000000000000000000000000000000000000000000000000000000000000000000000000000000
00000000000000000000000000000000000000000000000000000000000000000000000000000000000000000000000000000000000000000000000000000000000000000000000000000000000000000000000000000000000000000000000000000000
00000000000000000000000000000000000000000000000000000000000000000000000000000000000000000000000000000000000000000000000000000000000000000000000000000000000000000000000000000000000000000000000000000000
00000000000000000000000000000000000000000000000000000000000000000000000000000000000000000000000000000000000000000000000000000000000000000000000000000000000000000000000000000000000000000000000000000000
00000000000000000000000000000000000000000000000000000000000000000000000000000000000000000000000000000000000000000000000000000000000000000000000000000000000000000000000000000000000000000000000000000000
00000000000000000000000000000000000000000000000000000000000000000000000000000000000000000000000000000000000000000000000000000000000000000000000000000000000000000000000000000000000000000000000000000000
00000000000000000000000000000000000000000000000000000000000000000000000000000000000000000000000000000000000000000000000000000000000000000000000000000000000000000000000000000000000000000000000000000000
00000000000000000000000000000000000000000000000000000000000000000000000000000000000000000000000000000000000000000000000000000000000000000000000000000000000000000000000000000000000000000000000000000000
00000000000000000000000000000000000000000000000000000000000000000000000000000000000000000000000000000000000000000000000000000000000000000000000000000000000000000000000000000000000000000000000000000000
00000000000000000000000000000000000000000000000000000000000000000000000000000000000000000000000000000000000000000000000000000000000000000000000000000000000000000000000000000000000000000000000000000000
00000000000000000000000000000000000000000000000000000000000000000000000000000000000000000000000000000000000000000000000000000000000000000000000000000000000000000000000000000000000000000000000000000000
00000000000000000000000000000000000000000000000000000000000000000000000000000000000000000000000000000000000000000000000000000000000000000000000000000000000000000000000000000000000000000000000000000000
00000000000000000000000000000000000000000000000000000000000000000000000000000000000000000000000000000000000000000000000000000000000000000000000000000000000000000000000000000000000000000000000000000000
00000000000000000000000000000000000000000000000000000000000000000000000000000000000000000000000000000000000000000000000000000000000000000000000000000000000000000000000000000000000000000000000000000000
00000000000000000000000000000000000000000000000000000000000000000000000000000000000000000000000000000000000000000000000000000000000000000000000000000000000000000000000000000000000000000000000000000000
00000000000000000000000000000000000000000000000000000000000000000000000000000000000000000000000000000000000000000000000000000000000000000000000000000000000000000000000000000000000000000000000000000000
00000000000000000000000000000000000000000000000000000000000000000000000000000000000000000000000000000000000000000000000000000000000000000000000000000000000000000000000000000000000000000000000000000000
00000000000000000000000000000000000000000000000000000000000000000000000000000000000000000000000000000000000000000000000000000000000000000000000000000000000000000000000000000000000000000000000000000000
00000000000000000000000000000000000000000000000000000000000000000000000000000000000000000101101001000010000000000000000000000000000000000000000000000000000000000000000000000000000000000000000000000000
00000000000000000000000000000000000000000000000000000000000000000000000000000000000000001010010110100001000000000000000000000000000000000000000000000000000000000000000000000000000000000000000000000000
00000000000000000000000000000000000000000000000000000000000000000000000000000000000000000101110100101100000000000000000000000000000000000000000000000000000000000000000000000000000000000000000000000000
00000000000000000000000000000000000000000000000000000000000000000000000000000000000000001100011110010011000000000000000000000000000000000000000000000000000000000000000000000000000000000000000000000000
00000000000000000000000000000000000000000000000000000000000000000000000000000000000000000011111110011000000000000000000000000000000000000000000000000000000000000000000000000000000000000000000000000000
00000000000000000000000000000000000000000000000000000000000000000000000000000000000000001010011101000110000000000000000000000000000000000000000000000000000000000000000000000000000000000000000000000000
00000000000000000000000000000000000000000000000000000000000000000000000000000000000000001100111110100101000000000000000000000000000000000000000000000000000000000000000000000000000000000000000000000000
00000000000000000000000000000000000000000000000000000000000000000000000000000000000000000110111111001010000000000000000000000000000000000000000000000000000000000000000000000000000000000000000000000000
00000000000000000000000000000000000000000000000000000000000000000000000000000000000000000010011111000010000000000000000000000000000000000000000000000000000000000000000000000000000000000000000000000000
00000000000000000000000000000000000000000000000000000000000000000000000000000000000000000101111011101001000000000000000000000000000000000000000000000000000000000000000000000000000000000000000000000000
00000000000000000000000000000000000000000000000000000000000000000000000000000000000000001000110001100011000000000000000000000000000000000000000000000000000000000000000000000000000000000000000000000000
00000000000000000000000000000000000000000000000000000000000000000000000000000000000000000011110111111100000000000000000000000000000000000000000000000000000000000000000000000000000000000000000000000000
00000000000000000000000000000000000000000000000000000000000000000000000000000000000000001100111010011011000000000000000000000000000000000000000000000000000000000000000000000000000000000000000000000000
00000000000000000000000000000000000000000000000000000000000000000000000000000000000000000001110101011110000000000000000000000000000000000000000000000000000000000000000000000000000000000000000000000000
00000000000000000000000000000000000000000000000000000000000000000000000000000000000000001101101010101100000000000000000000000000000000000000000000000000000000000000000000000000000000000000000000000000
00000000000000000000000000000000000000000000000000000000000000000000000000000000000000001001111001101101000000000000000000000000000000000000000000000000000000000000000000000000000000000000000000000000
00000000000000000000000000000000000000000000000000000000000000000000000000000000000000000111011001011111010010010000000000000000000000000000000000000000000000000000000000000000000000000000000000000000
00000000000000000000000000000000000000000000000000000000000000000000000000000000000000000011001010101111010011000000000000000000000000000000000000000000000000000000000000000000000000000000000000000000
00000000000000000000000000000000000000000000000000000000000000000000000000000000000000001011010101001111111010100000000000000000000000000000000000000000000000000000000000000000000000000000000000000000
00000000000000000000000000000000000000000000000000000000000000000000000000000000000000000111010010110001101001110000000000000000000000000000000000000000000000000000000000000000000000000000000000000000
00000000000000000000000000000000000000000000000000000000000000000000000000000000000000001011100100100011110010000000000000000000000000000000000000000000000000000000000000000000000000000000000000000000
00000000000000000000000000000000000000000000000000000000000000000000000000000000000000000111001011000101110100110000000000000000000000000000000000000000000000000000000000000000000000000000000000000000
00000000000000000000000000000000000000000000000000000000000000000000000000000000000000001110011010110000111100100000000000000000000000000000000000000000000000000000000000000000000000000000000000000000
00000000000000000000000000000000000000000000000000000000000000000000000000000000000000001110011001010111111001010000000000000000000000000000000000000000000000000000000000000000000000000000000000000000
00000000000000000000000000000000000000000000000000000000000000000000000000000000001000101100010100000000111110100000000000000000000000000000000000000000000000000000000000000000000000000000000000000000
00000000000000000000000000000000000000000000000000000000000000000000000000000000010110011111000000000000001110000000000000000000000000000000000000000000000000000000000000000000000000000000000000000000
00000000000000000000000000000000000000000000000000000000000000000000000000000000001101011110111100000000101110010000000000000000000000000000000000000000000000000000000000000000000000000000000000000000
00000000000000000000000000000000000000000000000000000000000000000000000000000000010011111001000000000000011101000000000000000000000000000000000000000000000000000000000000000000000000000000000000000000
00000000000000000000000000000000000000000000000000000000000000000000000000000000010101110010110000000000011110100000000000000000000000000000000000000000000000000000000000000000000000000000000000000000
00000000000000000000000000000000000000000000000000000000000000000000000000000000101111111000101100000000100110100000000000000000000000000000000000000000000000000000000000000000000000000000000000000000
00000000000000000000000000000000000000000000000000000000000000000000000000000000010011100011110000000000101111100000000000000000000000000000000000000000000000000000000000000000000000000000000000000000
00000000000000000000000000000000000000000000000000000000000000000000000000000000000111010100101000000000000011000000000000000000000000000000000000000000000000000000000000000000000000000000000000000000
00000000000000000000000000000000000000000000000000000000000000000000000000000000000111010000000000000000001011100000000000000000000000000000000000000000000000000000000000000000000000000000000000000000
00000000000000000000000000000000000000000000000000000000000000000000000000000000100110100000000000000000100111010000000000000000000000000000000000000000000000000000000000000000000000000000000000000000
00000000000000000000000000000000000000000000000000000000000000000000000000000000101110100000000000000000011011100000000000000000000000000000000000000000000000000000000000000000000000000000000000000000
00000000000000000000000000000000000000000000000000000000000000000000000000000000001101010000000000000000000101110000000000000000000000000000000000000000000000000000000000000000000000000000000000000000
00000000000000000000000000000000000000000000000000000000000000000000000000000000011110000000000000000000010101100000000000000000000000000000000000000000000000000000000000000000000000000000000000000000
00000000000000000000000000000000000000000000000000000000000000000000000000000000011101010000000000000000101001110000000000000000000000000000000000000000000000000000000000000000000000000000000000000000
00000000000000000000000000000000000000000000000000000000000000000000000000000000111001010000000000000000100011100000000000000000000000000000000000000000000000000000000000000000000000000000000000000000
00000000000000000000000000000000000000000000000000000000000000000000000000000000110010000000000000000000010011100000000000000000000000000000000000000000000000000000000000000000000000000000000000000000
00000000000000000000000000000000000000000000000000000000000000000000000001001001110110000000000000000000000001111000110100000000000000000000000000000000000000000000000000000000000000000000000000000000
00000000000000000000000000000000000000000000000000000000000000000000000000110101101001010000000000000000010101110111001000000000000000000000000000000000000000000000000000000000000000000000000000000000
00000000000000000000000000000000000000000000000000000000000000000000000010111011010000100000000000000000101010110001100000000000000000000000000000000000000000000000000000000000000000000000000000000000
00000000000000000000000000000000000000000000000000000000000000000000000001001111100110000000000000000000010101110010110100000000000000000000000000000000000000000000000000000000000000000000000000000000
00000000000000000000000000000000000000000000000000000000000000000000000010110111100100110000000000000000100010111000011000000000000000000000000000000000000000000000000000000000000000000000000000000000
00000000000000000000000000000000000000000000000000000000000000000000000011001101001011000000000000000000001100111010100100000000000000000000000000000000000000000000000000000000000000000000000000000000
00000000000000000000000000000000000000000000000000000000000000000000000001111100101000010000000000000000010010011110010000000000000000000000000000000000000000000000000000000000000000000000000000000000
00000000000000000000000000000000000000000000000000000000000000000000000010011001010001100000000000000000001001101101100100000000000000000000000000000000000000000000000000000000000000000000000000000000
00000000000000000000000000000000000000000000000000000000000000000000000010111100000000000000000000000000000000001111011000000000000000000000000000000000000000000000000000000000000000000000000000000000
00000000000000000000000000000000000000000000000000000000000000000000000001111011000000000000000000000000000000001100101100000000000000000000000000000000000000000000000000000000000000000000000000000000
00000000000000000000000000000000000000000000000000000000000000000000000010110110000000000000000000000000000000001100001000000000000000000000000000000000000000000000000000000000000000000000000000000000
00000000000000000000000000000000000000000000000000000000000000000000000000110010000000000000000000000000000000001110100100000000000000000000000000000000000000000000000000000000000000000000000000000000
00000000000000000000000000000000000000000000000000000000000000000000000011100010000000000000000000000000000000001111010100000000000000000000000000000000000000000000000000000000000000000000000000000000
00000000000000000000000000000000000000000000000000000000000000000000000001111001000000000000000000000000000000000011101000000000000000000000000000000000000000000000000000000000000000000000000000000000
00000000000000000000000000000000000000000000000000000000000000000000000001100100000000000000000000000000000000001011011000000000000000000000000000000000000000000000000000000000000000000000000000000000
00000000000000000000000000000000000000000000000000000000000000000000000011001010000000000000000000000000000000000111100100000000000000000000000000000000000000000000000000000000000000000000000000000000
00000000000000000000000000000000000000000000000000000000000000001001001011110110000000000000000000000000000000000101100000000000000000000000000000000000000000000000000000000000000000000000000000000000
00000000000000000000000000000000000000000000000000000000000000000011001011001010000000000000000000000000000000001011101000000000000000000000000000000000000000000000000000000000000000000000000000000000
00000000000000000000000000000000000000000000000000000000000000000101011111110101000000000000000000000000000000000001110000000000000000000000000000000000000000000000000000000000000000000000000000000000
00000000000000000000000000000000000000000000000000000000000000001110010110111100000000000000000000000000000000000110111000000000000000000000000000000000000000000000000000000000000000000000000000000000
00000000000000000000000000000000000000000000000000000000000000000001001110001101000000000000000000000000000000000001111100000000000000000000000000000000000000000000000000000000000000000000000000000000
00000000000000000000000000000000000000000000000000000000000000001100101100110000000000000000000000000000000000001110011000000000000000000000000000000000000000000000000000000000000000000000000000000000
00000000000000000000000000000000000000000000000000000000000000000100111110101110000000000000000000000000000000001010011100000000000000000000000000000000000000000000000000000000000000000000000000000000
00000000000000000000000000000000000000000000000000000000000000001010011111101010000000000000000000000000000000000010111100000000000000000000000000000000000000000000000000000000000000000000000000000000
00000000000000000000000000000000000000000000000000000000000000000100111000000000000000000000000000000000000000000001101110100010000000000000000000000000000000000000000000000000000000000000000000000000
00000000000000000000000000000000000000000000000000000000000000000110110000000000000000000000000000000000000000001010010111001001000000000000000000000000000000000000000000000000000000000000000000000000
00000000000000000000000000000000000000000000000000000000000000001001111000000000000000000000000000000000000000000100001011010100000000000000000000000000000000000000000000000000000000000000000000000000
00000000000000000000000000000000000000000000000000000000000000000011100000000000000000000000000000000000000000000001100111110111000000000000000000000000000000000000000000000000000000000000000000000000
00000000000000000000000000000000000000000000000000000000000000000111110100000000000000000000000000000000000000001100100111110010000000000000000000000000000000000000000000000000000000000000000000000000
00000000000000000000000000000000000000000000000000000000000000001111101000000000000000000000000000000000000000000011010001111010000000000000000000000000000000000000000000000000000000000000000000000000
00000000000000000000000000000000000000000000000000000000000000000111010100000000000000000000000000000000000000001000010101111101000000000000000000000000000000000000000000000000000000000000000000000000
00000000000000000000000000000000000000000000000000000000000000000111010000000000000000000000000000000000000000000110001010001100000000000000000000000000000000000000000000000000000000000000000000000000
00000000000000000000000000000000000000000000000000000000001010011110010000000000000000000000000000000000000000000000000010101110101101010000000000000000000000000000000000000000000000000000000000000000
00000000000000000000000000000000000000000000000000000000010101000110101000000000000000000000000000000000000000000000000001101101011010000000000000000000000000000000000000000000000000000000000000000000
00000000000000000000000000000000000000000000000000000000001011000110010100000000000000000000000000000000000000000000000000001110110101100000000000000000000000000000000000000000000000000000000000000000
00000000000000000000000000000000000000000000000000000000100101001110010100000000000000000000000000000000000000000000000001100111101100000000000000000000000000000000000000000000000000000000000000000000
00000000000000000000000000000000000000000000000000000000011101001110111000000000000000000000000000000000000000000000000010010111000101100000000000000000000000000000000000000000000000000000000000000000
00000000000000000000000000000000000000000000000000000000010010001101000000000000000000000000000000000000000000000000000001001011110011010000000000000000000000000000000000000000000000000000000000000000
00000000000000000000000000000000000000000000000000000000101000111110011000000000000000000000000000000000000000000000000010110011101100010000000000000000000000000000000000000000000000000000000000000000
00000000000000000000000000000000000000000000000000000000000111011010100000000000000000000000000000000000000000000000000000101101110100000000000000000000000000000000000000000000000000000000000000000000
00000000000000000000000000000000000000000000000000000000010100110000000000000000000000000000000000000000000000000000000000000000110010100000000000000000000000000000001100000000000000000000000000000000
00000000000000000000000000000000000000000000000000000000001011110000000000000000000000000000000000000000000000000000000000000000011010010000000000000000000000000000001100000000000000000000000000000000
00000000000000000000000000000000000000000000000000000000110011100000000000000000000000000000000000000000000000000000000000000000111100100000000000000000000000000000001100000000000000000000000000000000
00000000000000000000000000000000000000000000000000000000001101110000000000000000000000000000000000000000000000000000000000000000101111100000000000000000000000000000001100000000000000000000000000000000
00000000000000000000000000000000000000000000000000000000101001100000000000000000000000000000000000000000000000000000000000000000011111010000000000000000000000000000001100000000000000000000000000000000
00000000000000000000000000000000000000000000000000000000010111100000000000000000000000000000000000000000000000000000000000000000010110000000000000000000000000000000011100000000000000000000000000000000
00000000000000000000000000000000000000000000000000000000011011010000000000000000000000000000000000000000000000000000000000000000000111100000000000000000000000000000011100000000000000000000000000000000
00000000000000000000000000000000000000000000000000000000010111100000000000000000000000000000000000000000000000000000000000000000001111010000000000000000000000000000011100000000000000000000000000000000
00000000000000000000000000000000000000000000000000000000001111100000000000000000000000000000000000000000000000000000000000000000000111001000110100000000000000000000001100000000000000000000000000000000
00000000000000000000000000000000000000000000000000000000110110010000000000000000000000000000000000000000000000000000000000000000101011100111001000000000000000000000001100000000000000000000000000000000
00000000000000000000000000000000000000000000000000000000000111000000000000000000000000000000000000000000000000000000000000000000000101100001100000000000000000000000001100000000000000000000000000000000
00000000000000000000000000000000000000000000000000000000110110010000000000000000000000000000000000000000000000000000000000000000110011110010110100000000000000000000001100000000000000000000000000000000
00000000000000000000000000000000000000000000000000000000000111000000000000000000000000000000000000000000000000000000000000000000011000111000011000000000000000000000001100000000000000000000000000000000
00000000000000000000000000000000000000000000000000000000011110100000000000000000000000000000000000000000000000000000000000000000100100111010100100000000000000000000001100000000000000000000000000000000
00000000000000000000000000000000000000000000000000000000100111010000000000000000000000000000000000000000000000000000000000000000101001011110010000000000000000000000001100000000000000000000000000000000
00000000000000000000000000000000000000000000000000000000101110110000000000000000000000000000000000000000000000000000000000000000000111011101100100000000000000000000001100000000000000000000000000000000
00000000000000001110000000000000000000000000000010100110101101000000000000000000000000000000000000000000000000000000000000000000000000001111001100000000000000000000001100000000000000000000000000000000
00000000000000001110000000000000000000000000000000011001011100100000000000000000000000000000000000000000000000000000000000000000000000000110101000000000000000000000001100000000000000000000000000000000
00000000000000001110000000000000000000000000000010100110111001010000000000000000000000000000000000000000000000000000000000000000000000001110110100000000000000000000001100000000000000000000000000000000
00000000000000001110000000000000000000000000000001011010011011010000000000000000000000000000000000000000000000000000000000000000000000001111001000000000000000000000001100000000000000000000000000000000
00000000000000001110000000000000000000000000000010010101011100100000000000000000000000000000000000000000000000000000000000000000000000000011101000000000000000000000001100000000000000000000000000000000
00000000000000001110000000000000000000000000000011101001111010110000000000000000000000000000000000000000000000000000000000000000000000001001110100000000000000000000001100000000000000000000000000000000
00000000000000001110000000000000000000000000000010010110110101000000000000000000000000000000000000000000000000000000000000000000000000000001110000000000000000000000001100000000000000000000000000000000
00000000000000001110000000000000000000000000000001001001111010100000000000000000000000000000000000000000000000000000000000000000000000001101111000000000000000000000001100000000000000000000000000000000
00000000000000001110000000000000000000000000000000000101101001010000000000000000000000000000000000000000000000000000000000000000000000000000011001001001000000000000011100000000000000000000000000000000
00000000000000001110000000000000000000000000000001010011100110100000000000000000000000000000000000000000000000000000000000000000000000001010111000110010000000000000000100000000000000000000000000000000
00000000000000001110000000000000000000000000000010110001111000010000000000000000000000000000000000000000000000000000000000000000000000001001011110010100000000000000000000000000000000000000000000000000
00000000000000001111000000000000000000000000000001011011001111010000000000000000000000000000000000000000000000000000000000000000000000001100001101010101000000000000001100000000000000000000000000000000
00000000000000001111100000000000000010000000000000000111100010000000000000000000000000000000000000000000000000001111111100000000000000001000101110101000000000001111111100000000000000000000000000000000
00000000000000001111111100000000000111000000000001110011010101100000000000000000000000000000000000000000000000001111111100000000000000000010001111010010000000001111111100000000000000000000000000000000
00000000000000001111111100000000000111110000000000010111001010010000000000000000000000000000000000000000000000000001111100000000000000000100110111100101000000001111111100000000000000000000000000000000
00000000000000001111111100000000001111110000000010100110101001000000000000000000000000000000000000000000000000000000111100000000000000001010011001101001000000001111111100000000000000000000000000000000
00000000000000000000000000000000000000000000000000100111000000000000000000000000000000000000000000000000000000000000000000000000000000000000000001111001000000000000000000000000000000000000000000000000
00000000000000000000000000000000000000000000000001001110000000000000000000000000000000000000000000000000000000000000000000000000000000000000000010111101000000000000000000000000000000000000000000000000
00000000000000000000000000000000000000000000000010101110000000000000000000000000000000000000000000000000000000000000000000000000000000000000000000111000000000000000000000000000000000000000000000000000
00000000000000000000000000000000000000000000000001001111000000000000000000000000000000000000000000000000000000000000000000000000000000000000000001011001000000000000000000000000000000000000000000000000
00000000000000000000000000000000000000000000000010011110000000000000000000000000000000000000000000000000000000000000000000000000000000000000000010111110000000000000000000000000000000000000000000000000
00000000000000000000000000000000000000000000000000101110000000000000000000000000000000000000000000000000000000000000000000000000000000000000000010011101000000000000000000000000000000000000000000000000
00000000000000000000000000000000000000000000000010011101000000000000000000000000000000000000000000000000000000000000000000000000000000000000000010100110000000000000000000000000000000000000000000000000
00000000000000000000000000000000000000000000000010111010000000000000000000000000000000000000000000000000000000000000000000000000000000000000000001011111000000000000000000000000000000000000000000000000
00000000000000000000000000000000000000000000000010011000000000000000000000000000000000000000000000000000000000000000000000000000000000000000000010100011010011010000000000000000000000000000000000000000
00000000000000000000000000000000000000000000000000011010000000000000000000000000000000000000000000000000000000000000000000000000000000000000000000001111101000100000000000000000000000000000000000000000
00000000000000000000000000000000000000000000000011011101000000000000000000000000000000000000000000000000000000000000000000000000000000000000000011110111101001000000000000000000000000000000000000000000
00000000000000000000000000000000000000000000000011011010000000000000000000000000000000000000000000000000000000000000000000000000000000000000000000001001110010010000000000000000000000000000000000000000
00000000000000000000000000000000000000000000000000111110000000000000000000000000000000000000000000000000000000000000000000000000000000000000000000110100111101000000000000000000000000000000000000000000
00000000000000000000000000000000000000000000000011110001000000000000000000000000000000000000000000000000000000000000000000000000000000000000000011010001011100010000000000000000000000000000000000000000
00000000000000000000000000000000000000000000000001111000000000000000000000000000000000000000000000000000000000000000000000000000000000000000000000111100111010100000000000000000000000000000000000000000
00000000000000000000000000000000000000000000000010110101000000000000000000000000000000000000000000000000000000000000000000000000000000000000000001010010011101000000000000000000000000000000000000000000
00000000000000000000000000000000000000000000000000110101000000000000000000000000000000000000000000000000000000000000000000000000000000000000000000000000001110000000000000000000000000000000000000000000
00000000000000000000000000000000000000000000000011111010000000000000000000000000000000000000000000000000000000000000000000000000000000000000000000000000011111110000000000000000000000000000000000000000
00000000000000000000000000000000000000000000000001111100000000000000000000000000000000000000000000000000000000000000000000000000000000000000000000000000100011100000000000000000000000000000000000000000
00000000000000000000000000000000000000000000000011100011111111111111111111111111111111111111111111111111111111111111111111111111111111111111111111111111010111010000000000000000000000000000000000000000
00000000000000000000000000000000000000000000000001101100000000000000000000000000000000000000000000000000000000000000000000000000000000000000000000000000011111100000000000000000000000000000000000000000
00000000000000000000000000000000000000000000000011110000000000000000000000000000000000000000000000000000000000000000000000000000000000000000000000000000001001110000000000000000000000000000000000000000
00000000000000000000000000000000000000000000000011100110000000000000000000000000000000000000000000000000000000000000000000000000000000000000000000000000010111110000000000000000000000000000000000000000
00000000000000000000000000000000000000000000000011111111111111111111111111111111111111111111111111111111111111111111111111111111111111111111111111111111111111110000000000000000000000000000000000000000
00000000000000000000000000000000000000000000000011111111111111111111111111111111111111111111111111111111111111111111111111111111111111111111111111111111111111110000000000000000000000000000000000000000
00000000000000000000000000000000000000000000000000000000000000000000000000000000000000000000000000000000000000000000000000000000000000000000000000000000000000000000000000000000000000000000000000000000
00000000000000000000000000000000000000000000000000000000000000000000000000000000000000000000000000000000000000000000000000000000000000000000000000000000000000000000000000000000000000000000000000000000
00000000000000000000000000000000000000000000000000000000000000000000000000000000000000000000000000000000000000000000000000000000000000000000000000000000000000000000000000000000000000000000000000000000
00000000000000000000000000000000000000000000000011111111111111111111111111111111111111111111111111111111111111111111111111111111111111111111111111111111111111110000000000000000000000000000000000000000
00000000000000000000000000000000000000000000000000000000000000000000000000000000000000000000000000000000000000000000000000000000000000000000000000000000000000000000000000000000000000000000000000000000
00000000000000000000000000000000000000000000000000000000000000000000000000000000000000000000000000000000000000000000000000000000000000000000000000000000000000000000000000000000000000000000000000000000
00000000000000000000000000000000000000000000000000000000000000000000000000000000000000000000000000000000000000000000000000000000000000000000000000000000000000000000000000000000000000000000000000000000
00000000000000000000000000000000000000000000000000000000000000000000000000000000000000000000000000000000000000000000000000000000000000000000000000000000000000000000000000000000000000000000000000000000
00000000000000000000000000000000000000000000000000000000000000000000000000000000000000000000000000000000000000000000000000000000000000000000000000000000000000000000000000000000000000000000000000000000
00000000000000000000000000000000000000000000000000000000000000000000000000000000000000000000000000000000000000000000000000000000000000000000000000000000000000000000000000000000000000000000000000000000
00000000000000000000000000000000000000000000000000000000000000000000000000000000000000000000000000000000000000000000000000000000000000000000000000000000000000000000000000000000000000000000000000000000
00000000000000000000000000000000000000000000000000000000000000000000000000000000000000000000000000000000000000000000000000000000000000000000000000000000000000000000000000000000000000000000000000000000
00000000000000000000000000000000000000000000000000000000000000000000000000000000000000000000000000000000000000000000000000000000000000000000000000000000000000000000000000000000000000000000000000000000
00000000000000000000000000000000000000000000000000000000000000000000000000000000000000000000000000000000000000000000000000000000000000000000000000000000000000000000000000000000000000000000000000000000
00000000000000000000000000000000000000000000000000000000000000000000000000000000000000000000000000000000000000000000000000000000000000000000000000000000000000000000000000000000000000000000000000000000
00000000000000000000000000000000000000000000000000000000000000000000000000000000000000000000000000000000000000000000000000000000000000000000000000000000000000000000000000000000000000000000000000000000
00000000000000000000000000000000000000000000000000000000000000000000000000000000000000000000000000000000000000000000000000000000000000000000000000000000000000000000000000000000000000000000000000000000
00000000000000000000000000000000000000000000000000000000000000000000000000000000000000000000000000000000000000000000000000000000000000000000000000000000000000000000000000000000000000000000000000000000
00000000000000000000000000000000000000000000000000000000000000000000000000000000000000000000000000000000000000000000000000000000000000000000000000000000000000000000000000000000000000000000000000000000
00000000000000000000000000000000000000000000000000000000000000000000000000000000000000000000000000000000000000000000000000000000000000000000000000000000000000000000000000000000000000000000000000000000
00000000000000000000000000000000000000000000000000000000000000000000000000000000000000000000000000000000000000000000000000000000000000000000000000000000000000000000000000000000000000000000000000000000
00000000000000000000000000000000000000000000000000000000000000000000000000000000000000000000000000000000000000000000000000000000000000000000000000000000000000000000000000000000000000000000000000000000
00000000000000000000000000000000000000000000000000000000000000000000000000000000000000000000000000000000000000000000000000000000000000000000000000000000000000000000000000000000000000000000000000000000
00000000000000000000000000000000000000000000000000000000000000000000000000000000000000000000000000000000000000000000000000000000000000000000000000000000000000000000000000000000000000000000000000000000
00000000000000000000000000000000000000000000000000000000000000000000000000000000000000000000000000000000000000000000000000000000000000000000000000000000000000000000000000000000000000000000000000000000
00000000000000000000000000000000000000000000000000000000000000000000000000000000000000000000000000000000000000000000000000000000000000000000000000000000000000000000000000000000000000000000000000000000
00000000000000000000000000000000000000000000000000000000000000000000000000000000000000000000000000000000000000000000000000000000000000000000000000000000000000000000000000000000000000000000000000000000
00000000000000000000000000000000000000000000000000000000000000000000000000000000000000000000000000000000000000000000000000000000000000000000000000000000000000000000000000000000000000000000000000000000
00000000000000000000000000000000000000000000000000000000000000000000000000000000000000000000000000000000000000000000000000000000000000000000000000000000000000000000000000000000000000000000000000000000
00000000000000000000000000000000000000000000000000000000000000000000000000000000000000000000000000000000000000000000000000000000000000000000000000000000000000000000000000000000000000000000000000000000
00000000000000000000000000000000000000000000000000000000000000000000000000000000000000000000000000000000000000000000000000000000000000000000000000000000000000000000000000000000000000000000000000000000
