200 200
00000000000000000000000000000000000000000000000000000000000000000000000000000000000000000000000000000000000000000000000000000000000000000000000000000000000000000000000000000000000000000000000000000000
00000000000000000000000000000000000000000000000000000000000000000000000000000000000000000000000000000000000000000000000000000000000000000000000000000000000000000000000000000000000000000000000000000000
00000000000000000000000000000000000000000000000000000000000000000000000000000000000000000000000000000000000000000000000000000000000000000000000000000000000000000000000000000000000000000000000000000000
00000000000000000000000000000000000000000000000000000000000000000000000000000000000000000000000000000000000000000000000000000000000000000000000000000000000000000000000000000000000000000000000000000000
00000000000000000000000000000000000000000000000000000000000000000000000000000000000000000000000000000000000000000000000000000000000000000000000000000000000000000000000000000000000000000000000000000000
00000000000000000000000000000000000000000000000000000000000000000000000000000000000000000000000000000000000000000000000000000000000000000000000000000000000000000000000000000000000000000000000000000000
00000000000000000000000000000000000000000000000000000000000000000000000000000000000000000000000000000000000000000000000000000000000000000000000000000000000000000000000000000000000000000000000000000000
00000000000000000000000000000000000000000000000000000000000000000000000000000000000000000000000000000000000000000000000000000000000000000000000000000000000000000000000000000000000000000000000000000000
00000000000000000000000000000000000000000000000000000000000000000000000010101100000000000000000000000000000000000000000000000000000000000000000000000000000000000000000000000000000000000000000000000000
00000000000000000000000000000000000000000000000000000000000000000000000010100000000000000000000000000000000000000000000000000000000000000000000000000000000000000000000000000000000000000000000000000000
00000000000000000000000000000000000000000000000000000000000000000000000001111101000000000000000000000000000000000000000000000000000000000000000000000000000000000000000000000000000000000000000000000000
00000000000000000000000000000000000000000000000000000000000000000000000001111000000000000000000000000000000000000000000000000000000000000000000000000000000000000000000000000000000000000000000000000000
00000000000000000000000000000000000000000000000000000000000000000000000011111010000000000000000000000000000000000000000000000000000000000000000000000000000000000000000000000000000000000000000000000000
00000000000000000000000000000000000000000000000000000000000000000000000011111100000000000000000000000000000000000000000000000000000000000000000000000000000000000000000000000000000000000000000000000000
00000000000000000000000000000000000000000000000000000000000000000000000011011100000000000000000000000000000000000000000000000000000000000000000000000000000000000000000000000000000000000000000000000000
00000000000000000000000000000000000000000000000000000000000000000000000011001110000000000000000000000000000000000000000000000000000000000000000000000000000000000000000000000000000000000000000000000000
00000000000000000000000000000000000000000000000000000000000000000001011111110111010010010000000000000000000000000000000000000000000000000000000000000000000000000000000000000000000000000000000000000000
00000000000000000000000000000000000000000000000000000000000000001010011111101110001100100000000000000000000000000000000000000000000000000000000000000000000000000000000000000000000000000000000000000000
00000000000000000000000000000000000000000000000000000000000000000100111011010111100101000000000000000000000000000000000000000000000000000000000000000000000000000000000000000000000000000000000000000000
00000000000000000000000000000000000000000000000000000000000000001101011100101111010101010000000000000000000000000000000000000000000000000000000000000000000000000000000000000000000000000000000000000000
00000000000000000000000000000000000000000000000000000000000000000110011101000111101010000000000000000000000000000000000000000000000000000000000000000000000000000000000000000000000000000000000000000000
00000000000000000000000000000000000000000000000000000000000000001011011010101101110100100000000000000000000000000000000000000000000000000000000000000000000000000000000000000000000000000000000000000000
00000000000000000000000000000000000000000000000000000000000000001110011001101010111001010000000000000000000000000000000000000000000000000000000000000000000000000000000000000000000000000000000000000000
00000000000000000000000000000000000000000000000000000000000000000010011110100110011010010000000000000000000000000000000000000000000000000000000000000000000000000000000000000000000000000000000000000000
00000000000000000000000000000000000000000000000000000000000000000000011000000000111110010000000000000000000000000000000000000000000000000000000000000000000000000000000000000000000000000000000000000000
00000000000000000000000000000000000000000000000000000000000000000000011000000000001100100000000000000000000000000000000000000000000000000000000000000000000000000000000000000000000000000000000000000000
00000000000000000000000000000000000000000000000000000000000000000000011000000000101111000000000000000000000000000000000000000000000000000000000000000000000000000000000000000000000000000000000000000000
00000000000000000000000000000000000000000000000000000000000000000000011000000000011110110000000000000000000000000000000000000000000000000000000000000000000000000000000000000000000000000000000000000000
00000000000000000000000000000000000000000000000000000000000000000000011000000000100111000000000000000000000000000000000000000000000000000000000000000000000000000000000000000000000000000000000000000000
00000000000000000000000000000000000000000000000000000000000000000000011000000000000111110000000000000000000000000000000000000000000000000000000000000000000000000000000000000000000000000000000000000000
00000000000000000000000000000000000000000000000000000000000000000000011000000000101011100000000000000000000000000000000000000000000000000000000000000000000000000000000000000000000000000000000000000000
00000000000000000000000000000000000000000000000000000000000000000000011000000000001101110000000000000000000000000000000000000000000000000000000000000000000000000000000000000000000000000000000000000000
00000000000000000000000000000000000000000000000000000000000000000101011000000000000110111110110000000000000000000000000000000000000000000000000000000000000000000000000000000000000000000000000000000000
00000000000000000000000000000000000000000000000000000000000000000001111100000000101001011100110100000000000000000000000000000000000000000000000000000000000000000000000000000000000000000000000000000000
00000000000000000000000000000000000000000000000000000000000000000111110100000000010000101111001000000000000000000000000000000000000000000000000000000000000000000000000000000000000000000000000000000000
00000000000000000000000000000000000000000000000000000000000000001010111000000000000110011100100000000000000000000000000000000000000000000000000000000000000000000000000000000000000000000000000000000000
00000000000000000000000000000000000000000000000000000000000000000101100100000000110010011110101100000000000000000000000000000000000000000000000000000000000000000000000000000000000000000000000000000000
00000000000000000000000000000000000000000000000000000000000000000001111000000000001101000111010000000000000000000000000000000000000000000000000000000000000000000000000000000000000000000000000000000000
00000000000000000000000000000000000000000000000000000000000000000011111000000000100001011011011100000000000000000000000000000000000000000000000000000000000000000000000000000000000000000000000000000000
00000000000000000000000000000000000000000000000000000000000000000101101000000000011000100111100000000000000000000000000000000000000000000000000000000000000000000000000000000000000000000000000000000000
00000000000000000000000000000000000000000000000000000000000000000101110100000000000000000111110101100101000000000000000000000000000000000000000000000000000000000000000000000000000000000000000000000000
00000000000000000000000000000000000000000000000000000000000000001011100000000000000000000011111010011000000000000000000000000000000000000000000000000000000000000000000000000000000000000000000000000000
00000000000000000000000000000000000000000000000000000000000000000011110100000000000000000000111001100101000000000000000000000000000000000000000000000000000000000000000000000000000000000000000000000000
00000000000000000000000000000000000000000000000000000000000000000111100000000000000000001110011001011010000000000000000000000000000000000000000000000000000000000000000000000000000000000000000000000000
00000000000000000000000000000000000000000000000000000000000000000111100100000000000000000001011110101001000000000000000000000000000000000000000000000000000000000000000000000000000000000000000000000000
00000000000000000000000000000000000000000000000000000000000000000110110000000000000000001010011110010111000000000000000000000000000000000000000000000000000000000000000000000000000000000000000000000000
00000000000000000000000000000000000000000000000000000000000000001111000100000000000000000010101101101001000000000000000000000000000000000000000000000000000000000000000000000000000000000000000000000000
00000000000000000000000000000000000000000000000000000000000000001111001000000000000000001100001110010010000000000000000000000000000000000000000000000000000000000000000000000000000000000000000000000000
00000000000000000000000000000000000000000000000000000000001001101101001000000000000000000100100111011010000000000000000000000000000000000000000000000000000000000000000000000000000000000000000000000000
00000000000000000000000000000000000000000000000000000000100110011110010000000000000000001001011011110101000000000000000000000000000000000000000000000000000000000000000000000000000000000000000000000000
00000000000000000000000000000000000000000000000000000000001011011010110100000000000000001110000101101101000000000000000000000000000000000000000000000000000000000000000000000000000000000000000000000000
00000000000000000000000000000000000000000000000000000000100100011101001000000000000000001001010101110010000000000000000000000000000000000000000000000000000000000000000000000000000000000000000000000000
00000000000000000000000000000000000000000000000000000000001110111110101100000000000000000101101001111100000000000000000000000000000000000000000000000000000000000000000000000000000000000000000000000000
00000000000000000000000000000000000000000000000000000000010011110001110000000000000000001010011010111000000000000000000000000000000000000000000000000000000000000000000000000000000000000000000000000000
00000000000000000000000000000000000000000000000000000000010100111111001000000000000000000001100110011110000000000000000000000000000000000000000000000000000000000000000000000000000000000000000000000000
00000000000000000000000000000000000000000000000000000000010010110010110100000000000000001000011001101111000000000000000000000000000000000000000000000000000000000000000000000000000000000000000000000000
00000000000000000000000000000000000000000000000000000000000101110000000000000000000000000000000010000110010010100000000000000000000000000000000000000000000000000000000000000000000000000000000000000000
00000000000000000000000000000000000000000000000000000000101001100000000000000000000000000000000000110110101111000000000000000000000000000000000000000000000000000000000000000000000000000000000000000000
00000000000000000000000000000000000000000000000000000000001111010000000000000000000000000000000010000110100000110000000000000000000000000000000000000000000000000000000000000000000000000000000000000000
00000000000000000000000000000000000000000000000000000000110111100000000000000000000000000000000001010111001011000000000000000000000000000000000000000000000000000000000000000000000000000000000000000000
00000000000000000000000000000000000000000000000000000000010110100000000000000000000000000000000001100011100100000000000000000000000000000000000000000000000000000000000000000000000000000000000000000000
00000000000000000000000000000000000000000000000000000000011101000000000000000000000000000000000000001101101011110000000000000000000000000000000000000000000000000000000000000000000000000000000000000000
00000000000000000000000000000000000000000000000000000000011100010000000000000000000000000000000010110101111101000000000000000000000000000000000000000000000000000000000000000000000000000000000000000000
00000000000000000000000000000000000000000000000000000000111110100000000000000000000000000000000001001010110001010000000000000000000000000000000000000000000000000000000000000000000000000000000000000000
00000000000000000000000000000000000000000000000001000010011101100000000000000000000000000000000000000000111011000000000000000000000000000000000000000000000000000000000000000000000000000000000000000000
00000000000000000000000000000000000000000000000000001010110010110000000000000000000000000000000000000000111110010000000000000000000000000000000000000000000000000000000000000000000000000000000000000000
00000000000000000000000000000000000000000000000001001101110011000000000000000000000000000000000000000000111001000000000000000000000000000000000000000000000000000000000000000000000000000000000000000000
00000000000000000000000000000000000000000000000000100010111110110000000000000000000000000000000000000000011100010000000000000000000000000000000000000000000000000000000000000000000000000000000000000000
00000000000000000000000000000000000000000000000001011101110000100000000000000000000000000000000000000000011100100000000000000000000000000000000000000000000000000000000000000000000000000000000000000000
00000000000000000000000000000000000000000000000000010011110011010000000000000000000000000000000000000000111101000000000000000000000000000000000000000000000000000000000000000000000000000000000000000000
00000000000000000000000000000000000000000000000011000111101001100000000000000000000000000000000000000000001111110000000000000000000000000000000000000000000000000000000000000000000000000000000000000000
00000000000000000000000000000000000000000000000001000001110000010000000000000000000000000000000000000000100110000000000000000000000000000000000000000000000000000000000000000000000000000000000000000000
00000000000000000000000000000000000000000000000001101111000000000000000000000000000000000000000000000000010110000000000000000000000000000000000000000000000000000000000000000000000000000000000000000000
00000000000000000000000000000000000000000000000010010011000000000000000000000000000000000000000000000000101110100000000000000000000000000000000000000000000000000000000000000000000000000000000000000000
00000000000000000000000000000000000000000000000001000111000000000000000000000000000000000000000000000000000111000000000000000000000000000000000000000000000000000000000000000000000000000000000000000000
00000000000000000000000000000000000000000000000000011111000000000000000000000000000000000000000000000000011011100000000000000000000000000000000000000000000000000000000000000000000000000000000000000000
00000000000000000000000000000000000000000000000011100111000000000000000000000000000000000000000000000000000111110000000000000000000000000000000000000000000000000000000000000000000000000000000000000000
00000000000000000000000000000000000000000000000000101110000000000000000000000000000000000000000000000000111001100000000000000000000000000000000000000000000000000000000000000000000000000000000000000000
00000000000000000000000000000000000000000000000010011100000000000000000000000000000000000000000000000000101001110000000000000000000000000000000000000000000000000000000000000000000000000000000000000000
00000000000000000000000000000000000000000000000000101101000000000000000000000000000000000000000000000000001011110000000000000000000000000000000000000000000000000000000000000000000000000000000000000000
00000000000000000000000000000000000000000000000000101100000000000000000000000000000000000000000000000000010010111011001000000000000000000000000000000000000000000000000000000000000000000000000000000000
00000000000000000000000000000000000000000000000010011001000000000000000000000000000000000000000000000000100100011100101000000000000000000000000000000000000000000000000000000000000000000000000000000000
00000000000000000000000000000000000000000000000000111100000000000000000000000000000000000000000000000000100001111001001000000000000000000000000000000000000000000000000000000000000000000000000000000000
00000000000000000000000000000000000000000000000010011100000000000000000000000000000000000000000000000000111100011101101000000000000000000000000000000000000000000000000000000000000000000000000000000000
00000000000000000000000000000000000000000000000000111011000000000000000000000000000000000000000000000000000010011100010100000000000000000000000000000000000000000000000000000000000000000000000000000000
00000000000000000000000000000000000000000000000011110010000000000000000000000000000000000000000000000000010011011111001000000000000000000000000000000000000000000000000000000000000000000000000000000000
00000000000000000000000000000000000000000000000010110011000000000000000000000000000000000000000000000000000100101111111000000000000000000000000000000000000000000000000000000000000000000000000000000000
00000000000000000000000000000000000000000000000001111101000000000000000000000000000000000000000000000000010011010111001000000000000000000000000000000000000000000000000000000000000000000000000000000000
00000000000000000000000000000000000000000000000010111010000000000000000000000000000000000000000000000000000000000011010100000000000000000000000000000000000000000000000000000000000000000000000000000000
00000000000000000000000000000000000000000000000000110101000000000000000000000000000000000000000000000000000000000111111000000000000000000000000000000000000000000000000000000000000000000000000000000000
00000000000000000000000000000000000000000000000000110010000000000000000000000000000000000000000000000000000000001011000100000000000000000000000000000000000000000000000000000000000000000000000000000000
00000000000000000000000000000000000000000000000011111001000000000000000000000000000000000000000000000000000000000111000000000000000000000000000000000000000000000000000000000000000000000000000000000000
00000000000000000000000000000000000000000000000000110100000000000000000000000000000000000000000000000000000000001011101000000000000000000000000000000000000000000000000000000000000000000000000000000000
00000000000000000000000000000000000000000000000011100001000000000000000000000000000000000000000000000000000000000011101000000000000000000000000000000000000000000000000000000000000000000000000000000000
00000000000000000000000000000000000000000000000001111010000000000000000000000000000000000000000000000000000000001101110100000000000000000000000000000000000000000000000000000000000000000000000000000000
00000000000000000000000000000000000000000000000001101010000000000000000000000000000000000000000000000000000000000011111000000000000000000000000000000000000000000000000000000000000000000000000000000000
00000000000000000000000000000000000000000000000001100011000000000000000000000000000000000000000000000000000000000001111110100100000000000000000000000000000000000000000000000000000000000000000000000000
00000000000000000000000000000000000000000000000011101100000000000000000000000000000000000000000000000000000000001010111000101000000000000000000000000000000000000000000000000000000000000000000000000000
00000000000000000000000000000000000000000000000001101001000000000000000000000000000000000000000000000000000000000001011101010110000000000000000000000000000000000000000000000000000000000000000000000000
00000000000000000000000000000000000000000000000001100100000000000000000000000000000000000000000000000000000000000010011111001000000000000000000000000000000000000000000000000000000000000000000000000000
00000000000000000000000000000000000000000000000001110000000000000000000000000000000000000000000000000000000000001001001100111101000000000000000000000000000000000000000000000000000000000000000000000000
00000000000000000000000000000000000000000000000011000111000000000000000000000000000000000000000000000000000000000110111111100001000000000000000000000000000000000000000000000000000000000000000000000000
00000000000000000000000000000000000000000000000011001000000000000000000000000000000000000000000000000000000000000100000111011010000000000000000000000000000000000000000000000000000000000000000000000000
00000000000000000000000000000000000000000000000011010010000000000000000000000000000000000000000000000000000000001000100110100101000000000000000000000000000000000000000000000000000000000000000000000000
00000000000000000000000000000000000000001011000111011001000000000000000000000000000000000000000000000000000000000100100111100011000000000000000000000000000000000000000000000000000000000000000000000000
00000000000000000000000000000000000000000100111111101100000000000000000000000000000000000000000000000000000000001001011011101000000000000000000000000000000000000000000000000000000000000000000000000000
00000000000000000000000000000000000000000011001111010001000000000000000000000000000000000000000000000000000000001110000101110101000000000000000000000000000000000000000000000000000000000000000000000000
00000000000000000000000000000000000000001001001110111110000000000000000000000000000000000000000000000000000000001001010110110110000000000000000000000000000000000000000000000000000000000000000000000000
00000000000000000000000000000000000000000100010111000010000000000000000000000000000000000000000000000000000000000101101000111001000000000000000000000000000000000000000000000000000000000000000000000000
00000000000000000000000000000000000000001001000110110001000000000000000000000000000000000000000000000000000000001010011000110010000000000000000000000000000000000000000000000000000000000000000000000000
00000000000000000000000000000000000000000101111100101000000000000000000000000000000000000000000000000000000000000001100101111001000000000000000000000000000000000000000000000000000000000000000000000000
00000000000000000000000000000000000000001010011101010010000000000000000000000000000000000000000000000000000000001000011010111100000000000000000000000000000000000000000000000000000000000000000000000000
00000000000000000000000000000000000000000101001100000000000000000000000000000000000000000000000000000000000000000000000001011100000000000000000000000000000000000000001100000000000000000000000000000000
00000000000000000000000000000000000000000100101100000000000000000000000000000000000000000000000000000000000000000000000000011111000000000000000000000000000000000000001100000000000000000000000000000000
00000000000000000000000000000000000000001011011000000000000000000000000000000000000000000000000000000000000000000000000010111100000000000000000000000000000000000000001100000000000000000000000000000000
00000000000000000000000000000000000000000010111100000000000000000000000000000000000000000000000000000000000000000000000001011110000000000000000000000000000000000000001100000000000000000000000000000000
00000000000000000000000000000000000000001011011000000000000000000000000000000000000000000000000000000000000000000000000011001110000000000000000000000000000000000000001100000000000000000000000000000000
00000000000000000000000000000000000000000101111000000000000000000000000000000000000000000000000000000000000000000000000000110110000000000000000000000000000000000000011100000000000000000000000000000000
00000000000000000000000000000000000000000010011100000000000000000000000000000000000000000000000000000000000000000000000011000111000000000000000000000000000000000000011100000000000000000000000000000000
00000000000000000000000000000000000000000001111000000000000000000000000000000000000000000000000000000000000000000000000010101011000000000000000000000000000000000000011100000000000000000000000000000000
00000000000000000000000000000000000000001000110000000000000000000000000000000000000000000000000000000000000000000000000000011101101101100000000000000000000000000000001100000000000000000000000000000000
00000000000000000000000000000000000000000100110100000000000000000000000000000000000000000000000000000000000000000000000010100011110110110000000000000000000000000000001100000000000000000000000000000000
00000000000000000000000000000000000000001000110000000000000000000000000000000000000000000000000000000000000000000000000001001000110111000000000000000000000000000000001100000000000000000000000000000000
00000000000000000000000000000000000000000111111000000000000000000000000000000000000000000000000000000000000000000000000001110100111000010000000000000000000000000000001100000000000000000000000000000000
00000000000000000000000000000000000000000101111100000000000000000000000000000000000000000000000000000000000000000000000010010100111011010000000000000000000000000000001100000000000000000000000000000000
00000000000000000000000000000000000000000011100100000000000000000000000000000000000000000000000000000000000000000000000000101100011110100000000000000000000000000000001100000000000000000000000000000000
00000000000000000000000000000000000000001011111000000000000000000000000000000000000000000000000000000000000000000000000001010100011111110000000000000000000000000000001100000000000000000000000000000000
00000000000000000000000000000000000000000011100100000000000000000000000000000000000000000000000000000000000000000000000000101001001111100000000000000000000000000000001100000000000000000000000000000000
00000000000000001110000000000000000000001011100000000000000000000000000000000000000000000000000000000000000000000000000000000000010110100000000000000000000000000000001100000000000000000000000000000000
00000000000000001110000000000000000000000110001100000000000000000000000000000000000000000000000000000000000000000000000000000000001111100000000000000000000000000000001100000000000000000000000000000000
00000000000000001110000000000000000000000111100000000000000000000000000000000000000000000000000000000000000000000000000000000000101011110000000000000000000000000000001100000000000000000000000000000000
00000000000000001110000000000000000000000110111100000000000000000000000000000000000000000000000000000000000000000000000000000000110011100000000000000000000000000000001100000000000000000000000000000000
00000000000000001110000000000000000000001110101000000000000000000000000000000000000000000000000000000000000000000000000000000000010101110000000000000000000000000000001100000000000000000000000000000000
00000000000000001110000000000000000000001111001100000000000000000000000000000000000000000000000000000000000000000000000000000000101011110000000000000000000000000000001100000000000000000000000000000000
00000000000000001110000000000000000000001100100000000000000000000000000000000000000000000000000000000000000000000000000000000000000101110000000000000000000000000000001100000000000000000000000000000000
00000000000000001110000000000000000000001100010100000000000000000000000000000000000000000000000000000000000000000000000000000000100010110000000000000000000000000000001100000000000000000000000000000000
00000000000000001110000000000000011001111000000000000000000000000000000000000000000000000000000000000000000000000000000000000000000010111001010000000000000000000000011100000000000000000000000000000000
00000000000000001110000000000000010110011000001100000000000000000000000000000000000000000000000000000000000000000000000000000000100011011110000100000000000000000000000100000000000000000000000000000000
00000000000000001110000000000000101000111100100000000000000000000000000000000000000000000000000000000000000000000000000000000000101100111100101000000000000000000000000000000000000000000000000000000000
00000000000000001111000000000000011011111011101000000000000000000000000000000000000000000000000000000000000000000000000000000000011010001100101000000000000000000000001100000000000000000000000000000000
00000000000000001111100000000000010110110100010000000000000000000000000000000000000000000000000000000000000000001111111100000000000011011100001000000000000000001111111100000000000000000000000000000000
00000000000000001111111100000000001100111011001000000000000000000000000000000000000000000000000000000000000000001111111100000000011010111111110000000000000000001111111100000000000000000000000000000000
00000000000000001111111100000000010011110101000000000000000000000000000000000000000000000000000000000000000000000001111100000000000101100110101000000000000000001111111100000000000000000000000000000000
00000000000000001111111100000000101011110100001000000000000000000000000000000000000000000000000000000000000000000000111100000000101011010110000100000000000000001111111100000000000000000000000000000000
00000000000000000000000000000000100011100000000000000000000000000000000000000000000000000000000000000000000000000000000000000000000000000111100100000000000000000000000000000000000000000000000000000000
00000000000000000000000000000000001011100000000000000000000000000000000000000000000000000000000000000000000000000000000000000000000000001110010000000000000000000000000000000000000000000000000000000000
00000000000000000000000000000000001001110000000000000000000000000000000000000000000000000000000000000000000000000000000000000000000000000011100100000000000000000000000000000000000000000000000000000000
00000000000000000000000000000000010011100000000000000000000000000000000000000000000000000000000000000000000000000000000000000000000000001111001000000000000000000000000000000000000000000000000000000000
00000000000000000000000000000000010111010000000000000000000000000000000000000000000000000000000000000000000000000000000000000000000000000011101000000000000000000000000000000000000000000000000000000000
00000000000000000000000000000000100110100000000000000000000000000000000000000000000000000000000000000000000000000000000000000000000000001001110000000000000000000000000000000000000000000000000000000000
00000000000000000000000000000000110110000000000000000000000000000000000000000000000000000000000000000000000000000000000000000000000000000111101000000000000000000000000000000000000000000000000000000000
00000000000000000000000000000000001110100000000000000000000000000000000000000000000000000000000000000000000000000000000000000000000000001001110100000000000000000000000000000000000000000000000000000000
00000000000000000000000000000000000110000000000000000000000000000000000000000000000000000000000000000000000000000000000000000000000000001001111000000000000000000000000000000000000000000000000000000000
00000000000000000000000000000000000110000000000000000000000000000000000000000000000000000000000000000000000000000000000000000000000000000100110000000000000000000000000000000000000000000000000000000000
00000000000000000000000000000000000110000000000000000000000000000000000000000000000000000000000000000000000000000000000000000000000000001010111100000000000000000000000000000000000000000000000000000000
00000000000000000000000000000000000110000000000000000000000000000000000000000000000000000000000000000000000000000000000000000000000000000100111000000000000000000000000000000000000000000000000000000000
00000000000000000000000000000000000110000000000000000000000000000000000000000000000000000000000000000000000000000000000000000000000000001010011000000000000000000000000000000000000000000000000000000000
00000000000000000000000000000000000110000000000000000000000000000000000000000000000000000000000000000000000000000000000000000000000000000001111100000000000000000000000000000000000000000000000000000000
00000000000000000000000000000000000110000000000000000000000000000000000000000000000000000000000000000000000000000000000000000000000000001110101100000000000000000000000000000000000000000000000000000000
00000000000000000000000000000000000110000000000000000000000000000000000000000000000000000000000000000000000000000000000000000000000000000010101100000000000000000000000000000000000000000000000000000000
00000000000000000000000000000000010110100111010101010001010010010101001000011010101010000000000000000000000000000000000000000000000000001100101110110100000000000000000000000000000000000000000000000000
00000000000000000000000000000000101111110000110010010010000101000000010001100100101100100000000000000000000000000000000000000000000000000010011111001011000000000000000000000000000000000000000000000000
00000000000000000000000000000000011111111110100100111101010000101111110110100001000010000000000000000000000000000000000000000000000000001001001110010110000000000000000000000000000000000000000000000000
00000000000000000000000000000000001111111111111111100101111110000000000101000000010101010000000000000000000000000000000000000000000000000110111111000010000000000000000000000000000000000000000000000000
00000000000000000000000000000000010100100001111111111111111111111011101001110110010011010000000000000000000000000000000000000000000000000001001111110111000000000000000000000000000000000000000000000000
00000000000000000000000000000000100001100100001010000100100101111111000010010000100101000000000000000000000000000000000000000000000000001000111011110000000000000000000000000000000000000000000000000000
00000000000000000000000000000000001100010010100000101010001100001111111111111111011010110000000000000000000000000000000000000000000000000010000101101110000000000000000000000000000000000000000000000000
00000000000000000000000000000000010010101001001010100100101011101011111111111111111101000000000000000000000000000000000000000000000000001100101011110001000000000000000000000000000000000000000000000000
00000000000000000000000000000000000000000000000000000000000000000000000001001001111111111111111101011000011011010000000000000000000000000000000001110001000000000000000000000000000000000000000000000000
00000000000000000000000000000000000000000000000000000000000000000000000010010110101011111111111111111101010100100000000000000000000000000000000001011100000000000000000000000000000000000000000000000000
00000000000000000000000000000000000000000000000000000000000000000000000011100001010101011111111111111111101110010000000000000000000000000000000000111100000000000000000000000000000000000000000000000000
00000000000000000000000000000000000000000000000000000000000000000000000010010101110010000000000010111111111001100000000000000000000000000000000011101110000000000000000000000000000000000000000000000000
00000000000000000000000000000000000000000000000000000000000000000000000001011010000100110000000001001101111111111111111111111111111111111111111111111110000000000000000000000000000000000000000000000000
00000000000000000000000000000000000000000000000000000000000000000000000010100110100000000000000010011011010111111111111111111111111111111111111111111110000000000000000000000000000000000000000000000000
00000000000000000000000000000000000000000000000000000000000000000000000000011001001100110000000010100101101100101111111111111111111111111111111101010010000000000000000000000000000000000000000000000000
00000000000000000000000000000000000000000000000000000000000000000000000010000110000100000000000010011010000010100000000000000000000000000000000010001100000000000000000000000000000000000000000000000000
00000000000000000000000000000000000000000000000000000000000000000000000000000000000000000000000000000000000000000000000000000000000000000000000000000000000000000000000000000000000000000000000000000000
00000000000000000000000000000000000000000000000000000000000000000000000000000000000000000000000000000000000000000000000000000000000000000000000000000000000000000000000000000000000000000000000000000000
00000000000000000000000000000000000000000000000000000000000000000000000000000000000000000000000000000000000000000000000000000000000000000000000000000000000000000000000000000000000000000000000000000000
00000000000000000000000000000000000000000000000000000000000000000000000000000000000000000000000000000000000000000000000000000000000000000000000000000000000000000000000000000000000000000000000000000000
00000000000000000000000000000000000000000000000000000000000000000000000000000000000000000000000000000000000000000000000000000000000000000000000000000000000000000000000000000000000000000000000000000000
00000000000000000000000000000000000000000000000000000000000000000000000000000000000000000000000000000000000000000000000000000000000000000000000000000000000000000000000000000000000000000000000000000000
00000000000000000000000000000000000000000000000000000000000000000000000000000000000000000000000000000000000000000000000000000000000000000000000000000000000000000000000000000000000000000000000000000000
00000000000000000000000000000000000000000000000000000000000000000000000000000000000000000000000000000000000000000000000000000000000000000000000000000000000000000000000000000000000000000000000000000000
00000000000000000000000000000000000000000000000000000000000000000000000000000000000000000000000000000000000000000000000000000000000000000000000000000000000000000000000000000000000000000000000000000000
00000000000000000000000000000000000000000000000000000000000000000000000000000000000000000000000000000000000000000000000000000000000000000000000000000000000000000000000000000000000000000000000000000000
00000000000000000000000000000000000000000000000000000000000000000000000000000000000000000000000000000000000000000000000000000000000000000000000000000000000000000000000000000000000000000000000000000000
00000000000000000000000000000000000000000000000000000000000000000000000000000000000000000000000000000000000000000000000000000000000000000000000000000000000000000000000000000000000000000000000000000000
00000000000000000000000000000000000000000000000000000000000000000000000000000000000000000000000000000000000000000000000000000000000000000000000000000000000000000000000000000000000000000000000000000000
00000000000000000000000000000000000000000000000000000000000000000000000000000000000000000000000000000000000000000000000000000000000000000000000000000000000000000000000000000000000000000000000000000000
00000000000000000000000000000000000000000000000000000000000000000000000000000000000000000000000000000000000000000000000000000000000000000000000000000000000000000000000000000000000000000000000000000000
00000000000000000000000000000000000000000000000000000000000000000000000000000000000000000000000000000000000000000000000000000000000000000000000000000000000000000000000000000000000000000000000000000000
00000000000000000000000000000000000000000000000000000000000000000000000000000000000000000000000000000000000000000000000000000000000000000000000000000000000000000000000000000000000000000000000000000000
00000000000000000000000000000000000000000000000000000000000000000000000000000000000000000000000000000000000000000000000000000000000000000000000000000000000000000000000000000000000000000000000000000000
00000000000000000000000000000000000000000000000000000000000000000000000000000000000000000000000000000000000000000000000000000000000000000000000000000000000000000000000000000000000000000000000000000000
00000000000000000000000000000000000000000000000000000000000000000000000000000000000000000000000000000000000000000000000000000000000000000000000000000000000000000000000000000000000000000000000000000000
00000000000000000000000000000000000000000000000000000000000000000000000000000000000000000000000000000000000000000000000000000000000000000000000000000000000000000000000000000000000000000000000000000000
00000000000000000000000000000000000000000000000000000000000000000000000000000000000000000000000000000000000000000000000000000000000000000000000000000000000000000000000000000000000000000000000000000000
00000000000000000000000000000000000000000000000000000000000000000000000000000000000000000000000000000000000000000000000000000000000000000000000000000000000000000000000000000000000000000000000000000000
00000000000000000000000000000000000000000000000000000000000000000000000000000000000000000000000000000000000000000000000000000000000000000000000000000000000000000000000000000000000000000000000000000000
