200 200
00000000000000000000000000000000000000000000000000000000000000000000000000000000000000000000000000000000000000000000000000000000000000000000000000000000000000000000000000000000000000000000000000000000
00000000000000000000000000000000000000000000000000000000000000000000000000000000000000000000000000000000000000000000000000000000000000000000000000000000000000000000000000000000000000000000000000000000
00000000000000000000000000000000000000000000000000000000000000000000000000000000000000000000000000000000000000000000000000000000000000000000000000000000000000000000000000000000000000000000000000000000
00000000000000000000000000000000000000000000000000000000000000000000000000000000000000000000000000000000000000000000000000000000000000000000000000000000000000000000000000000000000000000000000000000000
00000000000000000000000000000000000000000000000000000000000000000000000000000000000000000000000000000000000000000000000000000000000000000000000000000000000000000000000000000000000000000000000000000000
00000000000000000000000000000000000000000000000000000000000000000000000000000000000000000000000000000000000000000000000000000000000000000000000000000000000000000000000000000000000000000000000000000000
00000000000000000000000000000000000000000000000000000000000000000000000000000000000000000000000000000000000000000000000000000000000000000000000000000000000000000000000000000000000000000000000000000000
00000000000000000000000000000000000000000000000000000000000000000000000000000000000000000000000000000000000000000000000000000000000000000000000000000000000000000000000000000000000000000000000000000000
00000000000000000000000000000000000000000000000000000000000000000000000000000000000000000000000000000000000000000000000000000000000000000000000000000000000000000000000000000000000000000000000000000000
00000000000000000000000000000000000000000000000000000000000000000000000000000000000000000000000000000000000000000000000000000000000000000000000000000000000000000000000000000000000000000000000000000000
00000000000000000000000000000000000000000000000000000000000000000000000000000000000000000000000000000000000000000000000000000000000000000000000000000000000000000000000000000000000000000000000000000000
00000000000000000000000000000000000000000000000000000000000000000000000000000000000000000000000000000000000000000000000000000000000000000000000000000000000000000000000000000000000000000000000000000000
00000000000000000000000000000000000000000000000000000000000000000000000000000000000000000000000000000000000000000000000000000000000000000000000000000000000000000000000000000000000000000000000000000000
00000000000000000000000000000000000000000000000000000000000000000000000000000000000000000000000000000000000000000000000000000000000000000000000000000000000000000000000000000000000000000000000000000000
00000000000000000000000000000000000000000000000000000000000000000000000000000000000000000000000000000000000000000000000000000000000000000000000000000000000000000000000000000000000000000000000000000000
00000000000000000000000000000000000000000000000000000000000000000000000000000000000000000000000000000000000000000000000000000000000000000000000000000000000000000000000000000000000000000000000000000000
00000000000000000000000000000000000000000000000000000000000000000000000000000000000000000000000000000000000000000000000000000000000000000000000000000000000000000000000000000000000000000000000000000000
00000000000000000000000000000000000000000000000000000000000000000000000000000000000000000000000000000000000000000000000000000000000000000000000000000000000000000000000000000000000000000000000000000000
00000000000000000000000000000000000000000000000000000000000000000000000000000000000000000000000000000000000000000000000000000000000000000000000000000000000000000000000000000000000000000000000000000000
00000000000000000000000000000000000000000000000000000000000000000000000000000000000000000000000000000000000000000000000000000000000000000000000000000000000000000000000000000000000000000000000000000000
00000000000000000000000000000000000000000000000000000000000000000000000000000000000000000000000000000000000000000000000000000000000000000000000000000000000000000000000000000000000000000000000000000000
00000000000000000000000000000000000000000000000000000000000000000000000000000000000000000000000000000000000000000000000000000000000000000000000000000000000000000000000000000000000000000000000000000000
00000000000000000000000000000000000000000000000000000000000000000000000000000000000000000000000000000000000000000000000000000000000000000000000000000000000000000000000000000000000000000000000000000000
00000000000000000000000000000000000000000000000000000000000000000000000000000000000000000000000000000000000000000000000000000000000000000000000000000000000000000000000000000000000000000000000000000000
00000000000000000000000000000000000000000000000000000000000000000000000000000000000000000000000000000000000000000000000000000000000000000000000000000000000000000000000000000000000000000000000000000000
00000000000000000000000000000000000000000000000000000000000000000000000000000000000000000000000000000000000000000000000000000000000000000000000000000000000000000000000000000000000000000000000000000000
00000000000000000000000000000000000000000000000000000000000000000000000000000000000000000000000000000000000000000000000000000000000000000000000000000000000000000000000000000000000000000000000000000000
00000000000000000000000000000000000000000000000000000000000000000000000000000000000000000000000000000000000000000000000000000000000000000000000000000000000000000000000000000000000000000000000000000000
00000000000000000000000000000000000000000000000000000000000000000000000000000000000000000000000000000000000000000000000000000000000000000000000000000000000000000000000000000000000000000000000000000000
00000000000000000000000000000000000000000000000000000000000000000000000000000000000000000000000000000000000000000000000000000000000000000000000000000000000000000000000000000000000000000000000000000000
00000000000000000000000000000000000000000000000000000000000000000000000000000000000000000000000000000000000000000000000000000000000000000000000000000000000000000000000000000000000000000000000000000000
00000000000000000000000000000000000000000000000000000000000000000000000000000000000000000000000000000000000000000000000000000000000000000000000000000000000000000000000000000000000000000000000000000000
00000000000000000000000000000000000000000000000000000000000000000000000000000000000000000000000000000000000000000000000000000000000000000000000000000000000000000000000000000000000000000000000000000000
00000000000000000000000000000000000000000000000000000000000000000000000000000000000000000000000000000000000000000000000000000000000000000000000000000000000000000000000000000000000000000000000000000000
00000000000000000000000000000000000000000000000000000000000000000000000000000000000000000000000000000000000000000000000000000000000000000000000000000000000000000000000000000000000000000000000000000000
00000000000000000000000000000000000000000000000000000000000000000000000000000000000000000000000000000000000000000000000000000000000000000000000000000000000000000000000000000000000000000000000000000000
00000000000000000000000000000000000000000000000000000000000000000000000000000000000000000000000000000000000000000000000000000000000000000000000000000000000000000000000000000000000000000000000000000000
00000000000000000000000000000000000000000000000000000000000000000000000000000000000000000000000000000000000000000000000000000000000000000000000000000000000000000000000000000000000000000000000000000000
00000000000000000000000000000000000000000000000000000000000000000000000000000000000000000000000000000000000000000000000000000000000000000000000000000000000000000000000000000000000000000000000000000000
00000000000000000000000000000000000000000000000000000000000000000000000000000000000000000000000000000000000000000000000000000000000000000000000000000000000000000000000000000000000000000000000000000000
00000000000000000000000000000000000000000000000000000000000000000000000000000000000000000000000000000000000000000000000000000000000000000000000000000000000000000000000000000000000000000000000000000000
00000000000000000000000000000000000000000000000000000000000000000000000000000000000000000000000000000000000000000000000000000000000000000000000000000000000000000000000000000000000000000000000000000000
00000000000000000000000000000000000000000000000000000000000000000000000000000000000000000000000000000000000000000000000000000000000000000000000000000000000000000000000000000000000000000000000000000000
00000000000000000000000000000000000000000000000000000000000000000000000000000000000000000000000000000000000000000000000000000000000000000000000000000000000000000000000000000000000000000000000000000000
00000000000000000000000000000000000000000000000000000000000000000000000000000000000000000000000000000000000000000000000000000000000000000000000000000000000000000000000000000000000000000000000000000000
00000000000000000000000000000000000000000000000000000000000000000000000000000000000000000000000000000000000000000000000000000000000000000000000000000000000000000000000000000000000000000000000000000000
00000000000000000000000000000000000000000000000000000000000000000000000000000000000000000000000000000000000000000000000000000000000000000000000000000000000000000000000000000000000000000000000000000000
00000000000000000000000000000000000000000000000000000000000000000000000000000000000000000000000000000000000000000000000000000000000000000000000000000000000000000000000000000000000000000000000000000000
00000000000000000000000000000000000000000000000000000000000000000000000000000000000000000000000000000000000000000000000000000000000000000000000000000000000000000000000000000000000000000000000000000000
00000000000000000000000000000000000000000000000000000000000000000000000000000000000000000000000000000000000000000000000000000000000000000000000000000000000000000000000000000000000000000000000000000000
00000000000000000000000000000000000000000000000000000000000000000000000000000000000000000000000000000000000000000000000000000000000000000000000000000000000000000000000000000000000000000000000000000000
00000000000000000000000000000000000000000000000000000000000000000000000000000000000000000000000000000000000000000000000000000000000000000000000000000000000000000000000000000000000000000000000000000000
00000000000000000000000000000000000000000000000000000000000000000000000000000000000000000000000000000000000000000000000000000000000000000000000000000000000000000000000000000000000000000000000000000000
00000000000000000000000000000000000000000000000000000000000000000000000000000000000000000000000000000000000000000000000000000000000000000000000000000000000000000000000000000000000000000000000000000000
00000000000000000000000000000000000000000000000000000000000000000000000000000000000000000000000000000000000000000000000000000000000000000000000000000000000000000000000000000000000000000000000000000000
00000000000000000000000000000000000000000000000000000000000000000000000000000000000000000000000000000000000000000000000000000000000000000000000000000000000000000000000000000000000000000000000000000000
00000000000000000000000000000000000000000000000000000000000000000000000000000000000000000000000000000000000000000000000000000000000000000000000000000000000000000000000000000000000000000000000000000000
00000000000000000000000000000000000000000000000000000000000000000000000000000000000000000000000000000000000000000000000000000000000000000000000000000000000000000000000000000000000000000000000000000000
00000000000000000000000000000000000000000000000000000000000000000000000000000000000000000000000000000000000000000000000000000000000000000000000000000000000000000000000000000000000000000000000000000000
00000000000000000000000000000000000000000000000000000000000000000000000000000000000000000000000000000000000000000000000000000000000000000000000000000000000000000000000000000000000000000000000000000000
00000000000000000000000000000000000000000000000000000000000000000000000000000000000000000000000000000000000000000000000000000000000000000000000000000000000000000000000000000000000000000000000000000000
00000000000000000000000000000000000000000000000000000000000000000000000000000000000000000000000000000000000000000000000000000000000000000000000000000000000000000000000000000000000000000000000000000000
00000000000000000000000000000000000000000000000000000000000000000000000000000000000000000000000000000000000000000000000000000000000000000000000000000000000000000000000000000000000000000000000000000000
00000000000000000000000000000000000000000000000000000000000000000000000000000000000000000000000000000000000000000000000000000000000000000000000000000000000000000000000000000000000000000000000000000000
00000000000000000000000000000000000000000000000000000000000000000000000000000000000000000000000000000000000000000000000000000000000000000000000000000000000000000000000000000000000000000000000000000000
00000000000000000000000000000000000000000000000000000000000000000000000000000000000000000000000000000000111100100000000000000000000000000000000000000000000000000000000000000000000000000000000000000000
00000000000000000000000000000000000000000000000000000000000000000000000000000000000000000000000000000000011001010000000000000000000000000000000000000000000000000000000000000000000000000000000000000000
00000000000000000000000000000000000000000000000000000000000000000000000000000000000000000000000000000000111110000000000000000000000000000000000000000000000000000000000000000000000000000000000000000000
00000000000000000000000000000000000000000000000000000000000000000000000000000000000000000000000000000000011001100000000000000000000000000000000000000000000000000000000000000000000000000000000000000000
00000000000000000000000000000000000000000000000000000000000000000000000000000000000000000000000000000000011101010000000000000000000000000000000000000000000000000000000000000000000000000000000000000000
00000000000000000000000000000000000000000000000000000000000000000000000000000000000000000000000000000000011000010000000000000000000000000000000000000000000000000000000000000000000000000000000000000000
00000000000000000000000000000000000000000000000000000000000000000000000000000000000000000000000000000000111100000000000000000000000000000000000000000000000000000000000000000000000000000000000000000000
00000000000000000000000000000000000000000000000000000000000000000000000000000000000000000000000010010110011101100000000000000000000000000000000000000000000000000000000000000000000000000000000000000000
00000000000000000000000000000000000000000000000000000000000000000000000000000000000000000000000001000111111010010000000000000000000000000000000000000000000000000000000000000000000000000000000000000000
00000000000000000000000000000000000000000000000000000000000000000000000000000000000000000000000001000111110011100000000000000000000000000000000000000000000000000000000000000000000000000000000000000000
00000000000000000000000000000000000000000000000000000000000000000000000000000000000000000000000010100011111000000000000000000000000000000000000000000000000000000000000000000000000000000000000000000000
00000000000000000000000000000000000000000000000000000000000000000000000000000000000000000000000000001111100100100000000000000000000000000000000000000000000000000000000000000000000000000000000000000000
00000000000000000000000000000000000000000000000000000000000000000000000000000000000000000000000010110011110010000000000000000000000000000000000000000000000000000000000000000000000000000000000000000000
00000000000000000000000000000000000000000000000000000000000000000000000000000000000000000000000010100111100011100000000000000000000000000000000000000000000000000000000000000000000000000000000000000000
00000000000000000000000000000000000000000000000000000000000000000000000000000000000000000000000001010111110010110000000000000000000000000000000000000000000000000000000000000000000000000000000000000000
00000000000000000000000000000000000000000000000000000000000000000000000000000000000000001010011000101110111000100000000000000000000000000000000000000000000000000000000000000000000000000000000000000000
00000000000000000000000000000000000000000000000000000000000000000000000000000000000000000001100111001101110100000000000000000000000000000000000000000000000000000000000000000000000000000000000000000000
00000000000000000000000000000000000000000000000000000000000000000000000000000000000000001010011001111100111011100000000000000000000000000000000000000000000000000000000000000000000000000000000000000000
00000000000000000000000000000000000000000000000000000000000000000000000000000000000000000101101000011001011110000000000000000000000000000000000000000000000000000000000000000000000000000000000000000000
00000000000000000000000000000000000000000000000000000000000000000000000000000000000000001001010110111100101111000000000000000000000000000000000000000000000000000000000000000000000000000000000000000000
00000000000000000000000000000000000000000000000000000000000000000000000000000000000000001110100101110101000111010000000000000000000000000000000000000000000000000000000000000000000000000000000000000000
00000000000000000000000000000000000000000000000000000000000000000000000000000000000000001001011011100010011111100000000000000000000000000000000000000000000000000000000000000000000000000000000000000000
00000000000000000000000000000000000000000000000000000000000000000000000000000000000000000100100111010001100011110000000000000000000000000000000000000000000000000000000000000000000000000000000000000000
00000000000000000000000000000000000000000000000000000000000000000000000000000000000000000001001110010010101000110100110100000000000000000000000000000000000000000000000000000000000000000000000000000000
00000000000000000000000000000000000000000000000000000000000000000000000000000000000000001010101101101001000011111010001000000000000000000000000000000000000000000000000000000000000000000000000000000000
00000000000000000000000000000000000000000000000000000000000000000000000000000000000000000010011110000111111101111010010000000000000000000000000000000000000000000000000000000000000000000000000000000000
00000000000000000000000000000000000000000000000000000000000000000000000000000000000000001001111010101001000010011100100100000000000000000000000000000000000000000000000000000000000000000000000000000000
00000000000000000000000000000000000000000000000000000000000000000000000000000000000000000100110101011010001101001111010000000000000000000000000000000000000000000000000000000000000000000000000000000000
00000000000000000000000000000000000000000000000000000000000000000000000000000000000000000111110001100101110100010111000100000000000000000000000000000000000000000000000000000000000000000000000000000000
00000000000000000000000000000000000000000000000000000000000000000000000000000000000000001011100110011000001111001110101000000000000000000000000000000000000000000000000000000000000000000000000000000000
00000000000000000000000000000000000000000000000000000000000000000000000000000000000000000011011001100001010100100111010000000000000000000000000000000000000000000000000000000000000000000000000000000000
00000000000000000000000000000000000000000000000000000000000000000000000000000000110101011111100000000000000000000011001001000010000000000000000000000000000000000000000000000000000000000000000000000000
00000000000000000000000000000000000000000000000000000000000000000000000000000000010010100111011000000000000000001111111010100001000000000000000000000000000000000000000000000000000000000000000000000000
00000000000000000000000000000000000000000000000000000000000000000000000000000000110001011101101000000000000000001001111000101100000000000000000000000000000000000000000000000000000000000000000000000000
00000000000000000000000000000000000000000000000000000000000000000000000000000000001110111101000100000000000000001011111010010011000000000000000000000000000000000000000000000000000000000000000000000000
00000000000000000000000000000000000000000000000000000000000000000000000000000000101001111001111000000000000000000100011010011000000000000000000000000000000000000000000000000000000000000000000000000000
00000000000000000000000000000000000000000000000000000000000000000000000000000000010100110110000100000000000000000100111101000110000000000000000000000000000000000000000000000000000000000000000000000000
00000000000000000000000000000000000000000000000000000000000000000000000000000000010011111000110100000000000000001011001110100101000000000000000000000000000000000000000000000000000000000000000000000000
00000000000000000000000000000000000000000000000000000000000000000000000000000000100001101110001000000000000000000101101111001010000000000000000000000000000000000000000000000000000000000000000000000000
00000000000000000000000000000000000000000000000000000000000000000000000000000000000011100000000000000000000000000000000011001000000000000000000000000000000000000000000000000000000000000000000000000000
00000000000000000000000000000000000000000000000000000000000000000000000000000000010111010000000000000000000000000000000011100101000000000000000000000000000000000000000000000000000000000000000000000000
00000000000000000000000000000000000000000000000000000000000000000000000000000000010111010000000000000000000000000000000001110101000000000000000000000000000000000000000000000000000000000000000000000000
00000000000000000000000000000000000000000000000000000000000000000000000000000000101111000000000000000000000000000000000001111000000000000000000000000000000000000000000000000000000000000000000000000000
00000000000000000000000000000000000000000000000000000000000000000000000000000000011101000000000000000000000000000000000000110101000000000000000000000000000000000000000000000000000000000000000000000000
00000000000000000000000000000000000000000000000000000000000000000000000000000000101101000000000000000000000000000000000010111010000000000000000000000000000000000000000000000000000000000000000000000000
00000000000000000000000000000000000000000000000000000000000000000000000000000000111001000000000000000000000000000000000010011010000000000000000000000000000000000000000000000000000000000000000000000000
00000000000000000000000000000000000000000000000000000000000000000000000000000000011010010000000000000000000000000000000000011101000000000000000000000000000000000000000000000000000000000000000000000000
00000000000000000000000000000000000000000000000000000000000000000000000001010001111011100000000000000000000000000000000000101100000000000000000000000000000000000000001100000000000000000000000000000000
00000000000000000000000000000000000000000000000000000000000000000000000000110101111001010000000000000000000000000000000000111110000000000000000000000000000000000000001100000000000000000000000000000000
00000000000000000000000000000000000000000000000000000000000000000000000011000101110010100000000000000000000000000000000010011111000000000000000000000000000000000000001100000000000000000000000000000000
00000000000000000000000000000000000000000000000000000000000000000000000000100011110001010000000000000000000000000000000001100110000000000000000000000000000000000000001100000000000000000000000000000000
00000000000000000000000000000000000000000000000000000000000000000000000010110101101101000000000000000000000000000000000010011111000000000000000000000000000000000000001100000000000000000000000000000000
00000000000000000000000000000000000000000000000000000000000000000000000001001111100110100000000000000000000000000000000001000011000000000000000000000000000000000000011100000000000000000000000000000000
00000000000000000000000000000000000000000000000000000000000000000000000010100111010010110000000000000000000000000000000000100111000000000000000000000000000000000000011100000000000000000000000000000000
00000000000000000000000000000000000000000000000000000000000000000000000001011111001001000000000000000000000000000000000011011011000000000000000000000000000000000000011100000000000000000000000000000000
00000000000000000000000000000000000000000000000000000000000000000000000001001100000000000000000000000000000000000000000000001011100011100000000000000000000000000000001100000000000000000000000000000000
00000000000000000000000000000000000000000000000000000000000000000000000010011011000000000000000000000000000000000000000010001101110000010000000000000000000000000000001100000000000000000000000000000000
00000000000000000000000000000000000000000000000000000000000000000000000001111000000000000000000000000000000000000000000010110011110111100000000000000000000000000000001100000000000000000000000000000000
00000000000000000000000000000000000000000000000000000000000000000000000001111011000000000000000000000000000000000000000001101000110100010000000000000000000000000000001100000000000000000000000000000000
00000000000000000000000000000000000000000000000000000000000000000000000011110100000000000000000000000000000000000000000000001101110101100000000000000000000000000000001100000000000000000000000000000000
00000000000000000000000000000000000000000000000000000000000000000000000001111001000000000000000000000000000000000000000001101011110100100000000000000000000000000000001100000000000000000000000000000000
00000000000000000000000000000000000000000000000000000000000000000000000011000000000000000000000000000000000000000000000000010110110110000000000000000000000000000000001100000000000000000000000000000000
00000000000000000000000000000000000000000000000000000000000000000000000011001101000000000000000000000000000000000000000010101101111100100000000000000000000000000000001100000000000000000000000000000000
00000000000000001110000000000000000000000000000000000000000000001011010110111000000000000000000000000000000000000000000000000000011001010000000000000000000000000000001100000000000000000000000000000000
00000000000000001110000000000000000000000000000000000000000000000100101111000101000000000000000000000000000000000000000000000000111000100000000000000000000000000000001100000000000000000000000000000000
00000000000000001110000000000000000000000000000000000000000000000111001100010010000000000000000000000000000000000000000000000000011110010000000000000000000000000000001100000000000000000000000000000000
00000000000000001110000000000000000000000000000000000000000000001000011100101110000000000000000000000000000000000000000000000000101100000000000000000000000000000000001100000000000000000000000000000000
00000000000000001110000000000000000000000000000000000000000000001010011100101001000000000000000000000000000000000000000000000000101110010000000000000000000000000000001100000000000000000000000000000000
00000000000000001110000000000000000000000000000000000000000000000110111000110100000000000000000000000000000000000000000000000000100110100000000000000000000000000000001100000000000000000000000000000000
00000000000000001110000000000000000000000000000000000000000000000101110100101010000000000000000000000000000000000000000000000000010011000000000000000000000000000000001100000000000000000000000000000000
00000000000000001110000000000000000000000000000000000000000000000000111010010100000000000000000000000000000000000000000000000000011011110000000000000000000000000000001100000000000000000000000000000000
00000000000000001110000000000000000000000000000000000000000000000001110100000000000000000000000000000000000000000000000000000000100001101000110100000000000000000000011100000000000000000000000000000000
00000000000000001110000000000000000000000000000000000000000000001001101000000000000000000000000000000000000000000000000000000000001101100111001000000000000000000000000100000000000000000000000000000000
00000000000000001110000000000000000000000000000000000000000000001011101000000000000000000000000000000000000000000000000000000000100001100001100000000000000000000000000000000000000000000000000000000000
00000000000000001111000000000000000000000000000000000000000000000011010100000000000000000000000000000000000000000000000000000000010101110010110100000000000000000000001100000000000000000000000000000000
00000000000000001111100000000000000010000000000000000000000000000111100000000000000000000000000000000000000000001111111100000000011000111000011000000000000000001111111100000000000000000000000000000000
00000000000000001111111100000000000111000000000000000000000000000111010100000000000000000000000000000000000000001111111100000000000011011010100100000000000000001111111100000000000000000000000000000000
00000000000000001111111100000000000111110000000000000000000000001110010100000000000000000000000000000000000000000001111100000000101101011110010000000000000000001111111100000000000000000000000000000000
00000000000000001111111100000000001111110000000000000000000000001100100000000000000000000000000000000000000000000000111100000000010010101101100100000000000000001111111100000000000000000000000000000000
00000000000000000000000000000000000000000000000000000000101101011011100000000000000000000000000000000000000000000000000000000000000000001110010000000000000000000000000000000000000000000000000000000000
00000000000000000000000000000000000000000000000000000000010100111100010100000000000000000000000000000000000000000000000000000000000000001111101000000000000000000000000000000000000000000000000000000000
00000000000000000000000000000000000000000000000000000000000011110001001000000000000000000000000000000000000000000000000000000000000000001111001000000000000000000000000000000000000000000000000000000000
00000000000000000000000000000000000000000000000000000000100111110010111000000000000000000000000000000000000000000000000000000000000000000111111000000000000000000000000000000000000000000000000000000000
00000000000000000000000000000000000000000000000000000000000111100010100100000000000000000000000000000000000000000000000000000000000000000111010100000000000000000000000000000000000000000000000000000000
00000000000000000000000000000000000000000000000000000000101110010011010000000000000000000000000000000000000000000000000000000000000000000111011000000000000000000000000000000000000000000000000000000000
00000000000000000000000000000000000000000000000000000000010111000010101000000000000000000000000000000000000000000000000000000000000000000111100100000000000000000000000000000000000000000000000000000000
00000000000000000000000000000000000000000000000000000000000110011001010000000000000000000000000000000000000000000000000000000000000000000001101000000000000000000000000000000000000000000000000000000000
00000000000000000000000000000000000000000000000001000010101101100000000000000000000000000000000000000000000000000000000000000000000000001011111001000010000000000000000000000000000000000000000000000000
00000000000000000000000000000000000000000000000010000101111100110000000000000000000000000000000000000000000000000000000000000000000000000110110110100001000000000000000000000000000000000000000000000000
00000000000000000000000000000000000000000000000000110100011011010000000000000000000000000000000000000000000000000000000000000000000000000100111000101100000000000000000000000000000000000000000000000000
00000000000000000000000000000000000000000000000011001001111010000000000000000000000000000000000000000000000000000000000000000000000000001101011110010011000000000000000000000000000000000000000000000000
00000000000000000000000000000000000000000000000000011001110100110000000000000000000000000000000000000000000000000000000000000000000000000010011110011000000000000000000000000000000000000000000000000000
00000000000000000000000000000000000000000000000001100010111001000000000000000000000000000000000000000000000000000000000000000000000000001001001101000110000000000000000000000000000000000000000000000000
00000000000000000000000000000000000000000000000010100101110011000000000000000000000000000000000000000000000000000000000000000000000000001001001110100101000000000000000000000000000000000000000000000000
00000000000000000000000000000000000000000000000001010011101010100000000000000000000000000000000000000000000000000000000000000000000000000010010111001010000000000000000000000000000000000000000000000000
00000000000000000000000000000000000000000000000010100111101010100101101010101000100101010000000000000000000000000000000000000000000000000000000011001010000000000000000000000000000000000000000000000000
00000000000000000000000000000000000000000000000000011110010010111100010100001100011010100000000000000000000000000000000000000000000000000000000011110000000000000000000000000000000000000000000000000000
00000000000000000000000000000000000000000000000011111111100001000011100010110010101100010000000000000000000000000000000000000000000000000000000001110010000000000000000000000000000000000000000000000000
00000000000000000000000000000000000000000000000010001111111110101011011101011010110110100000000000000000000000000000000000000000000000000000000001111001000000000000000000000000000000000000000000000000
00000000000000000000000000000000000000000000000001110100011111111111001011001101010001010000000000000000000000000000000000000000000000000000000010110101000000000000000000000000000000000000000000000000
00000000000000000000000000000000000000000000000001001110011011111111111100000000101000110000000000000000000000000000000000000000000000000000000000111101000000000000000000000000000000000000000000000000
00000000000000000000000000000000000000000000000010110000000100101111111111111110000101000000000000000000000000000000000000000000000000000000000001111000000000000000000000000000000000000000000000000000
00000000000000000000000000000000000000000000000001010100010100000101100111111111111000100000000000000000000000000000000000000000000000000000000000011100000000000000000000000000000000000000000000000000
00000000000000000000000000000000000000000000000000000000000000000000000001000111111111110100110101001001010001010000100001100101000000000000000001011001000000000000000000000000000000000000000000000000
00000000000000000000000000000000000000000000000000000000000000000000000010010110100111111111000100010100100010101100110010011000000000000000000000111110000000000000000000000000000000000000000000000000
00000000000000000000000000000000000000000000000000000000000000000000000000010011010001011111111101000010100101000000000101100101000000000000000010011010000000000000000000000000000000000000000000000000
00000000000000000000000000000000000000000000000000000000000000000000000010100101000110111001111111111000001110111100100001011010000000000000000000111110000000000000000000000000000000000000000000000000
00000000000000000000000000000000000000000000000000000000000000000000000001011000110010001100111111111111110000100001001110101001000000000000000010001111000000000000000000000000000000000000000000000000
00000000000000000000000000000000000000000000000000000000000000000000000010100011001001011011000010010111111111101010101010010111000000000000000000011111000000000000000000000000000000000000000000000000
00000000000000000000000000000000000000000000000000000000000000000000000001010100101110000101110100110000111111111111010101101001000000000000000010100111000000000000000000000000000000000000000000000000
00000000000000000000000000000000000000000000000000000000000000000000000010000010010001101010001010101110001001011111111110010010000000000000000011011111000000000000000000000000000000000000000000000000
00000000000000000000000000000000000000000000000000000000000000000000000000000000000000000000000000000000000000000010111111111111111010101001010001010011100010100000000000000000000000000000000000000000
00000000000000000000000000000000000000000000000000000000000000000000000000000000000000000000000000000000000000001101011011111111111101010100000001001111111001010000000000000000000000000000000000000000
00000000000000000000000000000000000000000000000000000000000000000000000000000000000000000000000000000000000000000010100100001001111111100010010001100101100110100000000000000000000000000000000000000000
00000000000000000000000000000000000000000000000000000000000000000000000000000000000000000000000000000000000000001011001001101110000111111000110110000001101000010000000000000000000000000000000000000000
00000000000000000000000000000000000000000000000000000000000000000000000000000000000000000000000000000000000000001010101000000010001000111111111111100101100101100000000000000000000000000000000000000000
00000000000000000000000000000000000000000000000000000000000000000000000000000000000000000000000000000000000000000001000010000101111101101111111111111111111010000000000000000000000000000000000000000000
00000000000000000000000000000000000000000000000000000000000000000000000000000000000000000000000000000000000000000100110100110110000110010100000101011111100100100000000000000000000000000000000000000000
00000000000000000000000000000000000000000000000000000000000000000000000000000000000000000000000000000000000000000001010101011000010010100110101000100010010011010000000000000000000000000000000000000000
00000000000000000000000000000000000000000000000000000000000000000000000000000000000000000000000000000000000000000000000000000000000000000000000000000000000000000000000000000000000000000000000000000000
00000000000000000000000000000000000000000000000000000000000000000000000000000000000000000000000000000000000000000000000000000000000000000000000000000000000000000000000000000000000000000000000000000000
00000000000000000000000000000000000000000000000000000000000000000000000000000000000000000000000000000000000000000000000000000000000000000000000000000000000000000000000000000000000000000000000000000000
00000000000000000000000000000000000000000000000000000000000000000000000000000000000000000000000000000000000000000000000000000000000000000000000000000000000000000000000000000000000000000000000000000000
00000000000000000000000000000000000000000000000000000000000000000000000000000000000000000000000000000000000000000000000000000000000000000000000000000000000000000000000000000000000000000000000000000000
00000000000000000000000000000000000000000000000000000000000000000000000000000000000000000000000000000000000000000000000000000000000000000000000000000000000000000000000000000000000000000000000000000000
00000000000000000000000000000000000000000000000000000000000000000000000000000000000000000000000000000000000000000000000000000000000000000000000000000000000000000000000000000000000000000000000000000000
00000000000000000000000000000000000000000000000000000000000000000000000000000000000000000000000000000000000000000000000000000000000000000000000000000000000000000000000000000000000000000000000000000000
00000000000000000000000000000000000000000000000000000000000000000000000000000000000000000000000000000000000000000000000000000000000000000000000000000000000000000000000000000000000000000000000000000000
00000000000000000000000000000000000000000000000000000000000000000000000000000000000000000000000000000000000000000000000000000000000000000000000000000000000000000000000000000000000000000000000000000000
00000000000000000000000000000000000000000000000000000000000000000000000000000000000000000000000000000000000000000000000000000000000000000000000000000000000000000000000000000000000000000000000000000000
00000000000000000000000000000000000000000000000000000000000000000000000000000000000000000000000000000000000000000000000000000000000000000000000000000000000000000000000000000000000000000000000000000000
00000000000000000000000000000000000000000000000000000000000000000000000000000000000000000000000000000000000000000000000000000000000000000000000000000000000000000000000000000000000000000000000000000000
00000000000000000000000000000000000000000000000000000000000000000000000000000000000000000000000000000000000000000000000000000000000000000000000000000000000000000000000000000000000000000000000000000000
00000000000000000000000000000000000000000000000000000000000000000000000000000000000000000000000000000000000000000000000000000000000000000000000000000000000000000000000000000000000000000000000000000000
00000000000000000000000000000000000000000000000000000000000000000000000000000000000000000000000000000000000000000000000000000000000000000000000000000000000000000000000000000000000000000000000000000000
