200 200
00000000000000000000000000000000000000000000000000000000000000000000000000000000000000000000000000000000000000000000000000000000000000000000000000000000000000000000000000000000000000000000000000000000
00000000000000000000000000000000000000000000000000000000000000000000000000000000000000000000000000000000000000000000000000000000000000000000000000000000000000000000000000000000000000000000000000000000
00000000000000000000000000000000000000000000000000000000000000000000000000000000000000000000000000000000000000000000000000000000000000000000000000000000000000000000000000000000000000000000000000000000
00000000000000000000000000000000000000000000000000000000000000000000000000000000000000000000000000000000000000000000000000000000000000000000000000000000000000000000000000000000000000000000000000000000
00000000000000000000000000000000000000000000000000000000000000000000000000000000000000000000000000000000000000000000000000000000000000000000000000000000000000000000000000000000000000000000000000000000
00000000000000000000000000000000000000000000000000000000000000000000000000000000000000000000000000000000000000000000000000000000000000000000000000000000000000000000000000000000000000000000000000000000
00000000000000000000000000000000000000000000000000000000000000000000000000000000000000000000000000000000000000000000000000000000000000000000000000000000000000000000000000000000000000000000000000000000
00000000000000000000000000000000000000000000000000000000000000000000000000000000000000000000000000000000000000000000000000000000000000000000000000000000000000000000000000000000000000000000000000000000
00000000000000000000000000000000000000000000000000000000000000000000000000000000000000000000000000000000000000000000000000000000000000000000000000000000000000000000000000000000000000000000000000000000
00000000000000000000000000000000000000000000000000000000000000000000000000000000000000000000000000000000000000000000000000000000000000000000000000000000000000000000000000000000000000000000000000000000
00000000000000000000000000000000000000000000000000000000000000000000000000000000000000000000000000000000000000000000000000000000000000000000000000000000000000000000000000000000000000000000000000000000
00000000000000000000000000000000000000000000000000000000000000000000000000000000000000000000000000000000000000000000000000000000000000000000000000000000000000000000000000000000000000000000000000000000
00000000000000000000000000000000000000000000000000000000000000000000000000000000000000000000000000000000000000000000000000000000000000000000000000000000000000000000000000000000000000000000000000000000
00000000000000000000000000000000000000000000000000000000000000000000000000000000000000000000000000000000000000000000000000000000000000000000000000000000000000000000000000000000000000000000000000000000
00000000000000000000000000000000000000000000000000000000000000000000000000000000000000000000000000000000000000000000000000000000000000000000000000000000000000000000000000000000000000000000000000000000
00000000000000000000000000000000000000000000000000000000000000000000000000000000000000000000000000000000000000000000000000000000000000000000000000000000000000000000000000000000000000000000000000000000
00000000000000000000000000000000000000000000000000000000000000000000000000000000000000000000000010010010001010010000000000000000000000000000000000000000000000000000000000000000000000000000000000000000
00000000000000000000000000000000000000000000000000000000000000000000000000000000000000000000000010100001100100100000000000000000000000000000000000000000000000000000000000000000000000000000000000000000
00000000000000000000000000000000000000000000000000000000000000000000000000000000000000000000000000110110000001010000000000000000000000000000000000000000000000000000000000000000000000000000000000000000
00000000000000000000000000000000000000000000000000000000000000000000000000000000000000000000000001101011111110000000000000000000000000000000000000000000000000000000000000000000000000000000000000000000
00000000000000000000000000000000000000000000000000000000000000000000000000000000000000000000000001100011110000100000000000000000000000000000000000000000000000000000000000000000000000000000000000000000
00000000000000000000000000000000000000000000000000000000000000000000000000000000000000000000000000001111111011000000000000000000000000000000000000000000000000000000000000000000000000000000000000000000
00000000000000000000000000000000000000000000000000000000000000000000000000000000000000000000000010100110011001010000000000000000000000000000000000000000000000000000000000000000000000000000000000000000
00000000000000000000000000000000000000000000000000000000000000000000000000000000000000000000000001011111111100010000000000000000000000000000000000000000000000000000000000000000000000000000000000000000
00000000000000000000000000000000000000000000000000000000000000000000000000000000000000000000000010011110111110000000000000000000000000000000000000000000000000000000000000000000000000000000000000000000
00000000000000000000000000000000000000000000000000000000000000000000000000000000000000000000000001011101011111010000000000000000000000000000000000000000000000000000000000000000000000000000000000000000
00000000000000000000000000000000000000000000000000000000000000000000000000000000000000000000000000111100000111000000000000000000000000000000000000000000000000000000000000000000000000000000000000000000
00000000000000000000000000000000000000000000000000000000000000000000000000000000000000000000000010111010011111000000000000000000000000000000000000000000000000000000000000000000000000000000000000000000
00000000000000000000000000000000000000000000000000000000000000000000000000000000000000000000000001111101000111100000000000000000000000000000000000000000000000000000000000000000000000000000000000000000
00000000000000000000000000000000000000000000000000000000000000000000000000000000000000000000000001110000100111110000000000000000000000000000000000000000000000000000000000000000000000000000000000000000
00000000000000000000000000000000000000000000000000000000000000000000000000000000000000000000000011100101101001110000000000000000000000000000000000000000000000000000000000000000000000000000000000000000
00000000000000000000000000000000000000000000000000000000000000000000000000000000000000000000000011101010010010110000000000000000000000000000000000000000000000000000000000000000000000000000000000000000
00000000000000000000000000000000000000000000000000000000000000000000000000000000000000000001001011010010101000110001011000000000000000000000000000000000000000000000000000000000000000000000000000000000
00000000000000000000000000000000000000000000000000000000000000000000000000000000000000000110110111101000000011111010000100000000000000000000000000000000000000000000000000000000000000000000000000000000
00000000000000000000000000000000000000000000000000000000000000000000000000000000000000000100011111010010111101111001101000000000000000000000000000000000000000000000000000000000000000000000000000000000
00000000000000000000000000000000000000000000000000000000000000000000000000000000000000001010100110111100000010011101001000000000000000000000000000000000000000000000000000000000000000000000000000000000
00000000000000000000000000000000000000000000000000000000000000000000000000000000000000000000011110001001001101001110100100000000000000000000000000000000000000000000000000000000000000000000000000000000
00000000000000000000000000000000000000000000000000000000000000000000000000000000000000001011001101011010110100011110010000000000000000000000000000000000000000000000000000000000000000000000000000000000
00000000000000000000000000000000000000000000000000000000000000000000000000000000000000000010101100011100001111000111100100000000000000000000000000000000000000000000000000000000000000000000000000000000
00000000000000000000000000000000000000000000000000000000000000000000000000000000000000001110011111111001010100100111001000000000000000000000000000000000000000000000000000000000000000000000000000000000
00000000000000000000000000000000000000000000000000000000000000000000000000000000000000000100111101011101000000001011101000000000000000000000000000000000000000000000000000000000000000000000000000000000
00000000000000000000000000000000000000000000000000000000000000000000000000000000000000001001111010011010000000000111100000000000000000000000000000000000000000000000000000000000000000000000000000000000
00000000000000000000000000000000000000000000000000000000000000000000000000000000000000000100011100011101000000000101101000000000000000000000000000000000000000000000000000000000000000000000000000000000
00000000000000000000000000000000000000000000000000000000000000000000000000000000000000001000111110111010000000001011110000000000000000000000000000000000000000000000000000000000000000000000000000000000
00000000000000000000000000000000000000000000000000000000000000000000000000000000000000000101111010111001000000000101111000000000000000000000000000000000000000000000000000000000000000000000000000000000
00000000000000000000000000000000000000000000000000000000000000000000000000000000000000001010010101110000000000000101111100000000000000000000000000000000000000000000000000000000000000000000000000000000
00000000000000000000000000000000000000000000000000000000000000000000000000000000000000000100100101110110000000001110111100000000000000000000000000000000000000000000000000000000000000000000000000000000
00000000000000000000000000000000000000000000000000000000000000000000000000000000000000001010001011110001000000001000001100000000000000000000000000000000000000000000000000000000000000000000000000000000
00000000000000000000000000000000000000000000000000000000000000000000000000000000000000000100100111010000000000000001110110001010000000000000000000000000000000000000000000000000000000000000000000000000
00000000000000000000000000000000000000000000000000000000000000000000000000000000000000000001010110110001000000001010001111010011000000000000000000000000000000000000000000000000000000000000000000000000
00000000000000000000000000000000000000000000000000000000000000000000000000000000000000001000001111001101000000000100100011110110000000000000000000000000000000000000000000000000000000000000000000000000
00000000000000000000000000000000000000000000000000000000000000000000000000000000000000000100111100010110000000000111010011101010000000000000000000000000000000000000000000000000000000000000000000000000
00000000000000000000000000000000000000000000000000000000000000000000000000000000000000001011011010110000000000001001010011100101000000000000000000000000000000000000000000000000000000000000000000000000
00000000000000000000000000000000000000000000000000000000000000000000000000000000000000000000111011010110000000000010110010110000000000000000000000000000000000000000000000000000000000000000000000000000
00000000000000000000000000000000000000000000000000000000000000000000000000000000000000000111110101101000000000000101010000111110000000000000000000000000000000000000000000000000000000000000000000000000
00000000000000000000000000000000000000000000000000000000000000000000000000000000000000001010111010110101000000000010100101011001000000000000000000000000000000000000000000000000000000000000000000000000
00000000000000000000000000000000000000000000000000000000000000000000000000000000000000000001110100000000000000000000000010011010010000100000000000000000000000000000000000000000000000000000000000000000
00000000000000000000000000000000000000000000000000000000000000000000000000000000000000001001101000000000000000000000000001011101101000010000000000000000000000000000000000000000000000000000000000000000
00000000000000000000000000000000000000000000000000000000000000000000000000000000000000001011101000000000000000000000000001001111001011000000000000000000000000000000000000000000000000000000000000000000
00000000000000000000000000000000000000000000000000000000000000000000000000000000000000000011010100000000000000000000000001010111100100110000000000000000000000000000000000000000000000000000000000000000
00000000000000000000000000000000000000000000000000000000000000000000000000000000000000000111100000000000000000000000000010000111100110000000000000000000000000000000000000000000000000000000000000000000
00000000000000000000000000000000000000000000000000000000000000000000000000000000000000000111010100000000000000000000000000001111010001100000000000000000000000000000000000000000000000000000000000000000
00000000000000000000000000000000000000000000000000000000000000000000000000000000000000001110010100000000000000000000000001100011101001010000000000000000000000000000000000000000000000000000000000000000
00000000000000000000000000000000000000000000000000000000000000000000000000000000000000001100100000000000000000000000000010001101110010100000000000000000000000000000000000000000000000000000000000000000
00000000000000000000000000000000000000000000000000000000000000000000000000000000101011011101100000000000000000000000000000000000111110100000000000000000000000000000000000000000000000000000000000000000
00000000000000000000000000000000000000000000000000000000000000000000000000000000100100111010010100000000000000000000000000000000011001010000000000000000000000000000000000000000000000000000000000000000
00000000000000000000000000000000000000000000000000000000000000000000000000000000000011110100001000000000000000000000000000000000101110010000000000000000000000000000000000000000000000000000000000000000
00000000000000000000000000000000000000000000000000000000000000000000000000000000010101111001100000000000000000000000000000000000011111010000000000000000000000000000000000000000000000000000000000000000
00000000000000000000000000000000000000000000000000000000000000000000000000000000010011111001001100000000000000000000000000000000100110100000000000000000000000000000000000000000000000000000000000000000
00000000000000000000000000000000000000000000000000000000000000000000000000000000101011100010110000000000000000000000000000000000000111000000000000000000000000000000000000000000000000000000000000000000
00000000000000000000000000000000000000000000000000000000000000000000000000000000010111011010000100000000000000000000000000000000101111010000000000000000000000000000000000000000000000000000000000000000
00000000000000000000000000000000000000000000000000000000000000000000000000000000100011000100011000000000000000000000000000000000100111100000000000000000000000000000000000000000000000000000000000000000
00000000000000000000000000000000000000000000000000000000000000000000000000000000010111000000000000000000000000000000000000000000010011100100101000000000000000000000000000000000000000000000000000000000
00000000000000000000000000000000000000000000000000000000000000000000000000000000101111110000000000000000000000000000000000000000100101101011110000000000000000000000000000000000000000000000000000000000
00000000000000000000000000000000000000000000000000000000000000000000000000000000010111000000000000000000000000000000000000000000001100111000001100000000000000000000000000000000000000000000000000000000
00000000000000000000000000000000000000000000000000000000000000000000000000000000101110010000000000000000000000000000000000000000101011110010110000000000000000000000000000000000000000000000000000000000
00000000000000000000000000000000000000000000000000000000000000000000000000000000001110110000000000000000000000000000000000000000100110111001000000000000000000000000000000000000000000000000000000000000
00000000000000000000000000000000000000000000000000000000000000000000000000000000101101000000000000000000000000000000000000000000001001011010111100000000000000000000000000000000000000000000000000000000
00000000000000000000000000000000000000000000000000000000000000000000000000000000111100100000000000000000000000000000000000000000100101011111010000000000000000000000000000000000000000000000000000000000
00000000000000000000000000000000000000000000000000000000000000000000000000000000001110000000000000000000000000000000000000000000001001001100010100000000000000000000000000000000000000000000000000000000
00000000000000000000000000000000000000000000000000000000000000000000000000000000011100100000000000000000000000000000000000000000000000001110010100000000000000000000000000000000000000000000000000000000
00000000000000000000000000000000000000000000000000000000000000000000000000000000111101000000000000000000000000000000000000000000000000000111000000000000000000000000000000000000000000000000000000000000
00000000000000000000000000000000000000000000000000000000000000000000000000000000111000110000000000000000000000000000000000000000000000000111110100000000000000000000000000000000000000000000000000000000
00000000000000000000000000000000000000000000000000000000000000000000000000000000111111000000000000000000000000000000000000000000000000000111100000000000000000000000000000000000000000000000000000000000
00000000000000000000000000000000000000000000000000000000000000000000000000000000001001110000000000000000000000000000000000000000000000001111100100000000000000000000000000000000000000000000000000000000
00000000000000000000000000000000000000000000000000000000000000000000000000000000111101000000000000000000000000000000000000000000000000000011111000000000000000000000000000000000000000000000000000000000
00000000000000000000000000000000000000000000000000000000000000000000000000000000011110100000000000000000000000000000000000000000000000001111110000000000000000000000000000000000000000000000000000000000
00000000000000000000000000000000000000000000000000000000000000000000000000000000111011000000000000000000000000000000000000000000000000000000110000000000000000000000000000000000000000000000000000000000
00000000000000000000000000000000000000000000000000000000000000000000000010010010111100100000000000000000000000000000000000000000000000000100111001001010000000000000000000000000000000000000000000000000
00000000000000000000000000000000000000000000000000000000000000000000000000110010110010110000000000000000000000000000000000000000000000001001111010111100000000000000000000000000000000000000000000000000
00000000000000000000000000000000000000000000000000000000000000000000000001010111111111000000000000000000000000000000000000000000000000000010011110000011000000000000000000000000000000000000000000000000
00000000000000000000000000000000000000000000000000000000000000000000000011100101111000110000000000000000000000000000000000000000000000001001011100101100000000000000000000000000000000000000000000000000
00000000000000000000000000000000000000000000000000000000000000000000000000010011110011000000000000000000000000000000000000000000000000000100101110010000000000000000000000000000000000000000000000000000
00000000000000000000000000000000000000000000000000000000000000000000000011001011000110110000000000000000000000000000000000000000000000000101100110101111000000000000000000000000000000000000000000000000
00000000000000000000000000000000000000000000000000000000000000000000000001001111011001000000000000000000000000000000000000000000000000001000010111110100000000000000000000000000000000000000000000000000
00000000000000000000000000000000000000000000000000000000000000000000000010100111010110100000000000000000000000000000000000000000000000000110100011000101000000000000000000000000000000000000000000000000
00000000000000000000000000000000000000000000000000000000000000000000000000101111000000000000000000000000000000000000000000000000000000000000000011100101000000000000000000000000000000000000000000000000
00000000000000000000000000000000000000000000000000000000000000000000000000001100000000000000000000000000000000000000000000000000000000000000000001110000000000000000000000000000000000000000000000000000
00000000000000000000000000000000000000000000000000000000000000000000000010111010000000000000000000000000000000000000000000000000000000000000000001111101000000000000000000000000000000000000000000000000
00000000000000000000000000000000000000000000000000000000000000000000000000011001000000000000000000000000000000000000000000000000000000000000000001111000000000000000000000000000000000000000000000000000
00000000000000000000000000000000000000000000000000000000000000000000000001111010000000000000000000000000000000000000000000000000000000000000000011111001000000000000000000000000000000000000000000000000
00000000000000000000000000000000000000000000000000000000000000000000000010111001000000000000000000000000000000000000000000000000000000000000000000111110000000000000000000000000000000000000000000000000
00000000000000000000000000000000000000000000000000000000000000000000000000110101000000000000000000000000000000000000000000000000000000000000000011111100000000000000000000000000000000000000000000000000
00000000000000000000000000000000000000000000000000000000000000000000000001111000000000000000000000000000000000000000000000000000000000000000000000001100000000000000000000000000000000000000000000000000
00000000000000000000000000000000000000000000000000000000000000000101101011110101000000000000000000000000000000000000000000000000000000000000000010010110100000010000000000000000000000000000000000000000
00000000000000000000000000000000000000000000000000000000000000000010011001110110000000000000000000000000000000000000000000000000000000000000000010100111011011000000000000000000000000000000000000000000
00000000000000000000000000000000000000000000000000000000000000001001100011001000000000000000000000000000000000000000000000000000000000000000000001001011100010010000000000000000000000000000000000000000
00000000000000000000000000000000000000000000000000000000000000000011001111110100000000000000000000000000000000000000000000000000000000000000000000010101110101100000000000000000000000000000000000000000
00000000000000000000000000000000000000000000000000000000000000001100111111110010000000000000000000000000000000000000000000000000000000000000000010101010111000010000000000000000000000000000000000000000
00000000000000000000000000000000000000000000000000000000000000000011111110001100000000000000000000000000000000000000000000000000000000000000000000101001111011100000000000000000000000000000000000000000
00000000000000000000000000000000000000000000000000000000000000001101001110110110000000000000000000000000000000000000000000000000000000000000000001001100011101010000000000000000000000000000000000000000
00000000000000000000000000000000000000000000000000000000000000000100111100100101000000000000000000000000000000000000000000000000000000000000000010010010101100100000000000000000000000000000000000000000
00000000000000000000000000000000000000000000000000000000000000001001111000000000000000000000000000000000000000000000000000000000000000000000000000000000101110010100101100000000000000000000000000000000
00000000000000000000000000000000000000000000000000000000000000000010011100000000000000000000000000000000000000000000000000000000000000000000000000000000100111100010000100000000000000000000000000000000
00000000000000000000000000000000000000000000000000000000000000001001110000000000000000000000000000000000000000000000000000000000000000000000000000000000010011111000110100000000000000000000000000000000
00000000000000000000000000000000000000000000000000000000000000000100111100000000000000000000000000000000000000000000000000000000000000000000000000000000011011111001000100000000000000000000000000000000
00000000000000000000000000000000000000000000000000000000000000000101110000000000000000000000000000000000000000000000000000000000000000000000000000000000100101100011011000000000000000000000000000000000
00000000000000000000000000000000000000000000000000000000000000000011100100000000000000000000000000000000000000000000000000000000000000000000000000000000010000111100001100000000000000000000000000000000
00000000000000000000000000000000000000000000000000000000000000000101111000000000000000000000000000000000000000000000000000000000000000000000000000000000100110111010010100000000000000000000000000000000
00000000000000000000000000000000000000000000000000000000000000001011100100000000000000000000000000000000000000000000000000000000000000000000000000000000010001011101001000000000000000000000000000000000
00000000000000000000000000000000000000000000000000000000010000101011010100000000000000000000000000000000000000000000000000000000000000000000000000000000000000001101100100000000000000000000000000000000
00000000000000000000000000000000000000000000000000000000000010100111111000000000000000000000000000000000000000000000000000000000000000000000000000000000000000000110001100000000000000000000000000000000
00000000000000000000000000000000000000000000000000000000010011011111000100000000000000000000000000000000000000000000000000000000000000000000000000000000000000000111000000000000000000000000000000000000
00000000000000000000000000000000000000000000000000000000001000101100010000000000000000000000000000000000000000000000000000000000000000000000000000000000000000001111110100000000000000000000000000000000
00000000000000000000000000000000000000000000000000000000010111011100101000000000000000000000000000000000000000000000000000000000000000000000000000000000000000001101111100000000000000000000000000000000
00000000000000000000000000000000000000000000000000000000000100111101001000000000000000000000000000000000000000000000000000000000000000000000000000000000000000000110111100000000000000000000000000000000
00000000000000000000000000000000000000000000000000000000110001111011010100000000000000000000000000000000000000000000000000000000000000000000000000000000000000001101011000000000000000000000000000000000
00000000000000000000000000000000000000000000000000000000010000011100110000000000000000000000000000000000000000000000000000000000000000000000000000000000000000001010011100000000000000000000000000000000
00000000000000001110000000000000000000000000000000000000001101111001001000000000000000000000000000000000000000000000000000000000000000000000000000000000000000000011011110001010000000000000000000000000
00000000000000001110000000000000000000000000000000000000010011110110100100000000000000000000000000000000000000000000000000000000000000000000000000000000000000001000001111010101000000000000000000000000
00000000000000001110000000000000000000000000000000000000101101111000011100000000000000000000000000000000000000000000000000000000000000000000000000000000000000000101101011001010000000000000000000000000
00000000000000001110000000000000000000000000000000000000000001111010100100000000000000000000000000000000000000000000000000000000000000000000000000000000000000001010010101110001000000000000000000000000
00000000000000001110000000000000000000000000000000000000010111100101101000000000000000000000000000000000000000000000000000000000000000000000000000000000000000000010110011110110000000000000000000000000
00000000000000001110000000000000000000000000000000000000001111100110010100000000000000000000000000000000000000000000000000000000000000000000000000000000000000000110001001111001000000000000000000000000
00000000000000001110000000000000000000000000000000000000000111001001100000000000000000000000000000000000000000000000000000000000000000000000000000000000000000001001010110111010000000000000000000000000
00000000000000001110000000000000000000000000000000000000001110010110000100000000000000000000000000000000000000000000000000000000000000000000000000000000000000000110000101001100000000000000000000000000
00000000000000001110000000000000000000000000000000000000111111010000000000000000000000000000000000000000000000001101010000000000000000000000000000000000000000000000011100011111100000100000000000000000
00000000000000001110000000000000000000000000000000000000101101100000000000000000000000000000000000000000000000001000001000000000000000000000000000000000000000000000000101101110001100100000000000000000
00000000000000001110000000000000000000000000000000000000011100010000000000000000000000000000000000000000000000000010100100000000000000000000000000000000000000000000000001011011111010110000000000000000
00000000000000001111000000000000000000000000000000000000111011000000000000000000000000000000000000000000000000001000110000000000000000000000000000000000000000000000001110001011100111000000000000000000
00000000000000001111100000000000000010000000000000000000011001110000000000000000000000000000000000000000000000000001011100000000000000000000000000000000000000001111111101111001110100100000000000000000
00000000000000001111111100000000000111000000000000000000111000101111111111111111111111111111111111111111111111111110101100000000000000000000000000000000000000001111111110000110111101000000000000000000
00000000000000001111111100000000000111110000000000000000111111111111111111111111111111111111111111111111111111111111000000000000000000000000000000000000000000001111111110110001101110110000000000000000
00000000000000001111111100000000001111110000000000000000111111111111111111111111111111111111111111111111111111111111111100000000000000000000000000000000000000001111111101000111010111100000000000000000
00000000000000000000000000000000000000000000000000000000000000000000000000000000000000000000000000000000000000000010111111111001010001010100010110010100101010001010100000000000100111100101000000000000
00000000000000000000000000000000000000000000000000000000000000000000000000000000000000000000000000000000000000001101011011111111001000101011101010100100000011001011001000000000011011110101001000000000
00000000000000000000000000000000000000000000000000000000000000000000000000000000000000000000000000000000000000000010100110101111111100000000110101011111101100100000100000000000001110111110010100000000
00000000000000000000000000000000000000000000000000000000000000000000000000000000000000000000000000000000000000001011001001010101111111111111001110100010010110100101010100000000000101011101001100000000
00000000000000000000000000000000000000000000000000000000000000000000000000000000000000000000000000000000000000001010101000000000100011111111100100110101110011010100110100000000111000001110101000000000
00000000000000000000000000000000000000000000000000000000000000000000000000000000000000000000000000000000000000000001000010111010011100011111111111111101000000001001010000000000100011100111000000000000
00000000000000000000000000000000000000000000000000000000000000000000000000000000000000000000000000000000000000000100110101000000110011001000111111111111111111100110101100000000011100111011000100000000
00000000000000000000000000000000000000000000000000000000000000000000000000000000000000000000000000000000000000000001010100000010000101000011001001010111111111111111010000000000101001000101101000000000
00000000000000000000000000000000000000000000000000000000000000000000000000000000000000000000000000000000000000000000000000000000000000000000000000000000010001111111111110100100011101010111110001011010
00000000000000000000000000000000000000000000000000000000000000000000000000000000000000000000000000000000000000000000000000000000000000000000000000000000100101101010111111111111000011000001111010100111
00000000000000000000000000000000000000000000000000000000000000000000000000000000000000000000000000000000000000000000000000000000000000000000000000000000000100110101010101111111111010011001111110100010
00000000000000000000000000000000000000000000000000000000000000000000000000000000000000000000000000000000000000000000000000000000000000000000000000000000101001011100100001000011111111110100100111110101
00000000000000000000000000000000000000000000000000000000000000000000000000000000000000000000000000000000000000000000000000000000000000000000000000000000010110000001001111011100000111111110100111111010
00000000000000000000000000000000000000000000000000000000000000000000000000000000000000000000000000000000000000000000000000000000000000000000000000000000101000111000000000101001010000101111111001101101
00000000000000000000000000000000000000000000000000000000000000000000000000000000000000000000000000000000000000000000000000000000000000000000000000000000010101000011001101010001001010000001111111110011
00000000000000000000000000000000000000000000000000000000000000000000000000000000000000000000000000000000000000000000000000000000000000000000000000000000100000100001000010100010100100100110011111110010
00000000000000000000000000000000000000000000000000000000000000000000000000000000000000000000000000000000000000000000000000000000000000000000000000000000000000000000000000000000000000000000000011110001
00000000000000000000000000000000000000000000000000000000000000000000000000000000000000000000000000000000000000000000000000000000000000000000000000000000000000000000000000000000000000000000000001000100
00000000000000000000000000000000000000000000000000000000000000000000000000000000000000000000000000000000000000000000000000000000000000000000000000000000000000000000000000000000000000000000000010001010
00000000000000000000000000000000000000000000000000000000000000000000000000000000000000000000000000000000000000000000000000000000000000000000000000000000000000000000000000000000000000000000000000100010
00000000000000000000000000000000000000000000000000000000000000000000000000000000000000000000000000000000000000000000000000000000000000000000000000000000000000000000000000000000000000000000000011011001
00000000000000000000000000000000000000000000000000000000000000000000000000000000000000000000000000000000000000000000000000000000000000000000000000000000000000000000000000000000000000000000000010101010
00000000000000000000000000000000000000000000000000000000000000000000000000000000000000000000000000000000000000000000000000000000000000000000000000000000000000000000000000000000000000000000000010001100
00000000000000000000000000000000000000000000000000000000000000000000000000000000000000000000000000000000000000000000000000000000000000000000000000000000000000000000000000000000000000000000000001101100
00000000000000000000000000000000000000000000000000000000000000000000000000000000000000000000000000000000000000000000000000000000000000000000000000000000000000000000000000000000000000000000000000000000
00000000000000000000000000000000000000000000000000000000000000000000000000000000000000000000000000000000000000000000000000000000000000000000000000000000000000000000000000000000000000000000000000000000
00000000000000000000000000000000000000000000000000000000000000000000000000000000000000000000000000000000000000000000000000000000000000000000000000000000000000000000000000000000000000000000000000000000
00000000000000000000000000000000000000000000000000000000000000000000000000000000000000000000000000000000000000000000000000000000000000000000000000000000000000000000000000000000000000000000000000000000
00000000000000000000000000000000000000000000000000000000000000000000000000000000000000000000000000000000000000000000000000000000000000000000000000000000000000000000000000000000000000000000000000000000
00000000000000000000000000000000000000000000000000000000000000000000000000000000000000000000000000000000000000000000000000000000000000000000000000000000000000000000000000000000000000000000000000000000
00000000000000000000000000000000000000000000000000000000000000000000000000000000000000000000000000000000000000000000000000000000000000000000000000000000000000000000000000000000000000000000000000000000
00000000000000000000000000000000000000000000000000000000000000000000000000000000000000000000000000000000000000000000000000000000000000000000000000000000000000000000000000000000000000000000000000000000
00000000000000000000000000000000000000000000000000000000000000000000000000000000000000000000000000000000000000000000000000000000000000000000000000000000000000000000000000000000000000000000000000000000
00000000000000000000000000000000000000000000000000000000000000000000000000000000000000000000000000000000000000000000000000000000000000000000000000000000000000000000000000000000000000000000000000000000
00000000000000000000000000000000000000000000000000000000000000000000000000000000000000000000000000000000000000000000000000000000000000000000000000000000000000000000000000000000000000000000000000000000
00000000000000000000000000000000000000000000000000000000000000000000000000000000000000000000000000000000000000000000000000000000000000000000000000000000000000000000000000000000000000000000000000000000
00000000000000000000000000000000000000000000000000000000000000000000000000000000000000000000000000000000000000000000000000000000000000000000000000000000000000000000000000000000000000000000000000000000
00000000000000000000000000000000000000000000000000000000000000000000000000000000000000000000000000000000000000000000000000000000000000000000000000000000000000000000000000000000000000000000000000000000
00000000000000000000000000000000000000000000000000000000000000000000000000000000000000000000000000000000000000000000000000000000000000000000000000000000000000000000000000000000000000000000000000000000
00000000000000000000000000000000000000000000000000000000000000000000000000000000000000000000000000000000000000000000000000000000000000000000000000000000000000000000000000000000000000000000000000000000
00000000000000000000000000000000000000000000000000000000000000000000000000000000000000000000000000000000000000000000000000000000000000000000000000000000000000000000000000000000000000000000000000000000
00000000000000000000000000000000000000000000000000000000000000000000000000000000000000000000000000000000000000000000000000000000000000000000000000000000000000000000000000000000000000000000000000000000
00000000000000000000000000000000000000000000000000000000000000000000000000000000000000000000000000000000000000000000000000000000000000000000000000000000000000000000000000000000000000000000000000000000
00000000000000000000000000000000000000000000000000000000000000000000000000000000000000000000000000000000000000000000000000000000000000000000000000000000000000000000000000000000000000000000000000000000
00000000000000000000000000000000000000000000000000000000000000000000000000000000000000000000000000000000000000000000000000000000000000000000000000000000000000000000000000000000000000000000000000000000
00000000000000000000000000000000000000000000000000000000000000000000000000000000000000000000000000000000000000000000000000000000000000000000000000000000000000000000000000000000000000000000000000000000
00000000000000000000000000000000000000000000000000000000000000000000000000000000000000000000000000000000000000000000000000000000000000000000000000000000000000000000000000000000000000000000000000000000
00000000000000000000000000000000000000000000000000000000000000000000000000000000000000000000000000000000000000000000000000000000000000000000000000000000000000000000000000000000000000000000000000000000
00000000000000000000000000000000000000000000000000000000000000000000000000000000000000000000000000000000000000000000000000000000000000000000000000000000000000000000000000000000000000000000000000000000
00000000000000000000000000000000000000000000000000000000000000000000000000000000000000000000000000000000000000000000000000000000000000000000000000000000000000000000000000000000000000000000000000000000
00000000000000000000000000000000000000000000000000000000000000000000000000000000000000000000000000000000000000000000000000000000000000000000000000000000000000000000000000000000000000000000000000000000
00000000000000000000000000000000000000000000000000000000000000000000000000000000000000000000000000000000000000000000000000000000000000000000000000000000000000000000000000000000000000000000000000000000
00000000000000000000000000000000000000000000000000000000000000000000000000000000000000000000000000000000000000000000000000000000000000000000000000000000000000000000000000000000000000000000000000000000
00000000000000000000000000000000000000000000000000000000000000000000000000000000000000000000000000000000000000000000000000000000000000000000000000000000000000000000000000000000000000000000000000000000
00000000000000000000000000000000000000000000000000000000000000000000000000000000000000000000000000000000000000000000000000000000000000000000000000000000000000000000000000000000000000000000000000000000
00000000000000000000000000000000000000000000000000000000000000000000000000000000000000000000000000000000000000000000000000000000000000000000000000000000000000000000000000000000000000000000000000000000
