200 200
00000000000000000000000000000000000000000000000000000000000000000000000000000000000000000000000000000000000000000000000000000000000000000000000000000000000000000000000000000000000000000000000000000000
00000000000000000000000000000000000000000000000000000000000000000000000000000000000000000000000000000000000000000000000000000000000000000000000000000000000000000000000000000000000000000000000000000000
00000000000000000000000000000000000000000000000000000000000000000000000000000000000000000000000000000000000000000000000000000000000000000000000000000000000000000000000000000000000000000000000000000000
00000000000000000000000000000000000000000000000000000000000000000000000000000000000000000000000000000000000000000000000000000000000000000000000000000000000000000000000000000000000000000000000000000000
00000000000000000000000000000000000000000000000000000000000000000000000000000000000000000000000000000000000000000000000000000000000000000000000000000000000000000000000000000000000000000000000000000000
00000000000000000000000000000000000000000000000000000000000000000000000000000000000000000000000000000000000000000000000000000000000000000000000000000000000000000000000000000000000000000000000000000000
00000000000000000000000000000000000000000000000000000000000000000000000000000000000000000000000000000000000000000000000000000000000000000000000000000000000000000000000000000000000000000000000000000000
00000000000000000000000000000000000000000000000000000000000000000000000000000000000000000000000000000000000000000000000000000000000000000000000000000000000000000000000000000000000000000000000000000000
00000000000000000000000000000000000000000000000000000000000000000000000000000000001001011010010000000000000000000000000000000000000000000000000000000000000000000000000000000000000000000000000000000000
00000000000000000000000000000000000000000000000000000000000000000000000000000000000101000010100000000000000000000000000000000000000000000000000000000000000000000000000000000000000000000000000000000000
00000000000000000000000000000000000000000000000000000000000000000000000000000000011010100101011000000000000000000000000000000000000000000000000000000000000000000000000000000000000000000000000000000000
00000000000000000000000000000000000000000000000000000000000000000000000000000000000100111100100000000000000000000000000000000000000000000000000000000000000000000000000000000000000000000000000000000000
00000000000000000000000000000000000000000000000000000000000000000000000000000000101111000011110100000000000000000000000000000000000000000000000000000000000000000000000000000000000000000000000000000000
00000000000000000000000000000000000000000000000000000000000000000000000000000000100001111110000100000000000000000000000000000000000000000000000000000000000000000000000000000000000000000000000000000000
00000000000000000000000000000000000000000000000000000000000000000000000000000000010110111101101000000000000000000000000000000000000000000000000000000000000000000000000000000000000000000000000000000000
00000000000000000000000000000000000000000000000000000000000000000000000000000000101001011010010100000000000000000000000000000000000000000000000000000000000000000000000000000000000000000000000000000000
00000000000000000000000000000000000000000000000000000000000000000000000000000000010010011101011011010010000000000000000000000000000000000000000000000000000000000000000000000000000000000000000000000000
00000000000000000000000000000000000000000000000000000000000000000000000000000000100101101100100100111110000000000000000000000000000000000000000000000000000000000000000000000000000000000000000000000000
00000000000000000000000000000000000000000000000000000000000000000000000000000000111000011110010011110101000000000000000000000000000000000000000000000000000000000000000000000000000000000000000000000000
00000000000000000000000000000000000000000000000000000000000000000000000000000000100101011101001001100100000000000000000000000000000000000000000000000000000000000000000000000000000000000000000000000000
00000000000000000000000000000000000000000000000000000000000000000000000000000000010110101100100011101001000000000000000000000000000000000000000000000000000000000000000000000000000000000000000000000000
00000000000000000000000000000000000000000000000000000000000000000000000000000000101001101110101111100101000000000000000000000000000000000000000000000000000000000000000000000000000000000000000000000000
00000000000000000000000000000000000000000000000000000000000000000000000000000000000110011110011100010001000000000000000000000000000000000000000000000000000000000000000000000000000000000000000000000000
00000000000000000000000000000000000000000000000000000000000000000000000000000000100001100111111001000100000000000000000000000000000000000000000000000000000000000000000000000000000000000000000000000000
00000000000000000000000000000000000000000000000000000000000000000000000000000000010000100111111000000000000000000000000000000000000000000000000000000000000000000000000000000000000000000000000000000000
00000000000000000000000000000000000000000000000000000000000000000000000000000000100001011110110100000000000000000000000000000000000000000000000000000000000000000000000000000000000000000000000000000000
00000000000000000000000000000000000000000000000000000000000000000000000000000000001101000111110000000000000000000000000000000000000000000000000000000000000000000000000000000000000000000000000000000000
00000000000000000000000000000000000000000000000000000000000000000000000000000000110010011111110100000000000000000000000000000000000000000000000000000000000000000000000000000000000000000000000000000000
00000000000000000000000000000000000000000000000000000000000000000000000000000000000110011111100000000000000000000000000000000000000000000000000000000000000000000000000000000000000000000000000000000000
00000000000000000000000000000000000000000000000000000000000000000000000000000000011000101111001000000000000000000000000000000000000000000000000000000000000000000000000000000000000000000000000000000000
00000000000000000000000000000000000000000000000000000000000000000000000000000000101001011111101000000000000000000000000000000000000000000000000000000000000000000000000000000000000000000000000000000000
00000000000000000000000000000000000000000000000000000000000000000000000000000000010100111111110000000000000000000000000000000000000000000000000000000000000000000000000000000000000000000000000000000000
00000000000000000000000000000000000000000000000000000000000000000000000000000000010111110011101000000000000000000000000000000000000000000000000000000000000000000000000000000000000000000000000000000000
00000000000000000000000000000000000000000000000000000000000000000000000000000000101011110100110000000000000000000000000000000000000000000000000000000000000000000000000000000000000000000000000000000000
00000000000000000000000000000000000000000000000000000000000000000000000000000000011111000010110100000000000000000000000000000000000000000000000000000000000000000000000000000000000000000000000000000000
00000000000000000000000000000000000000000000000000000000000000000000000000000000100111011000110000000000000000000000000000000000000000000000000000000000000000000000000000000000000000000000000000000000
00000000000000000000000000000000000000000000000000000000000000000000000000000000010110100111110000000000000000000000000000000000000000000000000000000000000000000000000000000000000000000000000000000000
00000000000000000000000000000000000000000000000000000000000000000000000000000000101110011000110100000000000000000000000000000000000000000000000000000000000000000000000000000000000000000000000000000000
00000000000000000000000000000000000000000000000000000000000000000000000000000000001101010110110000000000000000000000000000000000000000000000000000000000000000000000000000000000000000000000000000000000
00000000000000000000000000000000000000000000000000000000000000000000000000000000111101001001111100000000000000000000000000000000000000000000000000000000000000000000000000000000000000000000000000000000
00000000000000000000000000000000000000000000000000000000000000000000000001010010111000010001111010010100000000000000000000000000000000000000000000000000000000000000000000000000000000000000000000000000
00000000000000000000000000000000000000000000000000000000000000000000000000111101111001001010111100101010000000000000000000000000000000000000000000000000000000000000000000000000000000000000000000000000
00000000000000000000000000000000000000000000000000000000000000000000000011000001110110010001111000110100000000000000000000000000000000000000000000000000000000000000000000000000000000000000000000000000
00000000000000000000000000000000000000000000000000000000000000000000000000110100110001100101111100101001000000000000000000000000000000000000000000000000000000000000000000000000000000000000000000000000
00000000000000000000000000000000000000000000000000000000000000000000000000001001111101010010001100101110000000000000000000000000000000000000000000000000000000000000000000000000000000000000000000000000
00000000000000000000000000000000000000000000000000000000000000000000000011110101100011001010101100010010000000000000000000000000000000000000000000000000000000000000000000000000000000000000000000000000
00000000000000000000000000000000000000000000000000000000000000000000000000101111101000111100011111000101000000000000000000000000000000000000000000000000000000000000000000000000000000000000000000000000
00000000000000000000000000000000000000000000000000000000000000000000000010100011000101010010010110111000000000000000000000000000000000000000000000000000000000000000000000000000000000000000000000000000
00000000000000000000000000000000000000000000000000000000000000000000000011000111000000001010010110010001000000000000000000000000000000000000000000000000000000000000000000000000000000000000000000000000
00000000000000000000000000000000000000000000000000000000000000000000000000111110000000000101100110000010000000000000000000000000000000000000000000000000000000000000000000000000000000000000000000000000
00000000000000000000000000000000000000000000000000000000000000000000000010001110000000001000011111110110000000000000000000000000000000000000000000000000000000000000000000000000000000000000000000000000
00000000000000000000000000000000000000000000000000000000000000000000000000101101000000001011110011001001000000000000000000000000000000000000000000000000000000000000000000000000000000000000000000000000
00000000000000000000000000000000000000000000000000000000000000000000000011011110000000000001000111100100000000000000000000000000000000000000000000000000000000000000000000000000000000000000000000000000
00000000000000000000000000000000000000000000000000000000000000000000000001011101000000000110101011101000000000000000000000000000000000000000000000000000000000000000000000000000000000000000000000000000
00000000000000000000000000000000000000000000000000000000000000000000000010111001000000001001010001110101000000000000000000000000000000000000000000000000000000000000000000000000000000000000000000000000
00000000000000000000000000000000000000000000000000000000000000000000000001110100000000000010010111111000000000000000000000000000000000000000000000000000000000000000000000000000000000000000000000000000
00000000000000000000000000000000000000000000000000000000000000000100001000110101000000000000000010111100000000000000000000000000000000000000000000000000000000000000000000000000000000000000000000000000
00000000000000000000000000000000000000000000000000000000000000001000010111110000000000000000000001110010000000000000000000000000000000000000000000000000000000000000000000000000000000000000000000000000
00000000000000000000000000000000000000000000000000000000000000000011010011100101000000000000000000111100000000000000000000000000000000000000000000000000000000000000000000000000000000000000000000000000
00000000000000000000000000000000000000000000000000000000000000001100100101111110000000000000000010110010000000000000000000000000000000000000000000000000000000000000000000000000000000000000000000000000
00000000000000000000000000000000000000000000000000000000000000000001100111101001000000000000000001110101000000000000000000000000000000000000000000000000000000000000000000000000000000000000000000000000
00000000000000000000000000000000000000000000000000000000000000000110001011110101000000000000000011111000000000000000000000000000000000000000000000000000000000000000000000000000000000000000000000000000
00000000000000000000000000000000000000000000000000000000000000001010010111101010000000000000000000011101000000000000000000000000000000000000000000000000000000000000000000000000000000000000000000000000
00000000000000000000000000000000000000000000000000000000000000000101001111010011000000000000000001001101000000000000000000000000000000000000000000000000000000000000000000000000000000000000000000000000
00000000000000000000000000000000000000000000000000000000000000000000101100000000000000000000000010011110000000000000000000000000000000000000000000000000000000000000000000000000000000000000000000000000
00000000000000000000000000000000000000000000000000000000000000000100111100000000000000000000000001001100000000000000000000000000000000000000000000000000000000000000000000000000000000000000000000000000
00000000000000000000000000000000000000000000000000000000000000001000011000000000000000000000000010101111000000000000000000000000000000000000000000000000000000000000000000000000000000000000000000000000
00000000000000000000000000000000000000000000000000000000000000000001111000000000000000000000000001001110000000000000000000000000000000000000000000000000000000000000000000000000000000000000000000000000
00000000000000000000000000000000000000000000000000000000000000000101111000000000000000000000000010100110000000000000000000000000000000000000000000000000000000000000000000000000000000000000000000000000
00000000000000000000000000000000000000000000000000000000000000000011100000000000000000000000000000011111000000000000000000000000000000000000000000000000000000000000000000000000000000000000000000000000
00000000000000000000000000000000000000000000000000000000000000001101110000000000000000000000000011101011000000000000000000000000000000000000000000000000000000000000000000000000000000000000000000000000
00000000000000000000000000000000000000000000000000000000000000000011101000000000000000000000000000101011000000000000000000000000000000000000000000000000000000000000000000000000000000000000000000000000
00000000000000000000000000000000000000000000000000000000001010010011001000000000000000000000000011100111001011000000000000000000000000000000000000000000000000000000000000000000000000000000000000000000
00000000000000000000000000000000000000000000000000000000010101001011010100000000000000000000000000101011111100100000000000000000000000000000000000000000000000000000000000000000000000000000000000000000
00000000000000000000000000000000000000000000000000000000001011000111101000000000000000000000000010110011000111000000000000000000000000000000000000000000000000000000000000000000000000000000000000000000
00000000000000000000000000000000000000000000000000000000100101001110111000000000000000000000000000000111111010010000000000000000000000000000000000000000000000000000000000000000000000000000000000000000
00000000000000000000000000000000000000000000000000000000011101001111000100000000000000000000000010101001110100100000000000000000000000000000000000000000000000000000000000000000000000000000000000000000
00000000000000000000000000000000000000000000000000000000010010001101111000000000000000000000000001000111101011010000000000000000000000000000000000000000000000000000000000000000000000000000000000000000
00000000000000000000000000000000000000000000000000000000101000111110101000000000000000000000000001101101111001100000000000000000000000000000000000000000000000000000000000000000000000000000000000000000
00000000000000000000000000000000000000000000000000000000000111011011010000000000000000000000000000010010110100100000000000000000000000000000000000000000000000000000000000000000000000000000000000000000
00000000000000000000000000000000000000000000000000000000011011110000000000000000000000000000000000000000110001010000000000000000000000000000000000000000000000000000000000000000000000000000000000000000
00000000000000000000000000000000000000000000000000000000100100110000000000000000000000000000000000000000111100110000000000000000000000000000000000000000000000000000000000000000000000000000000000000000
00000000000000000000000000000000000000000000000000000000010001110000000000000000000000000000000000000000111100000000000000000000000000000000000000000000000000000000000000000000000000000000000000000000
00000000000000000000000000000000000000000000000000000000000111110000000000000000000000000000000000000000111010010000000000000000000000000000000000000000000000000000000000000000000000000000000000000000
00000000000000000000000000000000000000000000000000000000111001110000000000000000000000000000000000000000011001000000000000000000000000000000000000000000000000000000000000000000000000000000000000000000
00000000000000000000000000000000000000000000000000000000001011100000000000000000000000000000000000000000001110010000000000000000000000000000000000000000000000000000000000000000000000000000000000000000
00000000000000000000000000000000000000000000000000000000100111000000000000000000000000000000000000000000011101000000000000000000000000000000000000000000000000000000000000000000000000000000000000000000
00000000000000000000000000000000000000000000000000000000001011010000000000000000000000000000000000000000011110100000000000000000000000000000000000000000000000000000000000000000000000000000000000000000
00000000000000000000000000000000000000000000000000101001100111010000000000000000000000000000000000000000010111010000000000000000000000000000000000000000000000000000000000000000000000000000000000000000
00000000000000000000000000000000000000000000000001010100011110010000000000000000000000000000000000000000101111000000000000000000000000000000000000000000000000000000000000000000000000000000000000000000
00000000000000000000000000000000000000000000000000101100111100100000000000000000000000000000000000000000000011100000000000000000000000000000000000000000000000000000000000000000000000000000000000000000
00000000000000000000000000000000000000000000000010010100111101100000000000000000000000000000000000000000110111100000000000000000000000000000000000000000000000000000000000000000000000000000000000000000
00000000000000000000000000000000000000000000000001110100011010010000000000000000000000000000000000000000001011110000000000000000000000000000000000000000000000000000000000000000000000000000000000000000
00000000000000000000000000000000000000000000000001001000110000100000000000000000000000000000000000000000100101110000000000000000000000000000000000000000000000000000000000000000000000000000000000000000
00000000000000000000000000000000000000000000000010100011110110010000000000000000000000000000000000000000011011100000000000000000000000000000000000000000000000000000000000000000000000000000000000000000
00000000000000000000000000000000000000000000000000011101101000100000000000000000000000000000000000000000101001110000000000000000000000000000000000000000000000000000000000000000000000000000000000000000
00000000000000000000000000000000000000000000000001011011000000000000000000000000000000000000000000000000100001100101001100000000000000000000000000000000000000000000000000000000000000000000000000000000
00000000000000000000000000000000000000000000000010100111000000000000000000000000000000000000000000000000010011111000010000000000000000000000000000000000000000000000000000000000000000000000000000000000
00000000000000000000000000000000000000000000000010110110000000000000000000000000000000000000000000000000000010110111000100000000000000000000000000000000000000000000000000000000000000000000000000000000
00000000000000000000000000000000000000000000000001011111000000000000000000000000000000000000000000000000110011111100100000000000000000000000000000000000000000000000000000000000000000000000000000000000
00000000000000000000000000000000000000000000000011001101000000000000000000000000000000000000000000000000001000111111011000000000000000000000000000000000000000000000000000000000000000000000000000000000
00000000000000000000000000000000000000000000000000111110000000000000000000000000000000000000000000000000000111011100100100000000000000000000000000000000000000000000000000000000000000000000000000000000
00000000000000000000000000000000000000000000000011111101000000000000000000000000000000000000000000000000010100111110010000000000000000000000000000000000000000000000000000000000000000000000000000000000
00000000000000000000000000000000000000000000000000110100000000000000000000000000000000000000000000000000101010011101001100000000000000000000000000000000000000000000000000000000000000000000000000000000
00000000000000000000000000000000000000000011010010110010000000000000000000000000000000000000000000000000000000001110101000000000000000000000000000000000000000000000000000000000000000000000000000000000
00000000000000000000000000000000000000000100111101110100000000000000000000000000000000000000000000000000000000001101101000000000000000000000000000000000000000000000000000000000000000000000000000000000
00000000000000000000000000000000000000000011100011101000000000000000000000000000000000000000000000000000000000001110100000000000000000000000000000000000000000000000000000000000000000000000000000000000
00000000000000000000000000000000000000001001011111010011000000000000000000000000000000000000000000000000000000001110001100000000000000000000000000000000000000000000000000000000000000000000000000000000
00000000000000000000000000000000000000000100101110101100000000000000000000000000000000000000000000000000000000001111010100000000000000000000000000000000000000000000000000000000000000000000000000000000
00000000000000000000000000000000000000001011010111011001000000000000000000000000000000000000000000000000000000000111110000000000000000000000000000000000000000000000000000000000000000000000000000000000
00000000000000000000000000000000000000000110011110110110000000000000000000000000000000000000000000000000000000001011001000000000000000000000000000000000000000000000000000000000000000000000000000000000
00000000000000000000000000000000000000000100101110001001000000000000000000000000000000000000000000000000000000001011110000000000000000000000000000000000000000000000000000000000000000000000000000000000
00000000000000000000000000000000000000001010111100000000000000000000000000000000000000000000000000000000000000000101100000000000000000000000000000000000000000000000001100000000000000000000000000000000
00000000000000000000000000000000000000000001011000000000000000000000000000000000000000000000000000000000000000001001111000000000000000000000000000000000000000000000001100000000000000000000000000000000
00000000000000000000000000000000000000001011111100000000000000000000000000000000000000000000000000000000000000000110110000000000000000000000000000000000000000000000001100000000000000000000000000000000
00000000000000000000000000000000000000000001110000000000000000000000000000000000000000000000000000000000000000000000110100000000000000000000000000000000000000000000001100000000000000000000000000000000
00000000000000000000000000000000000000000100111000000000000000000000000000000000000000000000000000000000000000000110011100000000000000000000000000000000000000000000001100000000000000000000000000000000
00000000000000000000000000000000000000000011110100000000000000000000000000000000000000000000000000000000000000001000111000000000000000000000000000000000000000000000011100000000000000000000000000000000
00000000000000000000000000000000000000000111100000000000000000000000000000000000000000000000000000000000000000000101011100000000000000000000000000000000000000000000011100000000000000000000000000000000
00000000000000000000000000000000000000001001101000000000000000000000000000000000000000000000000000000000000000000101101100000000000000000000000000000000000000000000011100000000000000000000000000000000
00000000000000000000000000000000000000000011110000000000000000000000000000000000000000000000000000000000000000000000101110001100000000000000000000000000000000000000001100000000000000000000000000000000
00000000000000000000000000000000000000000111001100000000000000000000000000000000000000000000000000000000000000001000110110110001000000000000000000000000000000000000001100000000000000000000000000000000
00000000000000000000000000000000000000000111001000000000000000000000000000000000000000000000000000000000000000001011001111010110000000000000000000000000000000000000001100000000000000000000000000000000
00000000000000000000000000000000000000001011100100000000000000000000000000000000000000000000000000000000000000000110100011001000000000000000000000000000000000000000001100000000000000000000000000000000
00000000000000000000000000000000000000001110100000000000000000000000000000000000000000000000000000000000000000000000110111100111000000000000000000000000000000000000001100000000000000000000000000000000
00000000000000000000000000000000000000000111101100000000000000000000000000000000000000000000000000000000000000000110101101110000000000000000000000000000000000000000001100000000000000000000000000000000
00000000000000000000000000000000000000001110110100000000000000000000000000000000000000000000000000000000000000000001011001110001000000000000000000000000000000000000001100000000000000000000000000000000
00000000000000000000000000000000000000000111001000000000000000000000000000000000000000000000000000000000000000001010110110111001000000000000000000000000000000000000001100000000000000000000000000000000
00000000000000001110000000000000010011011110010000000000000000000000000000000000000000000000000000000000000000000000000010111000100101000000000000000000000000000000001100000000000000000000000000000000
00000000000000001110000000000000000100101101001000000000000000000000000000000000000000000000000000000000000000000000000001011101001010100000000000000000000000000000001100000000000000000000000000000000
00000000000000001110000000000000010011011100110100000000000000000000000000000000000000000000000000000000000000000000000000001100001101000000000000000000000000000000001100000000000000000000000000000000
00000000000000001110000000000000000010011100110100000000000000000000000000000000000000000000000000000000000000000000000011011111001010010000000000000000000000000000001100000000000000000000000000000000
00000000000000001110000000000000111100011011011000000000000000000000000000000000000000000000000000000000000000000000000000101111001011100000000000000000000000000000001100000000000000000000000000000000
00000000000000001110000000000000100001111100101000000000000000000000000000000000000000000000000000000000000000000000000010111011000100100000000000000000000000000000001100000000000000000000000000000000
00000000000000001110000000000000100100011101000000000000000000000000000000000000000000000000000000000000000000000000000001001011110001010000000000000000000000000000001100000000000000000000000000000000
00000000000000001110000000000000010010111000110100000000000000000000000000000000000000000000000000000000000000000000000000100101101110000000000000000000000000000000001100000000000000000000000000000000
00000000000000001110000000000000010100110000000000000000000000000000000000000000000000000000000000000000000000000000000001001001111001000000000000000000000000000000011100000000000000000000000000000000
00000000000000001110000000000000001011110000000000000000000000000000000000000000000000000000000000000000000000000000000010010110111110100000000000000000000000000000000100000000000000000000000000000000
00000000000000001110000000000000010101100000000000000000000000000000000000000000000000000000000000000000000000000000000011100001111100100000000000000000000000000000000000000000000000000000000000000000
00000000000000001111000000000000010011010000000000000000000000000000000000000000000000000000000000000000000000000000000010010101011111100000000000000000000000000000001100000000000000000000000000000000
00000000000000001111100000000000001111000000000000000000000000000000000000000000000000000000000000000000000000001111111101011010011101010000000000000000000000001111111100000000000000000000000000000000
00000000000000001111111100000000101111010000000000000000000000000000000000000000000000000000000000000000000000001111111110100110011101100000000000000000000000001111111100000000000000000000000000000000
00000000000000001111111100000000010111110000000000000000000000000000000000000000000000000000000000000000000000000001111100011001011110010000000000000000000000001111111100000000000000000000000000000000
00000000000000001111111100000000001110010000000000000000000000000000000000000000000000000000000000000000000000000000111110000110000110100000000000000000000000001111111100000000000000000000000000000000
00000000000000000000000010100110011111010000000000000000000000000000000000000000000000000000000000000000000000000000000000000000000111011000110100000000000000000000000000000000000000000000000000000000
00000000000000000000000000011001011111000000000000000000000000000000000000000000000000000000000000000000000000000000000000000000010011100111001000000000000000000000000000000000000000000000000000000000
00000000000000000000000010100110001100100000000000000000000000000000000000000000000000000000000000000000000000000000000000000000101111110001100000000000000000000000000000000000000000000000000000000000
00000000000000000000000001011010101101000000000000000000000000000000000000000000000000000000000000000000000000000000000000000000010101110010110100000000000000000000000000000000000000000000000000000000
00000000000000000000000010010101011100110000000000000000000000000000000000000000000000000000000000000000000000000000000000000000010011111000011000000000000000000000000000000000000000000000000000000000
00000000000000000000000011101001111101100000000000000000000000000000000000000000000000000000000000000000000000000000000000000000001101011010100100000000000000000000000000000000000000000000000000000000
00000000000000000000000010010110110000010000000000000000000000000000000000000000000000000000000000000000000000000000000000000000010110011110010000000000000000000000000000000000000000000000000000000000
00000000000000000000000001001001110001000000000000000000000000000000000000000000000000000000000000000000000000000000000000000000001000101101100100000000000000000000000000000000000000000000000000000000
00000000000000000000000001101011100100100000000000000000000000000000000000000000000000000000000000000000000000000000000000000000000000000111100100000000000000000000000000000000000000000000000000000000
00000000000000000000000000001111011010010000000000000000000000000000000000000000000000000000000000000000000000000000000000000000000000000111011000000000000000000000000000000000000000000000000000000000
00000000000000000000000010100011100001110000000000000000000000000000000000000000000000000000000000000000000000000000000000000000000000001011110100000000000000000000000000000000000000000000000000000000
00000000000000000000000000010111101010010000000000000000000000000000000000000000000000000000000000000000000000000000000000000000000000000101101000000000000000000000000000000000000000000000000000000000
00000000000000000000000001011110010110100000000000000000000000000000000000000000000000000000000000000000000000000000000000000000000000000111110100000000000000000000000000000000000000000000000000000000
00000000000000000000000000001110011001010000000000000000000000000000000000000000000000000000000000000000000000000000000000000000000000001010110000000000000000000000000000000000000000000000000000000000
00000000000000000000000011001101100110000000000000000000000000000000000000000000000000000000000000000000000000000000000000000000000000001001111100000000000000000000000000000000000000000000000000000000
00000000000000000000000000101101011000010000000000000000000000000000000000000000000000000000000000000000000000000000000000000000000000001010111000000000000000000000000000000000000000000000000000000000
00000000000000000000000010111100000000000111001001100101000000000000000000000000000000000000000000000000000000000000000000000000000000000000111101010010000000000000000000000000000000000000000000000000
00000000000000000000000000011010000000001001110110011000000000000000000000000000000000000000000000000000000000000000000000000000000000000010001110110101000000000000000000000000000000000000000000000000
00000000000000000000000001011001000000001010010001100101000000000000000000000000000000000000000000000000000000000000000000000000000000001101011110000110000000000000000000000000000000000000000000000000
00000000000000000000000010111100000000000001101101011010000000000000000000000000000000000000000000000000000000000000000000000000000000000101100111001101000000000000000000000000000000000000000000000000
00000000000000000000000000111000000000000101100010101001000000000000000000000000000000000000000000000000000000000000000000000000000000001011010111001000000000000000000000000000000000000000000000000000
00000000000000000000000010111010111111110010011010010111000000000000000000000000000000000000000000000000000000000000000000000000000000000100000101110110000000000000000000000000000000000000000000000000
00000000000000000000000001111111111111111111101101101001000000000000000000000000000000000000000000000000000000000000000000000000000000001010001011110001000000000000000000000000000000000000000000000000
00000000000000000000000001111111111111111111111110010010000000000000000000000000000000000000000000000000000000000000000000000000000000001011011000111101000000000000000000000000000000000000000000000000
00000000000000000000000000000000000000000100011111111001111000001010000100000000001001010100101110101000100101010000000000000000000000000000000001011000011001010000000000000000000000000000000000000000
00000000000000000000000000000000000000000010100001111111111111100100100000000000010100100011100000001100011010100000000000000000000000000000000010011110100110000000000000000000000000000000000000000000
00000000000000000000000000000000000000001100010110011111111111111111110100000000110001010100100110110010101100010000000000000000000000000000000001101110011001010000000000000000000000000000000000000000
00000000000000000000000000000000000000001010001000100010001010111111111111111111110110101010010001011010110110100000000000000000000000000000000010101110010110100000000000000000000000000000000000000000
00000000000000000000000000000000000000000101101100011001010010010010111111111111111111010000000011001101010001010000000000000000000000000000000001111110101010010000000000000000000000000000000000000000
00000000000000000000000000000000000000001000110111001000011000100101001000000000101111111111111000000000101000110000000000000000000000000000000001001111100101110000000000000000000000000000000000000000
00000000000000000000000000000000000000000101011000010010000110100010010100000000100000111111111111111110000101000000000000000000000000000000000001011111011010010000000000000000000000000000000000000000
00000000000000000000000000000000000000001010100101101001100100001101001000000000011010011011001111111111111000100000000000000000000000000000000000100111100100100000000000000000000000000000000000000000
00000000000000000000000000000000000000000000000000000000000000000000000000000000000000000000000001000111111111110010101010101100110100100000100000001101110011000000000000000000000000000000000000000000
00000000000000000000000000000000000000000000000000000000000000000000000000000000000000000000000010010110010111111110111101011011000010001100110010100011111100110000000000000000000000000000000000000000
00000000000000000000000000000000000000000000000000000000000000000000000000000000000000000000000000010011000010111111111110010010100001010000000101001000110001010000000000000000000000000000000000000000
00000000000000000000000000000000000000000000000000000000000000000000000000000000000000000000000010100101100101011101111111111101001110001100100001110111111010000000000000000000000000000000000000000000
00000000000000000000000000000000000000000000000000000000000000000000000000000000000000000000000001011000011000000001100101111111010100110001001110010100110100110000000000000000000000000000000000000000
00000000000000000000000000000000000000000000000000000000000000000000000000000000000000000000000010100011100000011010111010110111111010011010101000101101111011000000000000000000000000000000000000000000
00000000000000000000000000000000000000000000000000000000000000000000000000000000000000000000000001010100010110100100110110011001111111111111010101010100111100100000000000000000000000000000000000000000
00000000000000000000000000000000000000000000000000000000000000000000000000000000000000000000000010000010101000010001001001000010100111111111111111111111111101010000000000000000000000000000000000000000
00000000000000000000000000000000000000000000000000000000000000000000000000000000000000000000000000000000000000000000000000000000000000000010111111111111111101000000000000000000000000000000000000000000
00000000000000000000000000000000000000000000000000000000000000000000000000000000000000000000000000000000000000000000000000000000000000001101011000000000011010110000000000000000000000000000000000000000
00000000000000000000000000000000000000000000000000000000000000000000000000000000000000000000000000000000000000000000000000000000000000000010100100000000100101000000000000000000000000000000000000000000
00000000000000000000000000000000000000000000000000000000000000000000000000000000000000000000000000000000000000000000000000000000000000001011001000000000010011010000000000000000000000000000000000000000
00000000000000000000000000000000000000000000000000000000000000000000000000000000000000000000000000000000000000000000000000000000000000001010101011111111010101010000000000000000000000000000000000000000
00000000000000000000000000000000000000000000000000000000000000000000000000000000000000000000000000000000000000000000000000000000000000000001000000000000000010000000000000000000000000000000000000000000
00000000000000000000000000000000000000000000000000000000000000000000000000000000000000000000000000000000000000000000000000000000000000000100110100000000101100100000000000000000000000000000000000000000
00000000000000000000000000000000000000000000000000000000000000000000000000000000000000000000000000000000000000000000000000000000000000000001010100000000101010000000000000000000000000000000000000000000
00000000000000000000000000000000000000000000000000000000000000000000000000000000000000000000000000000000000000000000000000000000000000000000000000000000000000000000000000000000000000000000000000000000
00000000000000000000000000000000000000000000000000000000000000000000000000000000000000000000000000000000000000000000000000000000000000000000000000000000000000000000000000000000000000000000000000000000
00000000000000000000000000000000000000000000000000000000000000000000000000000000000000000000000000000000000000000000000000000000000000000000000000000000000000000000000000000000000000000000000000000000
00000000000000000000000000000000000000000000000000000000000000000000000000000000000000000000000000000000000000000000000000000000000000000000000000000000000000000000000000000000000000000000000000000000
00000000000000000000000000000000000000000000000000000000000000000000000000000000000000000000000000000000000000000000000000000000000000000000000000000000000000000000000000000000000000000000000000000000
00000000000000000000000000000000000000000000000000000000000000000000000000000000000000000000000000000000000000000000000000000000000000000000000000000000000000000000000000000000000000000000000000000000
00000000000000000000000000000000000000000000000000000000000000000000000000000000000000000000000000000000000000000000000000000000000000000000000000000000000000000000000000000000000000000000000000000000
00000000000000000000000000000000000000000000000000000000000000000000000000000000000000000000000000000000000000000000000000000000000000000000000000000000000000000000000000000000000000000000000000000000
