200 200
00000000000000000000000000000000000000000000000000000000000000000000000000000000000000000000000000000000000000000000000000000000000000000000000000000000000000000000000000000000000000000000000000000000
00000000000000000000000000000000000000000000000000000000000000000000000000000000000000000000000000000000000000000000000000000000000000000000000000000000000000000000000000000000000000000000000000000000
00000000000000000000000000000000000000000000000000000000000000000000000000000000000000000000000000000000000000000000000000000000000000000000000000000000000000000000000000000000000000000000000000000000
00000000000000000000000000000000000000000000000000000000000000000000000000000000000000000000000000000000000000000000000000000000000000000000000000000000000000000000000000000000000000000000000000000000
00000000000000000000000000000000000000000000000000000000000000000000000000000000000000000000000000000000000000000000000000000000000000000000000000000000000000000000000000000000000000000000000000000000
00000000000000000000000000000000000000000000000000000000000000000000000000000000000000000000000000000000000000000000000000000000000000000000000000000000000000000000000000000000000000000000000000000000
00000000000000000000000000000000000000000000000000000000000000000000000000000000000000000000000000000000000000000000000000000000000000000000000000000000000000000000000000000000000000000000000000000000
00000000000000000000000000000000000000000000000000000000000000000000000000000000000000000000000000000000000000000000000000000000000000000000000000000000000000000000000000000000000000000000000000000000
00000000000000000000000000000000000000000000000000000000000000000000000000000000000000000000000000000000000000000000000000000000000000000000000000000000000000000000000000000000000000000000000000000000
00000000000000000000000000000000000000000000000000000000000000000000000000000000000000000000000000000000000000000000000000000000000000000000000000000000000000000000000000000000000000000000000000000000
00000000000000000000000000000000000000000000000000000000000000000000000000000000000000000000000000000000000000000000000000000000000000000000000000000000000000000000000000000000000000000000000000000000
00000000000000000000000000000000000000000000000000000000000000000000000000000000000000000000000000000000000000000000000000000000000000000000000000000000000000000000000000000000000000000000000000000000
00000000000000000000000000000000000000000000000000000000000000000000000000000000000000000000000000000000000000000000000000000000000000000000000000000000000000000000000000000000000000000000000000000000
00000000000000000000000000000000000000000000000000000000000000000000000000000000000000000000000000000000000000000000000000000000000000000000000000000000000000000000000000000000000000000000000000000000
00000000000000000000000000000000000000000000000000000000000000000000000000000000000000000000000000000000000000000000000000000000000000000000000000000000000000000000000000000000000000000000000000000000
00000000000000000000000000000000000000000000000000000000000000000000000000000000000000000000000000000000000000000000000000000000000000000000000000000000000000000000000000000000000000000000000000000000
00000000000000000000000000000000000000000000000000000000000000000000000000000000000000000000000000000000000000000000000000000000000000000000000000000000000000000000000000000000000000000000000000000000
00000000000000000000000000000000000000000000000000000000000000000000000000000000000000000000000000000000000000000000000000000000000000000000000000000000000000000000000000000000000000000000000000000000
00000000000000000000000000000000000000000000000000000000000000000000000000000000000000000000000000000000000000000000000000000000000000000000000000000000000000000000000000000000000000000000000000000000
00000000000000000000000000000000000000000000000000000000000000000000000000000000000000000000000000000000000000000000000000000000000000000000000000000000000000000000000000000000000000000000000000000000
00000000000000000000000000000000000000000000000000000000000000000000000000000000000000000000000000000000000000000000000000000000000000000000000000000000000000000000000000000000000000000000000000000000
00000000000000000000000000000000000000000000000000000000000000000000000000000000000000000000000000000000000000000000000000000000000000000000000000000000000000000000000000000000000000000000000000000000
00000000000000000000000000000000000000000000000000000000000000000000000000000000000000000000000000000000000000000000000000000000000000000000000000000000000000000000000000000000000000000000000000000000
00000000000000000000000000000000000000000000000000000000000000000000000000000000000000000000000000000000000000000000000000000000000000000000000000000000000000000000000000000000000000000000000000000000
00000000000000000000000000000000000000000000000000000000000000000000000000000000000000000000000000000000000000000000000000000000000000000000000000000000000000000000000000000000000000000000000000000000
00000000000000000000000000000000000000000000000000000000000000000000000000000000000000000000000000000000000000000000000000000000000000000000000000000000000000000000000000000000000000000000000000000000
00000000000000000000000000000000000000000000000000000000000000000000000000000000000000000000000000000000000000000000000000000000000000000000000000000000000000000000000000000000000000000000000000000000
00000000000000000000000000000000000000000000000000000000000000000000000000000000000000000000000000000000000000000000000000000000000000000000000000000000000000000000000000000000000000000000000000000000
00000000000000000000000000000000000000000000000000000000000000000000000000000000000000000000000000000000000000000000000000000000000000000000000000000000000000000000000000000000000000000000000000000000
00000000000000000000000000000000000000000000000000000000000000000000000000000000000000000000000000000000000000000000000000000000000000000000000000000000000000000000000000000000000000000000000000000000
00000000000000000000000000000000000000000000000000000000000000000000000000000000000000000000000000000000000000000000000000000000000000000000000000000000000000000000000000000000000000000000000000000000
00000000000000000000000000000000000000000000000000000000000000000000000000000000000000000000000000000000000000000000000000000000000000000000000000000000000000000000000000000000000000000000000000000000
00000000000000000000000000000000000000000000000000000000000000000000000000000000000000000000000000000000000000000000000000000000000000000000000000000000000000000000000000000000000000000000000000000000
00000000000000000000000000000000000000000000000000000000000000000000000000000000000000000000000000000000000000000000000000000000000000000000000000000000000000000000000000000000000000000000000000000000
00000000000000000000000000000000000000000000000000000000000000000000000000000000000000000000000000000000000000000000000000000000000000000000000000000000000000000000000000000000000000000000000000000000
00000000000000000000000000000000000000000000000000000000000000000000000000000000000000000000000000000000000000000000000000000000000000000000000000000000000000000000000000000000000000000000000000000000
00000000000000000000000000000000000000000000000000000000000000000000000000000000000000000000000000000000000000000000000000000000000000000000000000000000000000000000000000000000000000000000000000000000
00000000000000000000000000000000000000000000000000000000000000000000000000000000000000000000000000000000000000000000000000000000000000000000000000000000000000000000000000000000000000000000000000000000
00000000000000000000000000000000000000000000000000000000000000000000000000000000000000000000000000000000000000000000000000000000000000000000000000000000000000000000000000000000000000000000000000000000
00000000000000000000000000000000000000000000000000000000000000000000000000000000000000000000000000000000000000000000000000000000000000000000000000000000000000000000000000000000000000000000000000000000
00000000000000000000000000000000000000000000000000000000000000000000000000000000000000000000000000000000000000000000000000000000000000000000000000000000000000000000000000000000000000000000000000000000
00000000000000000000000000000000000000000000000000000000000000000000000000000000000000000000000000000000000000000000000000000000000000000000000000000000000000000000000000000000000000000000000000000000
00000000000000000000000000000000000000000000000000000000000000000000000000000000000000000000000000000000000000000000000000000000000000000000000000000000000000000000000000000000000000000000000000000000
00000000000000000000000000000000000000000000000000000000000000000000000000000000000000000000000000000000000000000000000000000000000000000000000000000000000000000000000000000000000000000000000000000000
00000000000000000000000000000000000000000000000000000000000000000000000000000000000000000000000000000000000000000000000000000000000000000000000000000000000000000000000000000000000000000000000000000000
00000000000000000000000000000000000000000000000000000000000000000000000000000000000000000000000000000000000000000000000000000000000000000000000000000000000000000000000000000000000000000000000000000000
00000000000000000000000000000000000000000000000000000000000000000000000000000000000000000000000000000000000000000000000000000000000000000000000000000000000000000000000000000000000000000000000000000000
00000000000000000000000000000000000000000000000000000000000000000000000000000000000000000000000000000000000000000000000000000000000000000000000000000000000000000000000000000000000000000000000000000000
00000000000000000000000000000000000000000000000000000000000000000000000000000000000000000000000000000000100110101011000000000000000000000000000000000000000000000000000000000000000000000000000000000000
00000000000000000000000000000000000000000000000000000000000000000000000000000000000000000000000000000000101001010011100100000000000000000000000000000000000000000000000000000000000000000000000000000000
00000000000000000000000000000000000000000000000000000000000000000000000000000000000000000000000000000000100100011001110000000000000000000000000000000000000000000000000000000000000000000000000000000000
00000000000000000000000000000000000000000000000000000000000000000000000000000000000000000000000000000000010011111101110000000000000000000000000000000000000000000000000000000000000000000000000000000000
00000000000000000000000000000000000000000000000000000000000000000000000000000000000000000000000000000000111001001110110100000000000000000000000000000000000000000000000000000000000000000000000000000000
00000000000000000000000000000000000000000000000000000000000000000000000000000000000000000000000000000000000111001100111000000000000000000000000000000000000000000000000000000000000000000000000000000000
00000000000000000000000000000000000000000000000000000000000000000000000000000000000000000000000000000000101000111101110000000000000000000000000000000000000000000000000000000000000000000000000000000000
00000000000000000000000000000000000000000000000000000000000000000000000000000000000000000000000000000000010010101110111000000000000000000000000000000000000000000000000000000000000000000000000000000000
00000000000000000000000000000000000000000000000000000000000000000000000000000000000000000000000000000000001001101110111100000000000000000000000000000000000000000000000000000000000000000000000000000000
00000000000000000000000000000000000000000000000000000000000000000000000000000000000000000000000000000000010010011000011000000000000000000000000000000000000000000000000000000000000000000000000000000000
00000000000000000000000000000000000000000000000000000000000000000000000000000000000000000000000000000000001100111001011100000000000000000000000000000000000000000000000000000000000000000000000000000000
00000000000000000000000000000000000000000000000000000000000000000000000000000000000000000000000000000000100010110110001100000000000000000000000000000000000000000000000000000000000000000000000000000000
00000000000000000000000000000000000000000000000000000000000000000000000000000000000000000000000000000000010101111001011100000000000000000000000000000000000000000000000000000000000000000000000000000000
00000000000000000000000000000000000000000000000000000000000000000000000000000000000000000000000000000000101010111011001100000000000000000000000000000000000000000000000000000000000000000000000000000000
00000000000000000000000000000000000000000000000000000000000000000000000000000000000000000000000000000000010101110100101100000000000000000000000000000000000000000000000000000000000000000000000000000000
00000000000000000000000000000000000000000000000000000000000000000000000000000000000000000000000000000000000001110001011100000000000000000000000000000000000000000000000000000000000000000000000000000000
00000000000000000000000000000000000000000000000000000000000000000000000000000000000000000000000000000000101111110100001101011010000000000000000000000000000000000000000000000000000000000000000000000000
00000000000000000000000000000000000000000000000000000000000000000000000000000000000000000000000000000000010011011010001110100101000000000000000000000000000000000000000000000000000000000000000000000000
00000000000000000000000000000000000000000000000000000000000000000000000000000000000000000000000000000000000111010000011100011110000000000000000000000000000000000000000000000000000000000000000000000000
00000000000000000000000000000000000000000000000000000000000000000000000000000000000000000000000000000000001110101100101111000010000000000000000000000000000000000000000000000000000000000000000000000000
00000000000000000000000000000000000000000000000000000000000000000000000000000000000000000000000000000000110111010001010110110110000000000000000000000000000000000000000000000000000000000000000000000000
00000000000000000000000000000000000000000000000000000000000000000000000000000000000000000000000000000000011110101101101110001001000000000000000000000000000000000000000000000000000000000000000000000000
00000000000000000000000000000000000000000000000000000000000000000000000000000000000000000000000000000000101100000100000111010110000000000000000000000000000000000000000000000000000000000000000000000000
00000000000000000000000000000000000000000000000000000000000000000000000000000000000000000000000000000000011101011010010111011001000000000000000000000000000000000000000000000000000000000000000000000000
00000000000000000000000000000000000000000000000000000000000000000000000000000000000000000000000000110100111001010001110110101010000000000000000000000000000000000000000000000000000000000000000000000000
00000000000000000000000000000000000000000000000000000000000000000000000000000000000000000000000001001111110110001010001111010100000000000000000000000000000000000000000000000000000000000000000000000000
00000000000000000000000000000000000000000000000000000000000000000000000000000000000000000000000000111000110001110100100011010011000000000000000000000000000000000000000000000000000000000000000000000000
00000000000000000000000000000000000000000000000000000000000000000000000000000000000000000000000010010111100110000111010011011000000000000000000000000000000000000000000000000000000000000000000000000000
00000000000000000000000000000000000000000000000000000000000000000000000000000000000000000000000001001011111001001001010011000110000000000000000000000000000000000000000000000000000000000000000000000000
00000000000000000000000000000000000000000000000000000000000000000000000000000000000000000000000010110101110011010010110011010000000000000000000000000000000000000000000000000000000000000000000000000000
00000000000000000000000000000000000000000000000000000000000000000000000000000000000000000000000001100111101100000101010011000101000000000000000000000000000000000000000000000000000000000000000000000000
00000000000000000000000000000000000000000000000000000000000000000000000000000000000000000000000001001011010010100010100111110000000000000000000000000000000000000000000000000000000000000000000000000000
00000000000000000000000000000000000000000000000000000000000000000000000000000000000000000000000001001111000000000000000011110010000000000000000000000000000000000000000000000000000000000000000000000000
00000000000000000000000000000000000000000000000000000000000000000000000000000000000000000000000010010110000000000000000011101001000000000000000000000000000000000000000000000000000000000000000000000000
00000000000000000000000000000000000000000000000000000000000000000000000000000000000000000000000001011111000000000000000001101110000000000000000000000000000000000000000000000000000000000000000000000000
00000000000000000000000000000000000000000000000000000000000000000000000000000000000000000000000001001110000000000000000011110001000000000000000000000000000000000000000000000000000000000000000000000000
00000000000000000000000000000000000000000000000000000000000000000000000000000000000000000000000000011100000000000000000011111100000000000000000000000000000000000000000000000000000000000000000000000000
00000000000000000000000000000000000000000000000000000000000000000000000000000000000000000000000000111001000000000000000001111100000000000000000000000000000000000000000000000000000000000000000000000000
00000000000000000000000000000000000000000000000000000000000000000000000000000000000000000000000011110110000000000000000001110011000000000000000000000000000000000000000000000000000000000000000000000000
00000000000000000000000000000000000000000000000000000000000000000000000000000000000000000000000001111000000000000000000001111001000000000000000000000000000000000000000000000000000000000000000000000000
00000000000000000000000000000000000000000000000000000000000000000000000000000000000000000101101001100000000000000000000010110110000000000000000000000000000000000000000000000000000000000000000000000000
00000000000000000000000000000000000000000000000000000000000000000000000000000000000000000010011011001101000000000000000001011000000000000000000000000000000000000000000000000000000000000000000000000000
00000000000000000000000000000000000000000000000000000000000000000000000000000000000000001001100011110010000000000000000010111010000000000000000000000000000000000000000000000000000000000000000000000000
00000000000000000000000000000000000000000000000000000000000000000000000000000000000000000011001111110010000000000000000000011100000000000000000000000000000000000000000000000000000000000000000000000000
00000000000000000000000000000000000000000000000000000000000000000000000000000000000000001100111111011100000000000000000011111110000000000000000000000000000000000000000000000000000000000000000000000000
00000000000000000000000000000000000000000000000000000000000000000000000000000000000000000011111110100101000000000000000001001110000000000000000000000000000000000000000000000000000000000000000000000000
00000000000000000000000000000000000000000000000000000000000000000000000000000000000000001101001101001010000000000000000010101101000000000000000000000000000000000000000000000000000000000000000000000000
00000000000000000000000000000000000000000000000000000000000000000000000000000000000000000100111101010001000000000000000010011110000000000000000000000000000000000000000000000000000000000000000000000000
00000000000000000000000000000000000000000000000000000000000000000000000000000000000000000001011000000000000000000000000001011110000000000000000000000000000000000000000000000000000000000000000000000000
00000000000000000000000000000000000000000000000000000000000000000000000000000000000000000100111100000000000000000000000010101110000000000000000000000000000000000000000000000000000000000000000000000000
00000000000000000000000000000000000000000000000000000000000000000000000000000000000000000011110000000000000000000000000000100111000000000000000000000000000000000000000000000000000000000000000000000000
00000000000000000000000000000000000000000000000000000000000000000000000000000000000000001101110000000000000000000000000011001111000000000000000000000000000000000000000000000000000000000000000000000000
00000000000000000000000000000000000000000000000000000000000000000000000000000000000000000001100100000000000000000000000000000111000000000000000000000000000000000000000000000000000000000000000000000000
00000000000000000000000000000000000000000000000000000000000000000000000000000000000000000011101000000000000000000000000001010011000000000000000000000000000000000000000000000000000000000000000000000000
00000000000000000000000000000000000000000000000000000000000000000000000000000000000000000011100000000000000000000000000010100111000000000000000000000000000000000000000000000000000000000000000000000000
00000000000000000000000000000000000000000000000000000000000000000000000000000000000000000111010100000000000000000000000010011011000000000000000000000000000000000000000000000000000000000000000000000000
00000000000000000000000000000000000000000000000000000000000000000000000000000000001101000110100100000000000000000000000000011101100001010000000000000000000000000000000000000000000000000000000000000000
00000000000000000000000000000000000000000000000000000000000000000000000000000000010011111110110000000000000000000000000010100011101110100000000000000000000000000000000000000000000000000000000000000000
00000000000000000000000000000000000000000000000000000000000000000000000000000000001110001110001000000000000000000000000001001000110010100000000000000000000000000000000000000000000000000000000000000000
00000000000000000000000000000000000000000000000000000000000000000000000000000000100101111100010000000000000000000000000001110100111100100000000000000000000000000000000000000000000000000000000000000000
00000000000000000000000000000000000000000000000000000000000000000000000000000000010010111100000100000000000000000000000010010100011101010000000000000000000000000000000000000000000000000000000000000000
00000000000000000000000000000000000000000000000000000000000000000000000000000000101101011101001000000000000000000000000000101100011010000000000000000000000000000000000000000000000000000000000000000000
00000000000000000000000000000000000000000000000000000000000000000000000000000000011001111110010100000000000000000000000001010100111100010000000000000000000000000000000000000000000000000000000000000000
00000000000000000000000000000000000000000000000000000000000000000000000000000000010010110001101000000000000000000000000000101001111000100000000000000000000000000000000000000000000000000000000000000000
00000000000000000000000000000000000000000000000000000000000000000000000000000000010000110000000000000000000000000000000000000000011001010000000000000000000000000000001100000000000000000000000000000000
00000000000000000000000000000000000000000000000000000000000000000000000000000000100011110000000000000000000000000000000000000000011101100000000000000000000000000000001100000000000000000000000000000000
00000000000000000000000000000000000000000000000000000000000000000000000000000000010101100000000000000000000000000000000000000000001110010000000000000000000000000000001100000000000000000000000000000000
00000000000000000000000000000000000000000000000000000000000000000000000000000000001001100000000000000000000000000000000000000000011110100000000000000000000000000000001100000000000000000000000000000000
00000000000000000000000000000000000000000000000000000000000000000000000000000000110111110000000000000000000000000000000000000000110110100000000000000000000000000000001100000000000000000000000000000000
00000000000000000000000000000000000000000000000000000000000000000000000000000000010011110000000000000000000000000000000000000000010111010000000000000000000000000000011100000000000000000000000000000000
00000000000000000000000000000000000000000000000000000000000000000000000000000000101111000000000000000000000000000000000000000000101111100000000000000000000000000000011100000000000000000000000000000000
00000000000000000000000000000000000000000000000000000000000000000000000000000000101111010000000000000000000000000000000000000000000110100000000000000000000000000000011100000000000000000000000000000000
00000000000000000000000000000000000000000000000000000000000000000000000000101001010110100000000000000000000000000000000000000000010110000110010100000000000000000000001100000000000000000000000000000000
00000000000000000000000000000000000000000000000000000000000000000000000001010100101110010000000000000000000000000000000000000000100111101001100000000000000000000000001100000000000000000000000000000000
00000000000000000000000000000000000000000000000000000000000000000000000000101100101101100000000000000000000000000000000000000000011011100110010100000000000000000000001100000000000000000000000000000000
00000000000000000000000000000000000000000000000000000000000000000000000010010100011110100000000000000000000000000000000000000000101011100101101000000000000000000000001100000000000000000000000000000000
00000000000000000000000000000000000000000000000000000000000000000000000001110100111001010000000000000000000000000000000000000000011111101010100100000000000000000000001100000000000000000000000000000000
00000000000000000000000000000000000000000000000000000000000000000000000001001000111010000000000000000000000000000000000000000000010011111001011100000000000000000000001100000000000000000000000000000000
00000000000000000000000000000000000000000000000000000000000000000000000010100011111000010000000000000000000000000000000000000000010111110110100100000000000000000000001100000000000000000000000000000000
00000000000000000000000000000000000000000000000000000000000000000000000000011101110110100000000000000000000000000000000000000000001001111001001000000000000000000000001100000000000000000000000000000000
00000000000000001110000000000000000000000000000000000000000000000000000000010111000000000000000000000000000000000000000000000000010010011011010000000000000000000000001100000000000000000000000000000000
00000000000000001110000000000000000000000000000000000000000000000000000001110111000000000000000000000000000000000000000000000000100101101110010100000000000000000000001100000000000000000000000000000000
00000000000000001110000000000000000000000000000000000000000000000000000010000111000000000000000000000000000000000000000000000000111000011101101000000000000000000000001100000000000000000000000000000000
00000000000000001110000000000000000000000000000000000000000000000000000011101100000000000000000000000000000000000000000000000000100101011110000100000000000000000000001100000000000000000000000000000000
00000000000000001110000000000000000000000000000000000000000000000000000001011110000000000000000000000000000000000000000000000000010110100111111000000000000000000000001100000000000000000000000000000000
00000000000000001110000000000000000000000000000000000000000000000000000000111101000000000000000000000000000000000000000000000000101001100111100100000000000000000000001100000000000000000000000000000000
00000000000000001110000000000000000000000000000000000000000000000000000010110010000000000000000000000000000000000000000000000000000110011111110000000000000000000000001100000000000000000000000000000000
00000000000000001110000000000000000000000000000000000000000000000000000001111000000000000000000000000000000000000000000000000000100001100011001000000000000000000000001100000000000000000000000000000000
00000000000000001110000000000000000000000000000000000000000000000010010011110010000000000000000000000000000000000000000000000000000000000011110000000000000000000000011100000000000000000000000000000000
00000000000000001110000000000000000000000000000000000000000000001001010111001000000000000000000000000000000000000000000000000000000000001101101000000000000000000000000100000000000000000000000000000000
00000000000000001110000000000000000000000000000000000000000000000010010110011011000000000000000000000000000000000000000000000000000000000011110000000000000000000000000000000000000000000000000000000000
00000000000000001111000000000000000000000000000000000000000000001001101110001010000000000000000000000000000000000000000000000000000000001101100000000000000000000000001100000000000000000000000000000000
00000000000000001111100000000000000010000000000000000000000000001010111110010101000000000000000000000000000000001111111100000000000000000101110100000000000000001111111100000000000000000000000000000000
00000000000000001111111100000000000111000000000000000000000000000011001101011000000000000000000000000000000000001111111100000000000000001101100100000000000000001111111100000000000000000000000000000000
00000000000000001111111100000000000111110000000000000000000000001001011001000010000000000000000000000000000000000001111100000000000000000011110100000000000000001111111100000000000000000000000000000000
00000000000000001111111100000000001111110000000000000000000000000100111000011101000000000000000000000000000000000000111100000000000000001000110100000000000000001111111100000000000000000000000000000000
00000000000000000000000000000000000000000000000000000000000000001001111000000000000000000000000000000000000000000000000000000000000000001010110001000010000000000000000000000000000000000000000000000000
00000000000000000000000000000000000000000000000000000000000000000110111000000000000000000000000000000000000000000000000000000000000000000100111110100001000000000000000000000000000000000000000000000000
00000000000000000000000000000000000000000000000000000000000000001011110100000000000000000000000000000000000000000000000000000000000000000011110100101100000000000000000000000000000000000000000000000000
00000000000000000000000000000000000000000000000000000000000000000101101000000000000000000000000000000000000000000000000000000000000000001011011110010011000000000000000000000000000000000000000000000000
00000000000000000000000000000000000000000000000000000000000000001011111000000000000000000000000000000000000000000000000000000000000000000100011010011000000000000000000000000000000000000000000000000000
00000000000000000000000000000000000000000000000000000000000000000011010100000000000000000000000000000000000000000000000000000000000000000001101101000110000000000000000000000000000000000000000000000000
00000000000000000000000000000000000000000000000000000000000000001111100100000000000000000000000000000000000000000000000000000000000000000100010110100101000000000000000000000000000000000000000000000000
00000000000000000000000000000000000000000000000000000000000000000111010100000000000000000000000000000000000000000000000000000000000000000001000111001010000000000000000000000000000000000000000000000000
00000000000000000000000000000000000000000000000000000000000100101101001000000000000000000000000000000000000000000000000000000000000000000000000011110001000000000000000000000000000000000000000000000000
00000000000000000000000000000000000000000000000000000000100001011110010000000000000000000000000000000000000000000000000000000000000000000000000011001110000000000000000000000000000000000000000000000000
00000000000000000000000000000000000000000000000000000000001100111010110100000000000000000000000000000000000000000000000000000000000000000000000001111010000000000000000000000000000000000000000000000000
00000000000000000000000000000000000000000000000000000000010100011101001000000000000000000000000000000000000000000000000000000000000000000000000011100011000000000000000000000000000000000000000000000000
00000000000000000000000000000000000000000000000000000000011011111110101100000000000000000000000000000000000000000000000000000000000000000000000001101101000000000000000000000000000000000000000000000000
00000000000000000000000000000000000000000000000000000000001100110001110000000000000000000000000000000000000000000000000000000000000000000000000001100110000000000000000000000000000000000000000000000000
00000000000000000000000000000000000000000000000000000000010000111111001000000000000000000000000000000000000000000000000000000000000000000000000011101001000000000000000000000000000000000000000000000000
00000000000000000000000000000000000000000000000000000000001011110010110100000000000000000000000000000000000000000000000000000000000000000000000001110101000000000000000000000000000000000000000000000000
00000000000000000000000000000000000000000000000000000000000101110000000000000000000000000000000000000000000000000000000000000000000000000000000000110100011001010000000000000000000000000000000000000000
00000000000000000000000000000000000000000000000000000000001011100000000000000000000000000000000000000000000000000000000000000000000000000000000001011001100110000000000000000000000000000000000000000000
00000000000000000000000000000000000000000000000000000000100011100000000000000000000000000000000000000000000000000000000000000000000000000000000000111110011001010000000000000000000000000000000000000000
00000000000000000000000000000000000000000000000000000000011111000000000000000000000000000000000000000000000000000000000000000000000000000000000011001101010110100000000000000000000000000000000000000000
00000000000000000000000000000000000000000000000000000000110111010000000000000000000000000000000000000000000000000000000000000000000000000000000000011110101010010000000000000000000000000000000000000000
00000000000000000000000000000000000000000000000000000000010110100000000000000000000000000000000000000000000000000000000000000000000000000000000000110110100101110000000000000000000000000000000000000000
00000000000000000000000000000000000000000000000000000000101110000000000000000000000000000000000000000000000000000000000000000000000000000000000010100111011010010000000000000000000000000000000000000000
00000000000000000000000000000000000000000000000000000000011100100000000000000000000000000000000000000000000000000000000000000000000000000000000001011011100100100000000000000000000000000000000000000000
00000000000000000000000000000000000000000000000000100101111100010000000000000000000000000000000000000000010100000000000000000000000000000000000000011101100101010000000000000000000000000000000000000000
00000000000000000000000000000000000000000000000000010100111010100000000000000000000000000000000000000000101000110000000000000000000000000000000010100011111000010000000000000000000000000000000000000000
00000000000000000000000000000000000000000000000001101010110101010000000000000000000000000000000000000000010111000000000000000000000000000000000001001000110101100000000000000000000000000000000000000000
00000000000000000000000000000000000000000000000000010011111010001111111111111111111111111111111111111111101001110000000000000000000000000000000001110100111010010000000000000000000000000000000000000000
00000000000000000000000000000000000000000000000010111100111110010000000000000000000000000000000000000000010110100000000000000000000000000000000010010100011001010000000000000000000000000000000000000000
00000000000000000000000000000000000000000000000010000111110011000000000000000000000000000000000000000000100011000000000000000000000000000000000000101100011111100000000000000000000000000000000000000000
00000000000000000000000000000000000000000000000001011011100100110000000000000000000000000000000000000000011010010000000000000000000000000000000001010100011010010000000000000000000000000000000000000000
00000000000000000000000000000000000000000000000010100101111111111111111111111111111111111111111111111111111111000000000000000000000000000000000000101001011101000000000000000000000000000000000000000000
00000000000000000000000000000000000000000000000000000000111111111111111111111111111111111111111111111111111111111110001001000101001010000000000010010011011101010000000000000000000000000000000000000000
00000000000000000000000000000000000000000000000000000000000000000000000000000000000000000000000000000000111000111111110100100010001100110000000011010100001110100000000000000000000000000000000000000000
00000000000000000000000000000000000000000000000000000000000000000000000000000000000000000000000000000000000010100111111111110000100011100000000010110101111110100000000000000000000000000000000000000000
00000000000000000000000000000000000000000000000000000000000000000000000000000000000000000000000000000000000100100100111111111111111100010000000001001000010111010000000000000000000000000000000000000000
00000000000000000000000000000000000000000000000000000000111111111111111111111111111111111111111111111111101001011011101010001111111111111111111111100010101111000000000000000000000000000000000000000000
00000000000000000000000000000000000000000000000000000000000000000000000000000000000000000000000000000000010011010000010101110001000011111111111111111001010111100000000000000000000000000000000000000000
00000000000000000000000000000000000000000000000000000000000000000000000000000000000000000000000000000000100000101011011011001100010001001111111110111111111111100000000000000000000000000000000000000000
00000000000000000000000000000000000000000000000000000000000000000000000000000000000000000000000000000000010101100100101000010100101000100000000000011111111111100000000000000000000000000000000000000000
00000000000000000000000000000000000000000000000000000000000000000000000000000000000000000000000000000000000000000000000000000000000000000000000000000000000000000000000000000000000000000000000000000000
00000000000000000000000000000000000000000000000000000000000000000000000000000000000000000000000000000000000000000000000000000000000000000000000000000000000000000000000000000000000000000000000000000000
00000000000000000000000000000000000000000000000000000000000000000000000000000000000000000000000000000000000000000000000000000000000000000000000000000000000000000000000000000000000000000000000000000000
00000000000000000000000000000000000000000000000000000000000000000000000000000000000000000000000000000000000000000000000000000000000000000000000000000000000000000000000000000000000000000000000000000000
00000000000000000000000000000000000000000000000000000000000000000000000000000000000000000000000000000000000000000000000000000000000000000000000000000000000000000000000000000000000000000000000000000000
00000000000000000000000000000000000000000000000000000000000000000000000000000000000000000000000000000000000000000000000000000000000000000000000000000000000000000000000000000000000000000000000000000000
00000000000000000000000000000000000000000000000000000000000000000000000000000000000000000000000000000000000000000000000000000000000000000000000000000000000000000000000000000000000000000000000000000000
00000000000000000000000000000000000000000000000000000000000000000000000000000000000000000000000000000000000000000000000000000000000000000000000000000000000000000000000000000000000000000000000000000000
00000000000000000000000000000000000000000000000000000000000000000000000000000000000000000000000000000000000000000000000000000000000000000000000000000000000000000000000000000000000000000000000000000000
00000000000000000000000000000000000000000000000000000000000000000000000000000000000000000000000000000000000000000000000000000000000000000000000000000000000000000000000000000000000000000000000000000000
00000000000000000000000000000000000000000000000000000000000000000000000000000000000000000000000000000000000000000000000000000000000000000000000000000000000000000000000000000000000000000000000000000000
00000000000000000000000000000000000000000000000000000000000000000000000000000000000000000000000000000000000000000000000000000000000000000000000000000000000000000000000000000000000000000000000000000000
00000000000000000000000000000000000000000000000000000000000000000000000000000000000000000000000000000000000000000000000000000000000000000000000000000000000000000000000000000000000000000000000000000000
00000000000000000000000000000000000000000000000000000000000000000000000000000000000000000000000000000000000000000000000000000000000000000000000000000000000000000000000000000000000000000000000000000000
00000000000000000000000000000000000000000000000000000000000000000000000000000000000000000000000000000000000000000000000000000000000000000000000000000000000000000000000000000000000000000000000000000000
00000000000000000000000000000000000000000000000000000000000000000000000000000000000000000000000000000000000000000000000000000000000000000000000000000000000000000000000000000000000000000000000000000000
