200 200
00000000000000000000000000000000000000000000000000000000000000000000000000000000000000000000000000000000000000000000000000000000000000000000000000000000000000000000000000000000000000000000000000000000
00000000000000000000000000000000000000000000000000000000000000000000000000000000000000000000000000000000000000000000000000000000000000000000000000000000000000000000000000000000000000000000000000000000
00000000000000000000000000000000000000000000000000000000000000000000000000000000000000000000000000000000000000000000000000000000000000000000000000000000000000000000000000000000000000000000000000000000
00000000000000000000000000000000000000000000000000000000000000000000000000000000000000000000000000000000000000000000000000000000000000000000000000000000000000000000000000000000000000000000000000000000
00000000000000000000000000000000000000000000000000000000000000000000000000000000000000000000000000000000000000000000000000000000000000000000000000000000000000000000000000000000000000000000000000000000
00000000000000000000000000000000000000000000000000000000000000000000000000000000000000000000000000000000000000000000000000000000000000000000000000000000000000000000000000000000000000000000000000000000
00000000000000000000000000000000000000000000000000000000000000000000000000000000000000000000000000000000000000000000000000000000000000000000000000000000000000000000000000000000000000000000000000000000
00000000000000000000000000000000000000000000000000000000000000000000000000000000000000000000000000000000000000000000000000000000000000000000000000000000000000000000000000000000000000000000000000000000
00000000000000000000000000000000000000000000000000000000000000000000000000000000000000000000000000000000000000000000000000000000000000000000000000000000000000000000000000000000000000000000000000000000
00000000000000000000000000000000000000000000000000000000000000000000000000000000000000000000000000000000000000000000000000000000000000000000000000000000000000000000000000000000000000000000000000000000
00000000000000000000000000000000000000000000000000000000000000000000000000000000000000000000000000000000000000000000000000000000000000000000000000000000000000000000000000000000000000000000000000000000
00000000000000000000000000000000000000000000000000000000000000000000000000000000000000000000000000000000000000000000000000000000000000000000000000000000000000000000000000000000000000000000000000000000
00000000000000000000000000000000000000000000000000000000000000000000000000000000000000000000000000000000000000000000000000000000000000000000000000000000000000000000000000000000000000000000000000000000
00000000000000000000000000000000000000000000000000000000000000000000000000000000000000000000000000000000000000000000000000000000000000000000000000000000000000000000000000000000000000000000000000000000
00000000000000000000000000000000000000000000000000000000000000000000000000000000000000000000000000000000000000000000000000000000000000000000000000000000000000000000000000000000000000000000000000000000
00000000000000000000000000000000000000000000000000000000000000000000000000000000000000000000000000000000000000000000000000000000000000000000000000000000000000000000000000000000000000000000000000000000
00000000000000000000000000000000000000000000000000000000000000000000000000000000000000000000000000000000000000000000000000000000000000000000000000000000000000000000000000000000000000000000000000000000
00000000000000000000000000000000000000000000000000000000000000000000000000000000000000000000000000000000000000000000000000000000000000000000000000000000000000000000000000000000000000000000000000000000
00000000000000000000000000000000000000000000000000000000000000000000000000000000000000000000000000000000000000000000000000000000000000000000000000000000000000000000000000000000000000000000000000000000
00000000000000000000000000000000000000000000000000000000000000000000000000000000000000000000000000000000000000000000000000000000000000000000000000000000000000000000000000000000000000000000000000000000
00000000000000000000000000000000000000000000000000000000000000000000000000000000000000000000000000000000000000000000000000000000000000000000000000000000000000000000000000000000000000000000000000000000
00000000000000000000000000000000000000000000000000000000000000000000000000000000000000000000000000000000000000000000000000000000000000000000000000000000000000000000000000000000000000000000000000000000
00000000000000000000000000000000000000000000000000000000000000000000000000000000000000000000000000000000000000000000000000000000000000000000000000000000000000000000000000000000000000000000000000000000
00000000000000000000000000000000000000000000000000000000000000000000000000000000000000000000000000000000000000000000000000000000000000000000000000000000000000000000000000000000000000000000000000000000
00000000000000000000000000000000000000000000000000000000000000000000000000000000000000000000000000000000000000000000000000000000000000000010100111000101000000000000000000000000000000000000000000000000
00000000000000000000000000000000000000000000000000000000000000000000000000000000000000000000000000000000000000000000000000000000000000001000001111110010000000000000000000000000000000000000000000000000
00000000000000000000000000000000000000000000000000000000000000000000000000000000000000000000000000000000000000000000000000000000000000000101101111110010000000000000000000000000000000000000000000000000
00000000000000000000000000000000000000000000000000000000000000000000000000000000000000000000000000000000000000000000000000000000000000001001010110111100000000000000000000000000000000000000000000000000
00000000000000000000000000000000000000000000000000000000000000000000000000000000000000000000000000000000000000000000000000000000000000000110011111111010000000000000000000000000000000000000000000000000
00000000000000000000000000000000000000000000000000000000000000000000000000000000000000000000000000000000000000000000000000000000000000001000110110011111000000000000000000000000000000000000000000000000
00000000000000000000000000000000000000000000000000000000000000000000000000000000000000000000000000000000000000000000000000000000000000000011001111001110000000000000000000000000000000000000000000000000
00000000000000000000000000000000000000000000000000000000000000000000000000000000000000000000000000000000000000000000000000000000000000000010111110100111000000000000000000000000000000000000000000000000
00000000000000000000000000000000000000000000000000000000000000000000000000000000000000000000000000000000000000000000000000000000010011011001111000011011100010100000000000000000000000000000000000000000
00000000000000000000000000000000000000000000000000000000000000000000000000000000000000000000000000000000000000000000000000000000101100100111100110100101111001010000000000000000000000000000000000000000
00000000000000000000000000000000000000000000000000000000000000000000000000000000000000000000000000000000000000000000000000000000010100011111011001000010111100110000000000000000000000000000000000000000
00000000000000000000000000000000000000000000000000000000000000000000000000000000000000000000000000000000000000000000000000000000001010111110100100011001111010000000000000000000000000000000000000000000
00000000000000000000000000000000000000000000000000000000000000000000000000000000000000000000000000000000000000000000000000000000100111111100001011001001111011010000000000000000000000000000000000000000
00000000000000000000000000000000000000000000000000000000000000000000000000000000000000000000000000000000000000000000000000000000000011111001101000110100011100000000000000000000000000000000000000000000
00000000000000000000000000000000000000000000000000000000000000000000000000000000000000000000000000000000000000000000000000000000011111101100011010000101111100100000000000000000000000000000000000000000
00000000000000000000000000000000000000000000000000000000000000000000000000000000000000000000000000000000000000000000000000000000011101101001101101100010011001010000000000000000000000000000000000000000
00000000000000000000000000000000000000000000000000000000000000000000000000000000000000000000000000000000000000000100001010101010111000100000000000000000011000000000000000000000000000000000000000000000
00000000000000000000000000000000000000000000000000000000000000000000000000000000000000000000000000000000000000001000010101000111110100010000000000000000011000000000000000000000000000000000000000000000
00000000000000000000000000000000000000000000000000000000000000000000000000000000000000000000000000000000000000000011010000101111011010100000000000000000011000000000000000000000000000000000000000000000
00000000000000000000000000000000000000000000000000000000000000000000000000000000000000000000000000000000000000001100100110011111000101100000000000000000011000000000000000000000000000000000000000000000
00000000000000000000000000000000000000000000000000000000000000000000000000000000000000000000000000000000000000000001100101111010101001000000000000000000011000000000000000000000000000000000000000000000
00000000000000000000000000000000000000000000000000000000000000000000000000000000000000000000000000000000000000000110001011110101011110010000000000000000011000000000000000000000000000000000000000000000
00000000000000000000000000000000000000000000000000000000000000000000000000000000000000000000000000000000000000001010010111010010001010100000000000000000011000000000000000000000000000000000000000000000
00000000000000000000000000000000000000000000000000000000000000000000000000000000000000000000000000000000000000000101001110000000101010010000000000000000011000000000000000000000000000000000000000000000
00000000000000000000000000000000000000000000000000000000000000000000000000000000000000000000000000000000010100010011011100000000000000000000000000000000011000000000000000000000000000000000000000000000
00000000000000000000000000000000000000000000000000000000000000000000000000000000000000000000000000000000110000000101111000000000000000000000000000000000011000000000000000000000000000000000000000000000
00000000000000000000000000000000000000000000000000000000000000000000000000000000000000000000000000000000100011100111110000000000000000000000000000000000011000000000000000000000000000000000000000000000
00000000000000000000000000000000000000000000000000000000000000000000000000000000000000000000000000000000001100111111100100000000000000000000000000000000011000000000000000000000000000000000000000000000
00000000000000000000000000000000000000000000000000000000000000000000000000000000000000000000000000000000010101111110001000000000000000000000000000000000011000000000000000000000000000000000000000000000
00000000000000000000000000000000000000000000000000000000000000000000000000000000000000000000000000000000101101110001000000000000000000000000000000000000011000000000000000000000000000000000000000000000
00000000000000000000000000000000000000000000000000000000000000000000000000000000000000000000000000000000001011101010101100000000000000000000000000000000011000000000000000000000000000000000000000000000
00000000000000000000000000000000000000000000000000000000000000000000000000000000000000000000000000000000010111000101010100000000000000000000000000000000011000000000000000000000000000000000000000000000
00000000000000000000000000000000000000000000000000000000000000000000000000000000000000000000000001010011011110100000000000000000000000000000000000000000011000000000000000000000000000000000000000000000
00000000000000000000000000000000000000000000000000000000000000000000000000000000000000000000000010101010111101010000000000000000000000000000000000000000011000000000000000000000000000000000000000000000
00000000000000000000000000000000000000000000000000000000000000000000000000000000000000000000000001010001110000000000000000000000000000000000000000000000011000000000000000000000000000000000000000000000
00000000000000000000000000000000000000000000000000000000000000000000000000000000000000000000000001001011110010000000000000000000000000000000000000000000011000000000000000000000000000000000000000000000
00000000000000000000000000000000000000000000000000000000000000000000000000000000000000000000000010110111101000000000000000000000000000000000000000000000011000000000000000000000000000000000000000000000
00000000000000000000000000000000000000000000000000000000000000000000000000000000000000000000000001011110010111010000000000000000000000000000000000000000011000000000000000000000000000000000000000000000
00000000000000000000000000000000000000000000000000000000000000000000000000000000000000000000000010111001011000000000000000000000000000000000000000000000011000000000000000000000000000000000000000000000
00000000000000000000000000000000000000000000000000000000000000000000000000000000000000000000000001110100101010100000000000000000000000000000000000000000011000000000000000000000000000000000000000000000
00000000000000000000000000000000000000000000000000000000000000000000000000000000101001100010111011110110000000000000000000000000000000000000000000000000011000000000000000000000000000000000000000000000
00000000000000000000000000000000000000000000000000000000000000000000000000000000000110010101000111011010000000000000000000000000000000000000000000000000011000000000000000000000000000000000000000000000
00000000000000000000000000000000000000000000000000000000000000000000000000000000101001101010111110101101000000000000000000000000000000000000000000000000011000000000000000000000000000000000000000000000
00000000000000000000000000000000000000000000000000000000000000000000000000000000010110100100111010001000000000000000000000000000000000000000000000000000011000000000000000000000000000000000000000000000
00000000000000000000000000000000000000000000000000000000000000000000000000000000100101011011110101110000000000000000000000000000000000000000000000000000011000000000000000000000000000000000000000000000
00000000000000000000000000000000000000000000000000000000000000000000000000000000111010010111011001001101000000000000000000000000000000000000000000000000011000000000000000000000000000000000000000000000
00000000000000000000000000000000000000000000000000000000000000000000000000000000100101101110100011100110000000000000000000000000000000000000000000000000011000000000000000000000000000000000000000000000
00000000000000000000000000000000000000000000000000000000000000000000000000000000010010011100010100101001000000000000000000000000000000000000000000000000011000000000000000000000000000000000000000000000
00000000000000000000000000000000000000000000000000000000000000000000000000000000000101111001001000000000000000000000000000000000000000000000000000000000011000000000000000000000000000000000000000000000
00000000000000000000000000000000000000000000000000000000000000000000000000000000011101110110100100000000000000000000000000000000000000000000000000000000011000000000000000000000000000000000000000000000
00000000000000000000000000000000000000000000000000000000000000000000000000000000100001111000011100000000000000000000000000000000000000000000000000000000011000000000000000000000000000000000000000000000
00000000000000000000000000000000000000000000000000000000000000000000000000000000111011001010100100000000000000000000000000000000000000000000000000000000011000000000000000000000000000000000000000000000
00000000000000000000000000000000000000000000000000000000000000000000000000000000010111100101101000000000000000000000000000000000000000000000000000000000011000000000000000000000000000000000000000000000
00000000000000000000000000000000000000000000000000000000000000000000000000000000001111010110010100000000000000000000000000000000000000000000000000000000011000000000000000000000000000000000000000000000
00000000000000000000000000000000000000000000000000000000000000000000000000000000101100101001100000000000000000000000000000000000000000000000000000000000011000000000000000000000000000000000000000000000
00000000000000000000000000000000000000000000000000000000000000000000000000000000011110000110000100000000000000000000000000000000000000000000000000000000011000000000000000000000000000000000000000000000
00000000000000000000000000000000000000000000000000000000000000000000000010101101111101100000000000000000000000000000000000000000000000000000000000000000011000000000000000000000000000000000000000000000
00000000000000000000000000000000000000000000000000000000000000000000000000010111110110100000000000000000000000000000000000000000000000000000000000000000011000000000000000000000000000000000000000000000
00000000000000000000000000000000000000000000000000000000000000000000000011101011101011010000000000000000000000000000000000000000000000000000000000000000011000000000000000000000000000000000000000000000
00000000000000000000000000000000000000000000000000000000000000000000000000101111100010000000000000000000000000000000000000000000000000000000000000000000011000000000000000000000000000000000000000000000
00000000000000000000000000000000000000000000000000000000000000000000000011111100011100000000000000000000000000000000000000000000000000000000000000000000011000000000000000000000000000000000000000000000
00000000000000000000000000000000000000000000000000000000000000000000000010111001010011010000000000000000000000000000000000000000000000000000000000000000011000000000000000000000000000000000000000000000
00000000000000000000000000000000000000000000000000000000000000000000000001111010111001100000000000000000000000000000000000000000000000000000000000000000011000000000000000000000000000000000000000000000
00000000000000000000000000000000000000000000000000000000000000000000000011110101001010010000000000000000000000000000000000000000000000000000000000000000011000000000000000000000000000000000000000000000
00000000000000000000000000000000000000000000000000000000010000101000010111011000000000000000000000000000000000000000000000000000000000000000000000000000011000000000000000000000000000000000000000000000
00000000000000000000000000000000000000000000000000000000100001010000101110100101000000000000000000000000000000000000000000000000000000000000000000000000011000000000000000000000000000000000000000000000
00000000000000000000000000000000000000000000000000000000001101000110111101000010000000000000000000000000000000000000000000000000000000000000000000000000011000000000000000000000000000000000000000000000
00000000000000000000000000000000000000000000000000000000110010010111110110011000000000000000000000000000000000000000000000000000000000000000000000000000011000000000000000000000000000000000000000000000
00000000000000000000000000000000000000000000000000000000000110011111100010010011000000000000000000000000000000000000000000000000000000000000000000000000011000000000000000000000000000000000000000000000
00000000000000000000000000000000000000000000000000000000011000101110101000101100000000000000000000000000000000000000000000000000000000000000000000000000011000000000000000000000000000000000000000000000
00000000000000000000000000000000000000000000000000000000101001011111000110100001000000000000000000000000000000000000000000000000000000000000000000000000011000000000000000000000000000000000000000000000
00000000000000000000000000000000000000000000000000000000010100111000010001000110000000000000000000000000000000000000000000000000000000000000000000000000011000000000000000000000000000000000000000000000
00000000000000000000000000000000000000000000000010100110010001110000000000000000000000000000000000000000000000000000000000000000000000000000000000000000011000000000000000000000000000000000000000000000
00000000000000000000000000000000000000000000000000011001010111100000000000000000000000000000000000000000000000000000000000000000000000000000000000000000011000000000000000000000000000000000000000000000
00000000000000000000000000000000000000000000000010100110010111010000000000000000000000000000000000000000000000000000000000000000000000000000000000000000011000000000000000000000000000000000000000000000
00000000000000000000000000000000000000000000000001011010100110100000000000000000000000000000000000000000000000000000000000000000000000000000000000000000011000000000000000000000000000000000000000000000
00000000000000000000000000000000000000000000000010010101011101000000000000000000000000000000000000000000000000000000000000000000000000000000000000000000011000000000000000000000000000000000000000000000
00000000000000000000000000000000000000000000000011101001011010100000000000000000000000000000000000000000000000000000000000000000000000000000000000000000011000000000000000000000000000000000000000000000
00000000000000000000000000000000000000000000000010010110111100010000000000000000000000000000000000000000000000000000000000000000000000000000000000000000011000000000000000000000000000000000000000000000
00000000000000000000000000000000000000000000000001001001110110100000000000000000000000000000000000000000000000000000000000000000000000000000000000000000011000000000000000000000000000000000000000000000
00000000000000000000000000000000000000001001010000100111100100100000000000000000000000000000000000000000000000000000000000000000000000000000000000000000011000000000000000000000000000000000000000000000
00000000000000000000000000000000000000000110010101011111011010010000000000000000000000000000000000000000000000000000000000000000000000000000000000000000011000000000000000000000000000000000000000000000
00000000000000000000000000000000000000001011001000111111100001110000000000000000000000000000000000000000000000000000000000000000000000000000000000000000011000000000000000000000000000000000000000000000
00000000000000000000000000000000000000000100111010111010101010010000000000000000000000000000000000000000000000000000000000000000000000000000000000000000011000000000000000000000000000000000000000000000
00000000000000000000000000000000000000000001000011111111010110100000000000000000000000000000000000000000000000000000000000000000000000000000000000000000011000000000000000000000000000000000000000000000
00000000000000000000000000000000000000001011010111101000011001010000000000000000000000000000000000000000000000000000000000000000000000000000000000000000011000000000000000000000000000000000000000000000
00000000000000000000000000000000000000000101101110101011100110000000000000000000000000000000000000000000000000000000000000000000000000000000000000000000011000000000000000000000000000000000000000000000
00000000000000000000000000000000000000000110111101001100011000010000000000000000000000000000000000000000000000000000000000000000000000000000000000000000011000000000000000000000000000000000000000000000
00000000000000000000000000000000100101001111111000000000000000000000000000000000000000000000000000000000000000000000000000000000000000000000000000000000011000000000001100000000000000000000000000000000
00000000000000000000000000000000011001010001110100000000000000000000000000000000000000000000000000000000000000000000000000000000000000000000000000000000011000000000001100000000000000000000000000000000
00000000000000000000000000000000101100101111101000000000000000000000000000000000000000000000000000000000000000000000000000000000000000000000000000000000011000000000001100000000000000000000000000000000
00000000000000000000000000000000010011100111110000000000000000000000000000000000000000000000000000000000000000000000000000000000000000000000000000000000011000000000001100000000000000000000000000000000
00000000000000000000000000000000000100001111001100000000000000000000000000000000000000000000000000000000000000000000000000000000000000000000000000000000011000000000001100000000000000000000000000000000
00000000000000000000000000000000101101011100110000000000000000000000000000000000000000000000000000000000000000000000000000000000000000000000000000000000011000000000011100000000000000000000000000000000
00000000000000000000000000000000010110111010111100000000000000000000000000000000000000000000000000000000000000000000000000000000000000000000000000000000011000000000011100000000000000000000000000000000
00000000000000000000000000000000011011110100100000000000000000000000000000000000000000000000000000000000000000000000000000000000000000000000000000000000011000000000011100000000000000000000000000000000
00000000000000000000000000101001001011100000000000000000000000000000000000000000000000000000000000000000000000000000000000000000000000000000000000000000011000000000001100000000000000000000000000000000
00000000000000000000000001010100010111000000000000000000000000000000000000000000000000000000000000000000000000000000000000000000000000000000000000000000011000000000001100000000000000000000000000000000
00000000000000000000000000101100111110100000000000000000000000000000000000000000000000000000000000000000000000000000000000000000000000000000000000000000011000000000001100000000000000000000000000000000
00000000000000000000000010010100001101100000000000000000000000000000000000000000000000000000000000000000000000000000000000000000000000000000000000000000011000000000001100000000000000000000000000000000
00000000000000000000000001110100011010000000000000000000000000000000000000000000000000000000000000000000000000000000000000000000000000000000000000000000011000000000001100000000000000000000000000000000
00000000000000000000000001001000111001010000000000000000000000000000000000000000000000000000000000000000000000000000000000000000000000000000000000000000011000000000001100000000000000000000000000000000
00000000000000000000000010100011110000010000000000000000000000000000000000000000000000000000000000000000000000000000000000000000000000000000000000000000011000000000001100000000000000000000000000000000
00000000000000000000000000011101111100100000000000000000000000000000000000000000000000000000000000000000000000000000000000000000000000000000000000000000011000000000001100000000000000000000000000000000
00000000000000001110000001010011100100100000000000000000000000000000000000000000000000000000000000000000000000000000000000000000000000000000000000000000011000000000001100000000000000000000000000000000
00000000000000001110000000001111011010010000000000000000000000000000000000000000000000000000000000000000000000000000000000000000000000000000000000000000011000000000001100000000000000000000000000000000
00000000000000001110000010100111100001110000000000000000000000000000000000000000000000000000000000000000000000000000000000000000000000000000000000000000011000000000001100000000000000000000000000000000
00000000000000001110000000011110101010010000000000000000000000000000000000000000000000000000000000000000000000000000000000000000000000000000000000000000011000000000001100000000000000000000000000000000
00000000000000001110000001111101010110100000000000000000000000000000000000000000000000000000000000000000000000000000000000000000000000000000000000000000011000000000001100000000000000000000000000000000
00000000000000001110000001110110011001010000000000000000000000000000000000000000000000000000000000000000000000000000000000000000000000000000000000000000011000000000001100000000000000000000000000000000
00000000000000001110000011100010100110000000000000000000000000000000000000000000000000000000000000000000000000000000000000000000000000000000000000000000011000000000001100000000000000000000000000000000
00000000000000001110000011110100011000010000000000000000000000000000000000000000000000000000000000000000000000000000000000000000000000000000000000000000011000000000001100000000000000000000000000000000
00000000000000001010001011011000000000000000000000000000000000000000000000000000000000000000000000000000000000000000000000000000000000000000000000000000011000000000011100000000000000000000000000000000
00000000000000000101100111100100000000000000000000000000000000000000000000000000000000000000000000000000000000000000000000000000000000000000000000000000011000000000000100000000000000000000000000000000
00000000000000001001011110101001000000000000000000000000000000000000000000000000000000000000000000000000000000000000000000000000000000000000000000000000011000000000000000000000000000000000000000000000
00000000000000000010011110000110000000000000000000000000000000000000000000000000000000000000000000000000000000000000000000000000000000000000000000000000011000000000001100000000000000000000000000000000
00000000000000001111111100101101000010000000000000000000000000000000000000000000000000000000000000000000000000001111111100000000000000000000000000000000011000001111111100000000000000000000000000000000
00000000000000000011110100011000000111000000000000000000000000000000000000000000000000000000000000000000000000001111111100000000000000000000000000000000011000001111111100000000000000000000000000000000
00000000000000001101111001110010000111110000000000000000000000000000000000000000000000000000000000000000000000000001111100000000000000000000000000000000011000001111111100000000000000000000000000000000
00000000000000000001110110101101001111110000000000000000000000000000000000000000000000000000000000000000000000000000111100000000000000000000000000000000011000001111111100000000000000000000000000000000
00000000010000011111101000000000000000000000000000000000000000000000000000000000000000000000000000000000000000000000000000000000000000000000000000000000011000000000000000000000000000000000000000000000
00000000101010100111110000000000000000000000000000000000000000000000000000000000000000000000000000000000000000000000000000000000000000000000000000000000011000000000000000000000000000000000000000000000
00000000100000111111100000000000000000000000000000000000000000000000000000000000000000000000000000000000000000000000000000000000000000000000000000000000011000000000000000000000000000000000000000000000
00000000110100111100001100000000000000000000000000000000000000000000000000000000000000000000000000000000000000000000000000000000000000000000000000000000011000000000000000000000000000000000000000000000
00000000111001110010100000000000000000000000000000000000000000000000000000000000000000000000000000000000000000000000000000000000000000000000000000000000011000000000000000000000000000000000000000000000
00000000010111100100011000000000000000000000000000000000000000000000000000000000000000000000000000000000000000000000000000000000000000000000000000000000011000000000000000000000000000000000000000000000
00000000101111100101110000000000000000000000000000000000000000000000000000000000000000000000000000000000000000000000000000000000000000000000000000000000011000000000000000000000000000000000000000000000
00000000011110101010001100000000000000000000000000000000000000000000000000000000000000000000000000000000000000000000000000000000000000000000000000000000011000000000000000000000000000000000000000000000
00000101111100100000000000000000000000000000000000000000000000000000000000000000011101010000000010001010011100100110010100000000000000000000000000000000111010110000000000000000000000000000000000000000
11111011111001011111111111111111111111111111111111111111111111111111111111111111000011000000000000110101100111011001100000000000000000000000000000000000011011000000000000000000000000000000000000000000
01001111111111111111111111111111111111111111111111111111111111111111111111111111111010010000000011011010101001000110010100000000000000000000000000000000111100100000000000000000000000000000000000000000
10111011111111111111111111111111111111111111111111111111111111111111111111111111111111111111111101001001000110110101101000000000000000000000000000000000011111100000000000000000000000000000000000000000
10000010101000010000000000000000000000000000000000000000000000000000000000000000000111111111111111110101010110001010100100000000000000000000000000000000111000010000000000000000000000000000000000000000
01101001000110100000000000000000000000000000000000000000000000000000000000000000010000100000000011111010001001101001011100000000000000000000000000000000011100110000000000000000000000000000000000000000
11011000110001010000000000000000000000000000000000000000000000000000000000000000001010000000000000111111111110110110100100000000000000000000000000000000011100000000000000000000000000000000000000000000
00100110100101100000000000000000000000000000000000000000000000000000000000000000100100100000000001101111111111111001001000000000000000000000000000000000110001100000000000000000000000000000000000000000
00000000000000000000000000000000000000000000000000000000000000000000000000000000000000000000000000000000010001111111111111111111101001100000000000001101110100110000000000000000000000000000000000000000
00000000000000000000000000000000000000000000000000000000000000000000000000000000000000000000000000000000001010001111111111111111111110011111111110100011111001000000000000000000000000000000000000000000
00000000000000000000000000000000000000000000000000000000000000000000000000000000000000000000000000000000110001011111111111111111011111111111111111111111110010010000000000000000000000000000000000000000
00000000000000000000000000000000000000000000000000000000000000000000000000000000000000000000000000000000101000100000000000000000000111111111111111111111111101100000000000000000000000000000000000000000
00000000000000000000000000000000000000000000000000000000000000000000000000000000000000000000000000000000010110110000000000000000010100000000000010010101110010000000000000000000000000000000000000000000
00000000000000000000000000000000000000000000000000000000000000000000000000000000000000000000000000000000100011010000000000000000001011110000000000101100011100010000000000000000000000000000000000000000
00000000000000000000000000000000000000000000000000000000000000000000000000000000000000000000000000000000010101100000000000000000011000000000000011010100100001000000000000000000000000000000000000000000
00000000000000000000000000000000000000000000000000000000000000000000000000000000000000000000000000000000101010010000000000000000100110100000000000101001010100110000000000000000000000000000000000000000
00000000000000000000000000000000000000000000000000000000000000000000000000000000000000000000000000000000000000000000000000000000000000000000000000000000000000000000000000000000000000000000000000000000
00000000000000000000000000000000000000000000000000000000000000000000000000000000000000000000000000000000000000000000000000000000000000000000000000000000000000000000000000000000000000000000000000000000
00000000000000000000000000000000000000000000000000000000000000000000000000000000000000000000000000000000000000000000000000000000000000000000000000000000000000000000000000000000000000000000000000000000
00000000000000000000000000000000000000000000000000000000000000000000000000000000000000000000000000000000000000000000000000000000000000000000000000000000000000000000000000000000000000000000000000000000
00000000000000000000000000000000000000000000000000000000000000000000000000000000000000000000000000000000000000000000000000000000000000000000000000000000000000000000000000000000000000000000000000000000
00000000000000000000000000000000000000000000000000000000000000000000000000000000000000000000000000000000000000000000000000000000000000000000000000000000000000000000000000000000000000000000000000000000
00000000000000000000000000000000000000000000000000000000000000000000000000000000000000000000000000000000000000000000000000000000000000000000000000000000000000000000000000000000000000000000000000000000
00000000000000000000000000000000000000000000000000000000000000000000000000000000000000000000000000000000000000000000000000000000000000000000000000000000000000000000000000000000000000000000000000000000
00000000000000000000000000000000000000000000000000000000000000000000000000000000000000000000000000000000000000000000000000000000000000000000000000000000000000000000000000000000000000000000000000000000
00000000000000000000000000000000000000000000000000000000000000000000000000000000000000000000000000000000000000000000000000000000000000000000000000000000000000000000000000000000000000000000000000000000
00000000000000000000000000000000000000000000000000000000000000000000000000000000000000000000000000000000000000000000000000000000000000000000000000000000000000000000000000000000000000000000000000000000
00000000000000000000000000000000000000000000000000000000000000000000000000000000000000000000000000000000000000000000000000000000000000000000000000000000000000000000000000000000000000000000000000000000
00000000000000000000000000000000000000000000000000000000000000000000000000000000000000000000000000000000000000000000000000000000000000000000000000000000000000000000000000000000000000000000000000000000
00000000000000000000000000000000000000000000000000000000000000000000000000000000000000000000000000000000000000000000000000000000000000000000000000000000000000000000000000000000000000000000000000000000
00000000000000000000000000000000000000000000000000000000000000000000000000000000000000000000000000000000000000000000000000000000000000000000000000000000000000000000000000000000000000000000000000000000
00000000000000000000000000000000000000000000000000000000000000000000000000000000000000000000000000000000000000000000000000000000000000000000000000000000000000000000000000000000000000000000000000000000
00000000000000000000000000000000000000000000000000000000000000000000000000000000000000000000000000000000000000000000000000000000000000000000000000000000000000000000000000000000000000000000000000000000
00000000000000000000000000000000000000000000000000000000000000000000000000000000000000000000000000000000000000000000000000000000000000000000000000000000000000000000000000000000000000000000000000000000
00000000000000000000000000000000000000000000000000000000000000000000000000000000000000000000000000000000000000000000000000000000000000000000000000000000000000000000000000000000000000000000000000000000
00000000000000000000000000000000000000000000000000000000000000000000000000000000000000000000000000000000000000000000000000000000000000000000000000000000000000000000000000000000000000000000000000000000
00000000000000000000000000000000000000000000000000000000000000000000000000000000000000000000000000000000000000000000000000000000000000000000000000000000000000000000000000000000000000000000000000000000
00000000000000000000000000000000000000000000000000000000000000000000000000000000000000000000000000000000000000000000000000000000000000000000000000000000000000000000000000000000000000000000000000000000
00000000000000000000000000000000000000000000000000000000000000000000000000000000000000000000000000000000000000000000000000000000000000000000000000000000000000000000000000000000000000000000000000000000
00000000000000000000000000000000000000000000000000000000000000000000000000000000000000000000000000000000000000000000000000000000000000000000000000000000000000000000000000000000000000000000000000000000
00000000000000000000000000000000000000000000000000000000000000000000000000000000000000000000000000000000000000000000000000000000000000000000000000000000000000000000000000000000000000000000000000000000
00000000000000000000000000000000000000000000000000000000000000000000000000000000000000000000000000000000000000000000000000000000000000000000000000000000000000000000000000000000000000000000000000000000
00000000000000000000000000000000000000000000000000000000000000000000000000000000000000000000000000000000000000000000000000000000000000000000000000000000000000000000000000000000000000000000000000000000
00000000000000000000000000000000000000000000000000000000000000000000000000000000000000000000000000000000000000000000000000000000000000000000000000000000000000000000000000000000000000000000000000000000
00000000000000000000000000000000000000000000000000000000000000000000000000000000000000000000000000000000000000000000000000000000000000000000000000000000000000000000000000000000000000000000000000000000
00000000000000000000000000000000000000000000000000000000000000000000000000000000000000000000000000000000000000000000000000000000000000000000000000000000000000000000000000000000000000000000000000000000
00000000000000000000000000000000000000000000000000000000000000000000000000000000000000000000000000000000000000000000000000000000000000000000000000000000000000000000000000000000000000000000000000000000
00000000000000000000000000000000000000000000000000000000000000000000000000000000000000000000000000000000000000000000000000000000000000000000000000000000000000000000000000000000000000000000000000000000
