200 200
00000000000000000000000000000000000000000000000000000000000000000000000000000000000000000000000000000000000000000000000000000000000000000000000000000000000000000000000000000000000000000000000000000000
00000000000000000000000000000000000000000000000000000000000000000000000000000000000000000000000000000000000000000000000000000000000000000000000000000000000000000000000000000000000000000000000000000000
00000000000000000000000000000000000000000000000000000000000000000000000000000000000000000000000000000000000000000000000000000000000000000000000000000000000000000000000000000000000000000000000000000000
00000000000000000000000000000000000000000000000000000000000000000000000000000000000000000000000000000000000000000000000000000000000000000000000000000000000000000000000000000000000000000000000000000000
00000000000000000000000000000000000000000000000000000000000000000000000000000000000000000000000000000000000000000000000000000000000000000000000000000000000000000000000000000000000000000000000000000000
00000000000000000000000000000000000000000000000000000000000000000000000000000000000000000000000000000000000000000000000000000000000000000000000000000000000000000000000000000000000000000000000000000000
00000000000000000000000000000000000000000000000000000000000000000000000000000000000000000000000000000000000000000000000000000000000000000000000000000000000000000000000000000000000000000000000000000000
00000000000000000000000000000000000000000000000000000000000000000000000000000000000000000000000000000000000000000000000000000000000000000000000000000000000000000000000000000000000000000000000000000000
00000000000000000000000000000000000000000000000000000000000000000000000000000000000000000000000000000000000000000000000000000000000000000000000000000000000000000000000000000000000000000000000000000000
00000000000000000000000000000000000000000000000000000000000000000000000000000000000000000000000000000000000000000000000000000000000000000000000000000000000000000000000000000000000000000000000000000000
00000000000000000000000000000000000000000000000000000000000000000000000000000000000000000000000000000000000000000000000000000000000000000000000000000000000000000000000000000000000000000000000000000000
00000000000000000000000000000000000000000000000000000000000000000000000000000000000000000000000000000000000000000000000000000000000000000000000000000000000000000000000000000000000000000000000000000000
00000000000000000000000000000000000000000000000000000000000000000000000000000000000000000000000000000000000000000000000000000000000000000000000000000000000000000000000000000000000000000000000000000000
00000000000000000000000000000000000000000000000000000000000000000000000000000000000000000000000000000000000000000000000000000000000000000000000000000000000000000000000000000000000000000000000000000000
00000000000000000000000000000000000000000000000000000000000000000000000000000000000000000000000000000000000000000000000000000000000000000000000000000000000000000000000000000000000000000000000000000000
00000000000000000000000000000000000000000000000000000000000000000000000000000000000000000000000000000000000000000000000000000000000000000000000000000000000000000000000000000000000000000000000000000000
00000000000000000000000000000000000000000000000000000000000000000000000000000000000000000000000000000000000000000000000000000000000000000000000000000000000000000000000000000000000000000000000000000000
00000000000000000000000000000000000000000000000000000000000000000000000000000000000000000000000000000000000000000000000000000000000000000000000000000000000000000000000000000000000000000000000000000000
00000000000000000000000000000000000000000000000000000000000000000000000000000000000000000000000000000000000000000000000000000000000000000000000000000000000000000000000000000000000000000000000000000000
00000000000000000000000000000000000000000000000000000000000000000000000000000000000000000000000000000000000000000000000000000000000000000000000000000000000000000000000000000000000000000000000000000000
00000000000000000000000000000000000000000000000000000000000000000000000000000000000000000000000000000000000000000000000000000000000000000000000000000000000000000000000000000000000000000000000000000000
00000000000000000000000000000000000000000000000000000000000000000000000000000000000000000000000000000000000000000000000000000000000000000000000000000000000000000000000000000000000000000000000000000000
00000000000000000000000000000000000000000000000000000000000000000000000000000000000000000000000000000000000000000000000000000000000000000000000000000000000000000000000000000000000000000000000000000000
00000000000000000000000000000000000000000000000000000000000000000000000000000000000000000000000000000000000000000000000000000000000000000000000000000000000000000000000000000000000000000000000000000000
00000000000000000000000000000000000000000000000000000000000000000000000011001010001100010000000000000000000000000000000000000000000000000000000000000000000000000000000000000000000000000000000000000000
00000000000000000000000000000000000000000000000000000000000000000000000010100100010101000000000000000000000000000000000000000000000000000000000000000000000000000000000000000000000000000000000000000000
00000000000000000000000000000000000000000000000000000000000000000000000010001011001111010000000000000000000000000000000000000000000000000000000000000000000000000000000000000000000000000000000000000000
00000000000000000000000000000000000000000000000000000000000000000000000001010100011000000000000000000000000000000000000000000000000000000000000000000000000000000000000000000000000000000000000000000000
00000000000000000000000000000000000000000000000000000000000000000000000010100110010101010000000000000000000000000000000000000000000000000000000000000000000000000000000000000000000000000000000000000000
00000000000000000000000000000000000000000000000000000000000000000000000010111101010010000000000000000000000000000000000000000000000000000000000000000000000000000000000000000000000000000000000000000000
00000000000000000000000000000000000000000000000000000000000000000000000001111111100000100000000000000000000000000000000000000000000000000000000000000000000000000000000000000000000000000000000000000000
00000000000000000000000000000000000000000000000000000000000000000000000001111011111011000000000000000000000000000000000000000000000000000000000000000000000000000000000000000000000000000000000000000000
00000000000000000000000000000000000000000000000000000000000000000000000010111101011000101001010000000000000000000000000000000000000000000000000000000000000000000000000000000000000000000000000000000000
00000000000000000000000000000000000000000000000000000000000000000000000011110100111111010010101000000000000000000000000000000000000000000000000000000000000000000000000000000000000000000000000000000000
00000000000000000000000000000000000000000000000000000000000000000000000011110101000111100011010000000000000000000000000000000000000000000000000000000000000000000000000000000000000000000000000000000000
00000000000000000000000000000000000000000000000000000000000000000000000011001010101111010010100100000000000000000000000000000000000000000000000000000000000000000000000000000000000000000000000000000000
00000000000000000000000000000000000000000000000000000000000000000000000011100010000011100010111000000000000000000000000000000000000000000000000000000000000000000000000000000000000000000000000000000000
00000000000000000000000000000000000000000000000000000000000000000000000011001101110011110001001000000000000000000000000000000000000000000000000000000000000000000000000000000000000000000000000000000000
00000000000000000000000000000000000000000000000000000000000000000000000011101001010100111100010100000000000000000000000000000000000000000000000000000000000000000000000000000000000000000000000000000000
00000000000000000000000000000000000000000000000000000000000000000000000011001010100001011011100000000000000000000000000000000000000000000000000000000000000000000000000000000000000000000000000000000000
00000000000000000000000000000000000000000000000000000000000000001011000011000101010010011100101000000000000000000000000000000000000000000000000000000000000000000000000000000000000000000000000000000000
00000000000000000000000000000000000000000000000000000000000000000101011011101010100101101110001000000000000000000000000000000000000000000000000000000000000000000000000000000000000000000000000000000000
00000000000000000000000000000000000000000000000000000000000000001001100111010010111000010111100000000000000000000000000000000000000000000000000000000000000000000000000000000000000000000000000000000000
00000000000000000000000000000000000000000000000000000000000000001010010110100000100101011011101000000000000000000000000000000000000000000000000000000000000000000000000000000000000000000000000000000000
00000000000000000000000000000000000000000000000000000000000000000110100110101101010110100101110000000000000000000000000000000000000000000000000000000000000000000000000000000000000000000000000000000000
00000000000000000000000000000000000000000000000000000000000000000101000110010010101001101010111000000000000000000000000000000000000000000000000000000000000000000000000000000000000000000000000000000000
00000000000000000000000000000000000000000000000000000000000000001000101100001110000110010101111000000000000000000000000000000000000000000000000000000000000000000000000000000000000000000000000000000000
00000000000000000000000000000000000000000000000000000000000000000110011110110001100001100100111100000000000000000000000000000000000000000000000000000000000000000000000000000000000000000000000000000000
00000000000000000000000000000000000000000000000000000000000000000101011000000000000000000110111101011001000000000000000000000000000000000000000000000000000000000000000000000000000000000000000000000000
00000000000000000000000000000000000000000000000000000000000000001000111000000000000000000101101110100010000000000000000000000000000000000000000000000000000000000000000000000000000000000000000000000000
00000000000000000000000000000000000000000000000000000000000000001001110100000000000000001011010111001101000000000000000000000000000000000000000000000000000000000000000000000000000000000000000000000000
00000000000000000000000000000000000000000000000000000000000000000011110000000000000000000001000111101001000000000000000000000000000000000000000000000000000000000000000000000000000000000000000000000000
00000000000000000000000000000000000000000000000000000000000000000101101000000000000000000000111001110110000000000000000000000000000000000000000000000000000000000000000000000000000000000000000000000000
00000000000000000000000000000000000000000000000000000000000000000011110000000000000000001011001011110001000000000000000000000000000000000000000000000000000000000000000000000000000000000000000000000000
00000000000000000000000000000000000000000000000000000000000000001111000100000000000000000110011110111010000000000000000000000000000000000000000000000000000000000000000000000000000000000000000000000000
00000000000000000000000000000000000000000000000000000000000000001110110000000000000000001001010010111101000000000000000000000000000000000000000000000000000000000000000000000000000000000000000000000000
00000000000000000000000000000000000000000000000000000000100100001101000100000000000000000000000000111110000111010000000000000000000000000000000000000000000000000000000000000000000000000000000000000000
00000000000000000000000000000000000000000000000000000000001100011100011000000000000000000000000010011110010000100000000000000000000000000000000000000000000000000000000000000000000000000000000000000000
00000000000000000000000000000000000000000000000000000000000011011101101100000000000000000000000001001110010110000000000000000000000000000000000000000000000000000000000000000000000000000000000000000000
00000000000000000000000000000000000000000000000000000000011010111110010000000000000000000000000010001111100101010000000000000000000000000000000000000000000000000000000000000000000000000000000000000000
00000000000000000000000000000000000000000000000000000000100100111010110100000000000000000000000011110111101010100000000000000000000000000000000000000000000000000000000000000000000000000000000000000000
00000000000000000000000000000000000000000000000000000000000111100100101100000000000000000000000000000011101110110000000000000000000000000000000000000000000000000000000000000000000000000000000000000000
00000000000000000000000000000000000000000000000000000000010011111001010000000000000000000000000011010101110010000000000000000000000000000000000000000000000000000000000000000000000000000000000000000000
00000000000000000000000000000000000000000000000000000000001011010100000100000000000000000000000000000101111100100000000000000000000000000000000000000000000000000000000000000000000000000000000000000000
00000000000000000000000000000000000000000000000001000010010110000000000000000000000000000000000000000000011100010110010100000000000000000000000000000000000000000000000000000000000000000000000000000000
00000000000000000000000000000000000000000000000010000101101111000000000000000000000000000000000000000000001110001001100000000000000000000000000000000000000000000000000000000000000000000000000000000000
00000000000000000000000000000000000000000000000000110100011100100000000000000000000000000000000000000000100111000110010100000000000000000000000000000000000000000000000000000000000000000000000000000000
00000000000000000000000000000000000000000000000011001001011111000000000000000000000000000000000000000000011111010101101000000000000000000000000000000000000000000000000000000000000000000000000000000000
00000000000000000000000000000000000000000000000000011001111100100000000000000000000000000000000000000000110111001010100100000000000000000000000000000000000000000000000000000000000000000000000000000000
00000000000000000000000000000000000000000000000001100010111010010000000000000000000000000000000000000000001011101001011100000000000000000000000000000000000000000000000000000000000000000000000000000000
00000000000000000000000000000000000000000000000010100101101101010000000000000000000000000000000000000000110101110110100100000000000000000000000000000000000000000000000000000000000000000000000000000000
00000000000000000000000000000000000000000000000001010011110010100000000000000000000000000000000000000000001001111001001000000000000000000000000000000000000000000000000000000000000000000000000000000000
00000000000000000000000000000000000000000000000010100111000000000000000000000000000000000000000000000000010010011110110000000000000000000000000000000000000000000000000000000000000000000000000000000000
00000000000000000000000000000000000000000000000000101110000000000000000000000000000000000000000000000000100101101100100100000000000000000000000000000000000000000000000000000000000000000000000000000000
00000000000000000000000000000000000000000000000000011111000000000000000000000000000000000000000000000000111000010111001000000000000000000000000000000000000000000000000000000000000000000000000000000000
00000000000000000000000000000000000000000000000010111100000000000000000000000000000000000000000000000000100101011111000100000000000000000000000000000000000000000000000000000000000000000000000000000000
00000000000000000000000000000000000000000000000001111001000000000000000000000000000000000000000000000000010110100011100000000000000000000000000000000000000000000000000000000000000000000000000000000000
00000000000000000000000000000000000000000000000000111100000000000000000000000000000000000000000000000000101001100111101000000000000000000000000000000000000000000000000000000000000000000000000000000000
00000000000000000000000000000000000000000000000001110010000000000000000000000000000000000000000000000000000110011001110100000000000000000000000000000000000000000000000000000000000000000000000000000000
00000000000000000000000000000000000000000000000001111101000000000000000000000000000000000000000000000000100001101011110000000000000000000000000000000000000000000000000000000000000000000000000000000000
00000000000000000000000000000000000000000101001001110010000000000000000000000000000000000000000000000000000000000000110000101001000000000000000000000000000000000000000000000000000000000000000000000000
00000000000000000000000000000000000000000011110101111001000000000000000000000000000000000000000000000000000000001001111010100110000000000000000000000000000000000000000000000000000000000000000000000000
00000000000000000000000000000000000000001100000111100100000000000000000000000000000000000000000000000000000000001011011101001101000000000000000000000000000000000000000000000000000000000000000000000000
00000000000000000000000000000000000000000011010011101001000000000000000000000000000000000000000000000000000000000000011101110010000000000000000000000000000000000000000000000000000000000000000000000000
00000000000000000000000000000000000000000000100111010010000000000000000000000000000000000000000000000000000000001010001100001000000000000000000000000000000000000000000000000000000000000000000000000000
00000000000000000000000000000000000000001111010110011010000000000000000000000000000000000000000000000000000000000100101110101101000000000000000000000000000000000000000000000000000000000000000000000000
00000000000000000000000000000000000000000010111110100001000000000000000000000000000000000000000000000000000000000011000111011010000000000000000000000000000000000000000000000000000000000000000000000000
00000000000000000000000000000000000000001010001100010110000000000000000000000000000000000000000000000000000000000100011011110110000000000000000000000000000000000000000000000000000000000000000000000000
00000000000000000000000000000000000000001010011100000000000000000000000000000000000000000000000000000000000000000000000001110010000000000000000000000000000000000000000000000000000000000000000000000000
00000000000000000000000000000000000000000000111000000000000000000000000000000000000000000000000000000000000000000000000010110101000000000000000000000000000000000000000000000000000000000000000000000000
00000000000000000000000000000000000000001011111000000000000000000000000000000000000000000000000000000000000000000000000010111010000000000000000000000000000000000000000000000000000000000000000000000000
00000000000000000000000000000000000000000001111000000000000000000000000000000000000000000000000000000000000000000000000001011110000000000000000000000000000000000000000000000000000000000000000000000000
00000000000000000000000000000000000000001001111100000000000000000000000000000000000000000000000000000000000000000000000010111111000000000000000000000000000000000000000000000000000000000000000000000000
00000000000000000000000000000000000000000111110000000000000000000000000000000000000000000000000000000000000000000000000000101100000000000000000000000000000000000000000000000000000000000000000000000000
00000000000000000000000000000000000000000011111100000000000000000000000000000000000000000000000000000000000000000000000010101110000000000000000000000000000000000000000000000000000000000000000000000000
00000000000000000000000000000000000000000011000000000000000000000000000000000000000000000000000000000000000000000000000000101110000000000000000000000000000000000000000000000000000000000000000000000000
00000000000000000000000000000000011001010110000000000000000000000000000000000000000000000000000000000000000000000000000010100011010001000000000000000000000000000000000000000000000000000000000000000000
00000000000000000000000000000000010100101110100100000000000000000000000000000000000000000000000000000000000000000000000000001111100110100000000000000000000000000000000000000000000000000000000000000000
00000000000000000000000000000000101011001100110100000000000000000000000000000000000000000000000000000000000000000000000011110111101011000000000000000000000000000000000000000000000000000000000000000000
00000000000000000000000000000000010110011111001000000000000000000000000000000000000000000000000000000000000000000000000000001001111100100000000000000000000000000000000000000000000000000000000000000000
00000000000000000000000000000000101000111101010100000000000000000000000000000000000000000000000000000000000000000000000000110100111010100000000000000000000000000000000000000000000000000000000000000000
00000000000000000000000000000000000010111010011000000000000000000000000000000000000000000000000000000000000000000000000011010001111111010000000000000000000000000000000000000000000000000000000000000000
00000000000000000000000000000000011001100100100000000000000000000000000000000000000000000000000000000000000000000000000000111100011100100000000000000000000000000000000000000000000000000000000000000000
00000000000000000000000000000000010101111010010000000000000000000000000000000000000000000000000000000000000000000000000001010010101110000000000000000000000000000000000000000000000000000000000000000000
00000000000000000000000010100110100011110000000000000000000000000000000000000000000000000000000000000000000000000000000000000000111110000000000000000000000000000000000000000000000000000000000000000000
00000000000000000000000000011001010111100000000000000000000000000000000000000000000000000000000000000000000000000000000000000000000111100000000000000000000000000000000000000000000000000000000000000000
00000000000000000000000010100110000111010000000000000000000000000000000000000000000000000000000000000000000000000000000000000000101111000000000000000000000000000000000000000000000000000000000000000000
00000000000000000000000001011010101111000000000000000000000000000000000000000000000000000000000000000000000000000000000000000000010111100000000000000000000000000000000000000000000000000000000000000000
00000000000000000000000010010101011110000000000000000000000000000000000000000000000000000000000000000000000000000000000000000000011011100000000000000000000000000000000000000000000000000000000000000000
00000000000000000000000011101001111011100000000000000000000000000000000000000000000000000000000000000000000000000000000000000000100101110000000000000000000000000000000000000000000000000000000000000000
00000000000000000000000010010110110100000000000000000000000000000000000000000000000000000000000000000000000000000000000000000000110010110000000000000000000000000000000000000000000000000000000000000000
00000000000000000000000001001001110000100000000000000000000000000000000000000000000000000000000000000000000000000000000000000000010100110000000000000000000000000000000000000000000000000000000000000000
00000000000000000000000001010011111000100000000000000000000000000000000000000000000000000000000000000000000000000000000000000000000110111011011000000000000000000000001100000000000000000000000000000000
00000000000000000000000000001011011010010000000000000000000000000000000000000000000000000000000000000000000000000000000000000000101001011100000100000000000000000000001100000000000000000000000000000000
00000000000000000000000010010111110010000000000000000000000000000000000000000000000000000000000000000000000000000000000000000000010000101110111000000000000000000000001100000000000000000000000000000000
00000000000000000000000001101110101001010000000000000000000000000000000000000000000000000000000000000000000000000000000000000000000110011111000100000000000000000000001100000000000000000000000000000000
00000000000000000000000001011111000110100000000000000000000000000000000000000000000000000000000000000000000000000000000000000000110010011011010000000000000000000000001100000000000000000000000000000000
00000000000000000000000010111100110001010000000000000000000000000000000000000000000000000000000000000000000000000000000000000000001101000011100100000000000000000000011100000000000000000000000000000000
00000000000000000000000000011110001010100000000000000000000000000000000000000000000000000000000000000000000000000000000000000000100001010101110000000000000000000000011100000000000000000000000000000000
00000000000000000000000011111101010000010000000000000000000000000000000000000000000000000000000000000000000000000000000000000000011000101011110100000000000000000000011100000000000000000000000000000000
00000000000000001010110100111101000000000000000000000000000000000000000000000000000000000000000000000000000000000000000000000000000000000010111010010100000000000000001100000000000000000000000000000000
00000000000000000001011011110110000000000000000000000000000000000000000000000000000000000000000000000000000000000000000000000000000000001000111000101010000000000000001100000000000000000000000000000000
00000000000000000110101101100001000000000000000000000000000000000000000000000000000000000000000000000000000000000000000000000000000000000100111000110100000000000000001100000000000000000000000000000000
00000000000000000000110111110010000000000000000000000000000000000000000000000000000000000000000000000000000000000000000000000000000000001010111100101001000000000000001100000000000000000000000000000000
00000000000000000110100011110100000000000000000000000000000000000000000000000000000000000000000000000000000000000000000000000000000000001001011100101110000000000000001100000000000000000000000000000000
00000000000000001011001111000101000000000000000000000000000000000000000000000000000000000000000000000000000000000000000000000000000000001100001100010010000000000000001100000000000000000000000000000000
00000000000000001000110111000001000000000000000000000000000000000000000000000000000000000000000000000000000000000000000000000000000000000110101111000101000000000000001100000000000000000000000000000000
00000000000000000000101110100110000000000000000000000000000000000000000000000000000000000000000000000000000000000000000000000000000000000101110110111000000000000000001100000000000000000000000000000000
00000000000000001110011110010010000000000000000000000000000000000000000000000000000000000000000000000000000000000000000000000000000000000100100111010100000000000000001100000000000000000000000000000000
00000000000000000011111001101001000000000000000000000000000000000000000000000000000000000000000000000000000000000000000000000000000000001001011011010111000000000000001100000000000000000000000000000000
00000000000000001010111010000111000000000000000000000000000000000000000000000000000000000000000000000000000000000000000000000000000000001110000111111000000000000000001100000000000000000000000000000000
00000000000000000101110110101001000000000000000000000000000000000000000000000000000000000000000000000000000000000000000000000000000000001001010101100101000000000000001100000000000000000000000000000000
00000000000000001000110101011010000000000000000000000000000000000000000000000000000000000000000000000000000000000000000000000000000000000101101001110010000000000000001100000000000000000000000000000000
00000000000000000101110001100101000000000000000000000000000000000000000000000000000000000000000000000000000000000000000000000000000000001010011011110101000000000000001100000000000000000000000000000000
00000000000000001011110110011000000000000000000000000000000000000000000000000000000000000000000000000000000000000000000000000000000000000001100100110010000000000000001100000000000000000000000000000000
00000000000000000101100101100001000000000000000000000000000000000000000000000000000000000000000000000000000000000000000000000000000000001000011001111001000000000000001100000000000000000000000000000000
00000000001010010111110000001010100000110000000000000000000000000000000000000000000000000000000000000000000000000000000000000000000000000000000001111100000000000000011100000000000000000000000000000000
00000000010101001011010011000101001011000000000000000000000000000000000000000000000000000000000000000000000000000000000000000000000000000000000000011010000000000000000100000000000000000000000000000000
00000000001011000111101100111010010010100000000000000000000000000000000000000000000000000000000000000000000000000000000000000000000000000000000011011000000000000000000000000000000000000000000000000000
00000000100101001110101011100101010100010000000000000000000000000000000000000000000000000000000000000000000000000001111100000000000000000000000010011101000000000000001100000000000000000000000000000000
00000000011101001111010101011010010001010000000000000000000000000000000000000000000000000000000000000000000000001111111100000000000000000000000001001100000000001111111100000000000000000000000000000000
00000000010010001111011000110001101010111111111111111111111111111111111111111111111111111111111111111111111111111111111111111111111111111111111111111101000000001111111100000000000000000000000000000000
00000000101000111100010010010110110101111111111111111111111111111111111111111111111111111111111111111111111111111111111111111111111111111111111111111110000000001111111100000000000000000000000000000000
00000000000111011001101100111111111111110000000000000000000000000000000000000000000000000000000000000000000000000000111100000000000000000000000001001001000000001111111100000000000000000000000000000000
00000000000111011111111111111111111111000000000000000000000000000000000000000000000000000000000000000000000000000000000000000000000000000000000000000000000000000000000000000000000000000000000000000000
00000000101000111111111111100100011010010000000000000000000000000000000000000000000000000000000000000000000000000000000000000000000000000000000000000000000000000000000000000000000000000000000000000000
00000000010010001110100010001000100011000000000000000000000000000000000000000000000000000000000000000000000000000000000000000000000000000000000000000000000000000000000000000000000000000000000000000000
00000000011101001001001111100100010110100000000000000000000000000000000000000000000000000000000000000000000000000000000000000000000000000000000000000000000000000000000000000000000000000000000000000000
00000000100101000101100000100111101001110000000000000000000000000000000000000000000000000000000000000000000000000000000000000000000000000000000000000000000000000000000000000000000000000000000000000000
00000000001011000100011001011000010111000000000000000000000000000000000000000000000000000000000000000000000000000000000000000000000000000000000000000000000000000000000000000000000000000000000000000000
00000000010101001011000101000110101000110000000000000000000000000000000000000000000000000000000000000000000000000000000000000000000000000000000000000000000000000000000000000000000000000000000000000000
00000000001010010100001010110001010100000000000000000000000000000000000000000000000000000000000000000000000000000000000000000000000000000000000000000000000000000000000000000000000000000000000000000000
00000000000000000000000000000000000000000000000000000000000000000000000000000000000000000000000000000000000000000000000000000000000000000000000000000000000000000000000000000000000000000000000000000000
00000000000000000000000000000000000000000000000000000000000000000000000000000000000000000000000000000000000000000000000000000000000000000000000000000000000000000000000000000000000000000000000000000000
00000000000000000000000000000000000000000000000000000000000000000000000000000000000000000000000000000000000000000000000000000000000000000000000000000000000000000000000000000000000000000000000000000000
00000000000000000000000000000000000000000000000000000000000000000000000000000000000000000000000000000000000000000000000000000000000000000000000000000000000000000000000000000000000000000000000000000000
00000000000000000000000000000000000000000000000000000000000000000000000000000000000000000000000000000000000000000000000000000000000000000000000000000000000000000000000000000000000000000000000000000000
00000000000000000000000000000000000000000000000000000000000000000000000000000000000000000000000000000000000000000000000000000000000000000000000000000000000000000000000000000000000000000000000000000000
00000000000000000000000000000000000000000000000000000000000000000000000000000000000000000000000000000000000000000000000000000000000000000000000000000000000000000000000000000000000000000000000000000000
00000000000000000000000000000000000000000000000000000000000000000000000000000000000000000000000000000000000000000000000000000000000000000000000000000000000000000000000000000000000000000000000000000000
00000000000000000000000000000000000000000000000000000000000000000000000000000000000000000000000000000000000000000000000000000000000000000000000000000000000000000000000000000000000000000000000000000000
00000000000000000000000000000000000000000000000000000000000000000000000000000000000000000000000000000000000000000000000000000000000000000000000000000000000000000000000000000000000000000000000000000000
00000000000000000000000000000000000000000000000000000000000000000000000000000000000000000000000000000000000000000000000000000000000000000000000000000000000000000000000000000000000000000000000000000000
00000000000000000000000000000000000000000000000000000000000000000000000000000000000000000000000000000000000000000000000000000000000000000000000000000000000000000000000000000000000000000000000000000000
00000000000000000000000000000000000000000000000000000000000000000000000000000000000000000000000000000000000000000000000000000000000000000000000000000000000000000000000000000000000000000000000000000000
00000000000000000000000000000000000000000000000000000000000000000000000000000000000000000000000000000000000000000000000000000000000000000000000000000000000000000000000000000000000000000000000000000000
00000000000000000000000000000000000000000000000000000000000000000000000000000000000000000000000000000000000000000000000000000000000000000000000000000000000000000000000000000000000000000000000000000000
00000000000000000000000000000000000000000000000000000000000000000000000000000000000000000000000000000000000000000000000000000000000000000000000000000000000000000000000000000000000000000000000000000000
00000000000000000000000000000000000000000000000000000000000000000000000000000000000000000000000000000000000000000000000000000000000000000000000000000000000000000000000000000000000000000000000000000000
00000000000000000000000000000000000000000000000000000000000000000000000000000000000000000000000000000000000000000000000000000000000000000000000000000000000000000000000000000000000000000000000000000000
00000000000000000000000000000000000000000000000000000000000000000000000000000000000000000000000000000000000000000000000000000000000000000000000000000000000000000000000000000000000000000000000000000000
00000000000000000000000000000000000000000000000000000000000000000000000000000000000000000000000000000000000000000000000000000000000000000000000000000000000000000000000000000000000000000000000000000000
00000000000000000000000000000000000000000000000000000000000000000000000000000000000000000000000000000000000000000000000000000000000000000000000000000000000000000000000000000000000000000000000000000000
00000000000000000000000000000000000000000000000000000000000000000000000000000000000000000000000000000000000000000000000000000000000000000000000000000000000000000000000000000000000000000000000000000000
00000000000000000000000000000000000000000000000000000000000000000000000000000000000000000000000000000000000000000000000000000000000000000000000000000000000000000000000000000000000000000000000000000000
00000000000000000000000000000000000000000000000000000000000000000000000000000000000000000000000000000000000000000000000000000000000000000000000000000000000000000000000000000000000000000000000000000000
00000000000000000000000000000000000000000000000000000000000000000000000000000000000000000000000000000000000000000000000000000000000000000000000000000000000000000000000000000000000000000000000000000000
00000000000000000000000000000000000000000000000000000000000000000000000000000000000000000000000000000000000000000000000000000000000000000000000000000000000000000000000000000000000000000000000000000000
00000000000000000000000000000000000000000000000000000000000000000000000000000000000000000000000000000000000000000000000000000000000000000000000000000000000000000000000000000000000000000000000000000000
00000000000000000000000000000000000000000000000000000000000000000000000000000000000000000000000000000000000000000000000000000000000000000000000000000000000000000000000000000000000000000000000000000000
00000000000000000000000000000000000000000000000000000000000000000000000000000000000000000000000000000000000000000000000000000000000000000000000000000000000000000000000000000000000000000000000000000000
00000000000000000000000000000000000000000000000000000000000000000000000000000000000000000000000000000000000000000000000000000000000000000000000000000000000000000000000000000000000000000000000000000000
00000000000000000000000000000000000000000000000000000000000000000000000000000000000000000000000000000000000000000000000000000000000000000000000000000000000000000000000000000000000000000000000000000000
00000000000000000000000000000000000000000000000000000000000000000000000000000000000000000000000000000000000000000000000000000000000000000000000000000000000000000000000000000000000000000000000000000000
00000000000000000000000000000000000000000000000000000000000000000000000000000000000000000000000000000000000000000000000000000000000000000000000000000000000000000000000000000000000000000000000000000000
00000000000000000000000000000000000000000000000000000000000000000000000000000000000000000000000000000000000000000000000000000000000000000000000000000000000000000000000000000000000000000000000000000000
00000000000000000000000000000000000000000000000000000000000000000000000000000000000000000000000000000000000000000000000000000000000000000000000000000000000000000000000000000000000000000000000000000000
00000000000000000000000000000000000000000000000000000000000000000000000000000000000000000000000000000000000000000000000000000000000000000000000000000000000000000000000000000000000000000000000000000000
00000000000000000000000000000000000000000000000000000000000000000000000000000000000000000000000000000000000000000000000000000000000000000000000000000000000000000000000000000000000000000000000000000000
00000000000000000000000000000000000000000000000000000000000000000000000000000000000000000000000000000000000000000000000000000000000000000000000000000000000000000000000000000000000000000000000000000000
00000000000000000000000000000000000000000000000000000000000000000000000000000000000000000000000000000000000000000000000000000000000000000000000000000000000000000000000000000000000000000000000000000000
00000000000000000000000000000000000000000000000000000000000000000000000000000000000000000000000000000000000000000000000000000000000000000000000000000000000000000000000000000000000000000000000000000000
00000000000000000000000000000000000000000000000000000000000000000000000000000000000000000000000000000000000000000000000000000000000000000000000000000000000000000000000000000000000000000000000000000000
00000000000000000000000000000000000000000000000000000000000000000000000000000000000000000000000000000000000000000000000000000000000000000000000000000000000000000000000000000000000000000000000000000000
00000000000000000000000000000000000000000000000000000000000000000000000000000000000000000000000000000000000000000000000000000000000000000000000000000000000000000000000000000000000000000000000000000000
00000000000000000000000000000000000000000000000000000000000000000000000000000000000000000000000000000000000000000000000000000000000000000000000000000000000000000000000000000000000000000000000000000000
00000000000000000000000000000000000000000000000000000000000000000000000000000000000000000000000000000000000000000000000000000000000000000000000000000000000000000000000000000000000000000000000000000000
00000000000000000000000000000000000000000000000000000000000000000000000000000000000000000000000000000000000000000000000000000000000000000000000000000000000000000000000000000000000000000000000000000000
00000000000000000000000000000000000000000000000000000000000000000000000000000000000000000000000000000000000000000000000000000000000000000000000000000000000000000000000000000000000000000000000000000000
00000000000000000000000000000000000000000000000000000000000000000000000000000000000000000000000000000000000000000000000000000000000000000000000000000000000000000000000000000000000000000000000000000000
