200 200
00000000000000000000000000000000000000000000000000000000000000000000000000000000000000000000000000000000000000000000000000000000000000000000000000000000000000000000000000000000000000000000000000000000
00000000000000000000000000000000000000000000000000000000000000000000000000000000000000000000000000000000000000000000000000000000000000000000000000000000000000000000000000000000000000000000000000000000
00000000000000000000000000000000000000000000000000000000000000000000000000000000000000000000000000000000000000000000000000000000000000000000000000000000000000000000000000000000000000000000000000000000
00000000000000000000000000000000000000000000000000000000000000000000000000000000000000000000000000000000000000000000000000000000000000000000000000000000000000000000000000000000000000000000000000000000
00000000000000000000000000000000000000000000000000000000000000000000000000000000000000000000000000000000000000000000000000000000000000000000000000000000000000000000000000000000000000000000000000000000
00000000000000000000000000000000000000000000000000000000000000000000000000000000000000000000000000000000000000000000000000000000000000000000000000000000000000000000000000000000000000000000000000000000
00000000000000000000000000000000000000000000000000000000000000000000000000000000000000000000000000000000000000000000000000000000000000000000000000000000000000000000000000000000000000000000000000000000
00000000000000000000000000000000000000000000000000000000000000000000000000000000000000000000000000000000000000000000000000000000000000000000000000000000000000000000000000000000000000000000000000000000
00000000000000000000000000000000000000000000000000000000000000000000000000000000000000000000000000000000000000000000000000000110000000000000000000000000000000000000000000000000000000000000000000000000
00000000000000000000000000000000000000000000000000000000000000000000000000000000000000000000000000000000000000000000000000110001000000000000000000000000000000000000000000000000000000000000000000000000
00000000000000000000000000000000000000000000000000000000000000000000000000000000000000000000000000000000000000000000000001010100000000000000000000000000000000000000000000000000000000000000000000000000
00000000000000000000000000000000000000000000000000000000000000000000000000000000000000000000000000000000000000000000000010011011000000000000000000000000000000000000000000000000000000000000000000000000
00000000000000000000000000000000000000000000000000000000000000000000000000000000000000000000000000000000000000000000000001000100000000000000000000000000000000000000000000000000000000000000000000000000
00000000000000000000000000000000000000000000000000000000000000000000000000000000000000000000000000000000000000000000000001010001000000000000000000000000000000000000000000000000000000000000000000000000
00000000000000000000000000000000000000000000000000000000000000000000000000000000000000000000000000000000000000000000000000100010000000000000000000000000000000000000000000000000000000000000000000000000
00000000000000000000000000000000000000000000000000000000000000000000000000000000000000000000000000000000000000000000000010101111000000000000000000000000000000000000000000000000000000000000000000000000
00000000000000000000000000000000000000000000000000000000000000000000000000000000000000000000000000000000000000000000000001101111010001000000000000000000000000000000000000000000000000000000000000000000
00000000000000000000000000000000000000000000000000000000000000000000000000000000000000000000000000000000000000000000000010100111010110100000000000000000000000000000000000000000000000000000000000000000
00000000000000000000000000000000000000000000000000000000000000000000000000000000000000000000000000000000000000000000000001101011101001000000000000000000000000000000000000000000000000000000000000000000
00000000000000000000000000000000000000000000000000000000000000000000000000000000000000000000000000000000000000000000000010010011100100110000000000000000000000000000000000000000000000000000000000000000
00000000000000000000000000000000000000000000000000000000000000000000000000000000000000000000000000000000000000000000000000100111110101000000000000000000000000000000000000000000000000000000000000000000
00000000000000000000000000000000000000000000000000000000000000000000000000000000000000000000000000000000000000000000000010011110111000010000000000000000000000000000000000000000000000000000000000000000
00000000000000000000000000000000000000000000000000000000000000000000000000000000000000000000000000000000000000000000000000100111011101000000000000000000000000000000000000000000000000000000000000000000
00000000000000000000000000000000000000000000000000000000000000000000000000000000000000000000000000000000000000000000000001101111011110010000000000000000000000000000000000000000000000000000000000000000
00000000000000000000000000000000000000000000000000000000000000000000000000000000000000000000000000000000000000001010011010111100101101000000000000000000000000000000000000000000000000000000000000000000
00000000000000000000000000000000000000000000000000000000000000000000000000000000000000000000000000000000000000000001100100111010001110010000000000000000000000000000000000000000000000000000000000000000
00000000000000000000000000000000000000000000000000000000000000000000000000000000000000000000000000000000000000001010011001111010010111000000000000000000000000000000000000000000000000000000000000000000
00000000000000000000000000000000000000000000000000000000000000000000000000000000000000000000000000000000000000000101101000110001001111010000000000000000000000000000000000000000000000000000000000000000
00000000000000000000000000000000000000000000000000000000000000000000000000000000000000000000000000000000000000001001010110111101010011000000000000000000000000000000000000000000000000000000000000000000
00000000000000000000000000000000000000000000000000000000000000000000000000000000000000000000000000000000000000001110100101111010010111110000000000000000000000000000000000000000000000000000000000000000
00000000000000000000000000000000000000000000000000000000000000000000000000000000000000000000000000000000000000001001011011110101100101100000000000000000000000000000000000000000000000000000000000000000
00000000000000000000000000000000000000000000000000000000000000000000000000000000000000000000000000000000000000000100100111001000100001110000000000000000000000000000000000000000000000000000000000000000
00000000000000000000000000000000000000000000000000000000000000000000000000000000000000000000000000000000010000100010111110010010101001110101101000000000000000000000000000000000000000000000000000000000
00000000000000000000000000000000000000000000000000000000000000000000000000000000000000000000000000000000100001010101111101101001000110110110010000000000000000000000000000000000000000000000000000000000
00000000000000000000000000000000000000000000000000000000000000000000000000000000000000000000000000000000001101001011110110000111111000110001100100000000000000000000000000000000000000000000000000000000
00000000000000000000000000000000000000000000000000000000000000000000000000000000000000000000000000000000110010010111100010101001000110011100110000000000000000000000000000000000000000000000000000000000
00000000000000000000000000000000000000000000000000000000000000000000000000000000000000000000000000000000000110010110011001011010001001111111001100000000000000000000000000000000000000000000000000000000
00000000000000000000000000000000000000000000000000000000000000000000000000000000000000000000000000000000011000101111000001100101101100111111110000000000000000000000000000000000000000000000000000000000
00000000000000000000000000000000000000000000000000000000000000000000000000000000000000000000000000000000101001011101000110011000000011011100101100000000000000000000000000000000000000000000000000000000
00000000000000000000000000000000000000000000000000000000000000000000000000000000000000000000000000000000010100111001101001100001010100101111001000000000000000000000000000000000000000000000000000000000
00000000000000000000000000000000000000000000000000000000000000000000000000000000000000000000000000001101100101110000000000000000000000000110110100000000000000000000000000000000000000000000000000000000
00000000000000000000000000000000000000000000000000000000000000000000000000000000000000000000000011000100010011110000000000000000000000000111001000000000000000000000000000000000000000000000000000000000
00000000000000000000000000000000000000000000000000000000000000000000000000000000000000000000000000011011100111010000000000000000000000001011000100000000000000000000000000000000000000000000000000000000
00000000000000000000000000000000000000000000000000000000000000000000000000000000000000000000000001110110011110100000000000000000000000000111101000000000000000000000000000000000000000000000000000000000
00000000000000000000000000000000000000000000000000000000000000000000000000000000000000000000000010100101111010100000000000000000000000000011100000000000000000000000000000000000000000000000000000000000
00000000000000000000000000000000000000000000000000000000000000000000000000000000000000000000000000011011111101010000000000000000000000000101111000000000000000000000000000000000000000000000000000000000
00000000000000000000000000000000000000000000000000000000000000000000000000000000000000000000000001000111101001000000000000000000000000001001100000000000000000000000000000000000000000000000000000000000
00000000000000000000000000000000000000000000000000000000000000000000000000000000000000000000000010111111010110010000000000000000000000000101100100000000000000000000000000000000000000000000000000000000
00000000000000000000000000000000000000000000000000000000000000000000000000000000000000000101001001011100000000000000000000000000000000000001111000000000000000000000000000000000000000000000000000000000
00000000000000000000000000000000000000000000000000000000000000000000000000000000000000000011110111111100000000000000000000000000000000001101110000000000000000000000000000000000000000000000000000000000
00000000000000000000000000000000000000000000000000000000000000000000000000000000000000001100000101111010000000000000000000000000000000000110111000000000000000000000000000000000000000000000000000000000
00000000000000000000000000000000000000000000000000000000000000000000000000000000000000000011010011101010000000000000000000000000000000001000110000000000000000000000000000000000000000000000000000000000
00000000000000000000000000000000000000000000000000000000000000000000000000000000000000000000100111100111000000000000000000000000000000000110111100000000000000000000000000000000000000000000000000000000
00000000000000000000000000000000000000000000000000000000000000000000000000000000000000001111010110011000000000000000000000000000000000001001011000000000000000000000000000000000000000000000000000000000
00000000000000000000000000000000000000000000000000000000000000000000000000000000000000000010111110110110000000000000000000000000000000000110111100000000000000000000000000000000000000000000000000000000
00000000000000000000000000000000000000000000000000000000000000000000000000000000000000001010001100001000000000000000000000000000000000000001011100000000000000000000000000000000000000000000000000000000
00000000000000000000000000000000000000000000000000000000000000000000000000000000101001100100111000000000000000000000000000000000000000000000101110100010000000000000000000000000000000000000000000000000
00000000000000000000000000000000000000000000000000000000000000000000000000000000000110011001111100000000000000000000000000000000000000001000110110000101000000000000000000000000000000000000000000000000
00000000000000000000000000000000000000000000000000000000000000000000000000000000101001100111111000000000000000000000000000000000000000001011001111110100000000000000000000000000000000000000000000000000
00000000000000000000000000000000000000000000000000000000000000000000000000000000010110100011111000000000000000000000000000000000000000000110100011001001000000000000000000000000000000000000000000000000
00000000000000000000000000000000000000000000000000000000000000000000000000000000100101011011010100000000000000000000000000000000000000000000110111011000000000000000000000000000000000000000000000000000
00000000000000000000000000000000000000000000000000000000000000000000000000000000111010010111100000000000000000000000000000000000000000000110101111100010000000000000000000000000000000000000000000000000
00000000000000000000000000000000000000000000000000000000000000000000000000000000100101101111000100000000000000000000000000000000000000000001011001101100000000000000000000000000000000000000000000000000
00000000000000000000000000000000000000000000000000000000000000000000000000000000010010011100010000000000000000000000000000000000000000001010110101111010000000000000000000000000000000000000000000000000
00000000000000000000000000000000000000000000000000000000000000000000000000000000010100111001001000000000000000000000000000000000000000000000000010111011000000000000000000000000000000000000000000000000
00000000000000000000000000000000000000000000000000000000000000000000000000000000001010110110100100000000000000000000000000000000000000000000000010111110000000000000000000000000000000000000000000000000
00000000000000000000000000000000000000000000000000000000000000000000000000000000101001111000011100000000000000000000000000000000000000000000000000011001000000000000000000000000000000000000000000000000
00000000000000000000000000000000000000000000000000000000000000000000000000000000000011101010100100000000000000000000000000000000000000000000000001011110000000000000000000000000000000000000000000000000
00000000000000000000000000000000000000000000000000000000000000000000000000000000100111010101101000000000000000000000000000000000000000000000000001011100000000000000000000000000000000000000000000000000
00000000000000000000000000000000000000000000000000000000000000000000000000000000001110100110010100000000000000000000000000000000000000000000000010001101000000000000000000000000000000000000000000000000
00000000000000000000000000000000000000000000000000000000000000000000000000000000111100111001100000000000000000000000000000000000000000000000000001011111000000000000000000000000000000000000000000000000
00000000000000000000000000000000000000000000000000000000000000000000000000000000011011000110000100000000000000000000000000000000000000000000000001001110000000000000000000000000000000000000000000000000
00000000000000000000000000000000000000000000000000000000000000000000000000101010110110000000000000000000000000000000000000000000000000000000000010100111010110100000000000000000000000000000000000000000
00000000000000000000000000000000000000000000000000000000000000000000000000010101111001000000000000000000000000000000000000000000000000000000000001001111011001000000000000000000000000000000000000000000
00000000000000000000000000000000000000000000000000000000000000000000000010001011101010010000000000000000000000000000000000000000000000000000000011001011000110010000000000000000000000000000000000000000
00000000000000000000000000000000000000000000000000000000000000000000000001011111100001100000000000000000000000000000000000000000000000000000000000010011110011000000000000000000000000000000000000000000
00000000000000000000000000000000000000000000000000000000000000000000000001101111001011010000000000000000000000000000000000000000000000000000000011100101111100110000000000000000000000000000000000000000
00000000000000000000000000000000000000000000000000000000000000000000000010011110000110000000000000000000000000000000000000000000000000000000000001010111111111000000000000000000000000000000000000000000
00000000000000000000000000000000000000000000000000000000000000000000000001111011011100100000000000000000000000000000000000000000000000000000000000110010110010110000000000000000000000000000000000000000
00000000000000000000000000000000000000000000000000000000000000000000000000111100101011010000000000000000000000000000000000000000000000000000000010010010111100100000000000000000000000000000000000000000
00000000000000000000000000000000000000000000000000000000000000001010001001111001000000000000000000000000000000000000000000000000000000000000000000000000011110100000000000000000000000000000000000000000
00000000000000000000000000000000000000000000000000000000000000000011100111110110000000000000000000000000000000000000000000000000000000000000000000000000101101100000000000000000000000000000000000000000
00000000000000000000000000000000000000000000000000000000000000001010000111011100000000000000000000000000000000000000000000000000000000000000000000000000001101010000000000000000000000000000000000000000
00000000000000000000000000000000000000000000000000000000000000000100101110101000000000000000000000000000000000000000000000000000000000000000000000000000110111000000000000000000000000000000000000000000
00000000000000000000000000000000000000000000000000000000000000000001111100000111000000000000000000000000000000000000000000000000000000000000000000000000011110100000000000000000000000000000000000000000
00000000000000000000000000000000000000000000000000000000000000000110111001110001000000000000000000000000000000000000000000000000000000000000000000000000110110010000000000000000000000000000000000000000
00000000000000000000000000000000000000000000000000000000000000000101110111001110000000000000000000000000000000000000000000000000000000000000000000000000000111000000000000000000000000000000000000000000
00000000000000000000000000000000000000000000000000000000000000001011101000100101000000000000000000000000000000000000000000000000000000000000000000000000010111100000000000000000000000000000000000000000
00000000000000000000000000000000000000000000000000000000000011011111101000000000000000000000000000000000000000000000000000000000000000000000000000000000100011000110010100000000000000000000000000000000
00000000000000000000000000000000000000000000000000000000110001101111010100000000000000000000000000000000000000000000000000000000000000000000000000000000010111011001100000000000000000000000000000000000
00000000000000000000000000000000000000000000000000000000001100001111001000000000000000000000000000000000000000000000000000000000000000000000000000000000001011100110010100000000000000000000000000000000
00000000000000000000000000000000000000000000000000000000110001111000110100000000000000000000000000000000000000000000000000000000000000000000000000000000010011110101101000000000000000000000000000000000
00000000000000000000000000000000000000000000000000000000100100111100010000000000000000000000000000000000000000000000000000000000000000000000000000000000010101111010100100000000000000000000000000000000
00000000000000000000000000000000000000000000000000000000010011111010001100000000000000000000000000000000000000000000000000000000000000000000000000000000000011111001011100000000000000000000000000000000
00000000000000000000000000000000000000000000000000000000101101110000110100000000000000000000000000000000000000000000000000000000000000000000000000000000101100110110100100000000000000000000000000000000
00000000000000000000000000000000000000000000000000000000010011001110101000000000000000000000000000000000000000000000000000000000000000000000000000000000101011011001001000000000000000000000000000000000
00000000000000000000000000000000000000000000000000101001010111010000000000000000000000000000000000000000000000000000000000000000000000000000000000000000010010011010100100000000000000000000000000000000
00000000000000000000000000000000000000000000000001010100111110100000000000000000000000000000000000000000000000000000000000000000000000000000000000000000100101101110011000000000000000000000000000000000
00000000000000000000000000000000000000000000000000101100001101000000000000000000000000000000000000000000000000000000000000000000000000000000000000000000111000011111100000000000000000000000000000000000
00000000000000000000000000000000000000000000000010010100011000010000000000000000000000000000000000000000000000000000000000000000000000000000000000000000100101010111111000000000000000000000000000000000
00000000000000000000000000000000000000000000000001110100111011000000000000000000000000000000000000000000000000000000000000000000000000000000000000000000010110100110100000000000000000000000000000000000
00000000000000000000000000000000000000000000000001001000110110010000000000000000000000000000000000000000000000000000000000000000000000000000000000000000101001101011010000000000000000000000000000000000
00000000000000000000000000000000000000000000000010100011111101100000000000000000000000000000000000000000000000000000000000000000000000000000000000000000000110011111001000000000000000000000000000000000
00000000000000000000000000000000000000000000000000011101110011010000000000000000000000000000000000000000000000000000000000000000000000000000000000000000100001100011001000000000000000000000000000000000
00000000000000000000000000000000000000000000000000101011100100100000000000000000000000000000000000000000000000000000000000000000000000000000000000000000000000001011101000000000000000000000000000000000
00000000000000000000000000000000000000000000000001010111011010010000000000000000000000000000000000000000000000000000000000000000000000000000000000000000000000000001110100000000000000000000000000000000
00000000000000000000000000000000000000000000000010101111100001110000000000000000000000000000000000000000000000000000000000000000000000000000000000000000000000001011110000000000000000000000000000000000
00000000000000000000000000000000000000000000000001011100101010010000000000000000000000000000000000000000000000000000000000000000000000000000000000000000000000000001111000000000000000000000000000000000
00000000000000000000000000000000000000000000000001011110010110100000000000000000000000000000000000000000000000000000000000000000000000000000000000000000000000001001111000000000000000000000000000000000
00000000000000000000000000000000000000000000000010111000011001010000000000000000000000000000000000000000000000000000000000000000000000000000000000000000000000000011011000000000000000000000000000000000
00000000000000000000000000000000000000000000000001110110100110000000000000000000000000000000000000000000000000000000000000000000000000000000000000000000000000001000111100000000000000000000000000000000
00000000000000000000000000000000000000000000000001101001011000010000000000000000000000000000000000000000000000000000000000000000000000000000000000000000000000000100111100000000000000000000000000000000
00000000000000000000000000000000000000000100101011110010000000000000000000000000000000000000000000000000000000000000000000000000000000000000000000000000000000000000101110110000000000000000000000000000
00000000000000000000000000000000000000001010110111001000000000000000000000000000000000000000000000000000000000000000000000000000000000000000000000000000000000001110010111001111000000000000000000000000
00000000000000000000000000000000000000000110000110011011000000000000000000000000000000000000000000000000000000000000000000000000000000000000000000000000000000001011001111011000000000000000000000000000
00000000000000000000000000000000000000001011001110001010000000000000000000000000000000000000000000000000000000000000000000000000000000000000000000000000000000001100100011101010000000000000000000000000
00000000000000000000000000000000000000000001001110010101000000000000000000000000000000000000000000000000000000000000000000000000000000000000000000000000000000000100110111001111000000000000000000000000
00000000000000000000000000000000000000000110111001011000000000000000000000000000000000000000000000000000000000000000000000000000000000000000000000000000000000000110001111110100000000000000000000000000
00000000000000000000000000000000000000001000111101000010000000000000000000000000000000000000000000000000000000000000000000000000000000000000000000000000000000000001000011001010000000000000000000000000
00000000000000000000000000000000000000001011110000011101000000000000000000000000000000000000000000000000000000000000000000000000000000000000000000000000000000001010011111100000000000000000000000000000
00000000000000000000000000000000010110101011110100000000000000000000000000000000000000000000000000000000000000000000000000000000000000000000000000000000000000000000001101100110000000000000000000000000
00000000000000000000000000000000001001101111000000000000000000000000000000000000000000000000000000000000000000000000000000000000000000000000000000000000000000000000001101101001000000000000000000000000
00000000000000000000000000000000100110001111101000000000000000000000000000000000000000000000000000000000000000000000000000000000000000000000000000000000000000000000001111100100000000000000000000000000
00000000000000000000000000000000001100111110010000000000000000000000000000000000000000000000000000000000000000000000000000000000000000000000000000000000000000000000001101110011000000000000000000000000
00000000000000000000000000000000110011111000011000000000000000000000000000000000000000000000000000000000000000000000000000000000000000000000000000000000000000000000001101111010000000000000000000000000
00000000000000000000000000000000001111111100100100000000000000000000000000000000000000000000000000000000000000000000000000000000000000000000000000000000000000000000001110110100000000000000000000000000
00000000000000000000000000000000110100110010010000000000000000000000000000000000000000000000000000000000000000000000000000000000000000000000000000000000000000000000001100111011000000000000000000000000
00000000000000000000000000000000010011111010101100000000000000000000000000000000000000000000000000000000000000000000000000000000000000000000000000000000000000000000001110110010000000000000000000000000
00000000000000001110000000000000010011110000000000000000000000000000000000000000000000000000000000000000000000000000000000000000000000000000000000000000000000000000001101111010000000000000000000000000
00000000000000001110000000000000101011000000000000000000000000000000000000000000000000000000000000000000000000000000000000000000000000000000000000000000000000000000001100011101000000000000000000000000
00000000000000001110000000000000010011010000000000000000000000000000000000000000000000000000000000000000000000000000000000000000000000000000000000000000000000000000001110111010000000000000000000000000
00000000000000001110000000000000001111010000000000000000000000000000000000000000000000000000000000000000000000000000000000000000000000000000000000000000000000000000001100111110000000000000000000000000
00000000000000001110000000000000001110100000000000000000000000000000000000000000000000000000000000000000000000000000000000000000000000000000000000000000000000000000001101001101000000000000000000000000
00000000000000001110000000000000101101010000000000000000000000000000000000000000000000000000000000000000000000000000000000000000000000000000000000000000000000000000001110101101000000000000000000000000
00000000000000001110000000000000111101000000000000000000000000000000000000000000000000000000000000000000000000000000000000000000000000000000000000000000000000000000001111001110000000000000000000000000
00000000000000001110000000000000111010000000000000000000000000000000000000000000000000000000000000000000000000000000000000000000000000000000000000000000000000000000001100110110000000000000000000000000
00000000000000001110000001101000110001010000000000000000000000000000000000000000000000000000000000000000000000000000000000000000000000000000000000000000000000000000011100010110100101000000000000000000
00000000000000001110000010000101111100000000000000000000000000000000000000000000000000000000000000000000000000000000000000000000000000000000000000000000000000000000000110100110001010100000000000000000
00000000000000001110000001011001110011010000000000000000000000000000000000000000000000000000000000000000000000000000000000000000000000000000000000000000000000000000000000110111001101000000000000000000
00000000000000001111000001001011101110000000000000000000000000000000000000000000000000000000000000000000000000000000000000000000000000000000000000000000000000000000001111010011001010010000000000000000
00000000000000001111100010010111011001010000000000000000000000000000000000000000000000000000000000000000000000001111111100000000000000000000000000000000000000001111111101000111001011100000000000000000
00000000000000001111111100100111001010100000000000000000000000000000000000000000000000000000000000000000000000001111111100000000000000000000000000000000000000001111111110110011000100100000000000000000
00000000000000001111111110011110110001010000000000000000000000000000000000000000000000000000000000000000000000000001111100000000000000000000000000000000000000001111111100010111110001010000000000000000
00000000000000001111111101001110010010100000000000000000000000000000000000000000000000000000000000000000000000000000111100000000000000000000000000000000000000001111111110100101101110000000000000000000
00000000000000000000000001001100000000000000000000000000000000000000000000000000000000000000000000000000000000000000000000000000000000000000000000000000000000000000000001001001110000010000000000000000
00000000000000000000000000111110000000000000000000000000000000000000000000000000000000000000000000000000000000000000000000000000000000000000000000000000000000000000000010010110111110100000000000000000
00000000000000000000000010011001000000000000000000000000000000000000000000000000000000000000000000000000000000000000000000000000000000000000000000000000000000000000000011100001111000000000000000000000
00000000000000000000000011111100000000000000000000000000000000000000000000000000000000000000000000000000000000000000000000000000000000000000000000000000000000000000000010010101011101010000000000000000
00000000000000000000000001111011000000000000000000000000000000000000000000000000000000000000000000000000000000000000000000000000000000000000000000000000000000000000000001011010111110100000000000000000
00000000000000000000000001111000000000000000000000000000000000000000000000000000000000000000000000000000000000000000000000000000000000000000000000000000000000000000000010100110011110010000000000000000
00000000000000000000000001100101000000000000000000000000000000000000000000000000000000000000000000000000000000000000000000000000000000000000000000000000000000000000000000011001001101100000000000000000
00000000000000000000000001100100000000000000000000000000000000000000000000000000000000000000000000000000000000000000000000000000000000000000000000000000000000000000000010000110100110100000000000000000
00000000000000000100010011110101010010000000010100000000000000000000000010110100000000000000000000000000000000000000000000000000000000000000000000000000000000000000000000000000000110100000000000000000
00000000000000000101010011100001101100100101001000000000000000000000000001101010000000000000000000000000000000000000000000000000000000000000000000000000000000000000000000000000001111000000000000000000
00000000000000000010010011010010011101010000000100000000000000000000000010010100000000000000000000000000000000000000000000000000000000000000000000000000000000000000000000000000000011110000000000000000
00000000000000000011000111111110100110001110110000000000000000000000000001101010000000000000000000000000000000000000000000000000000000000000000000000000000000000000000000000000010111100000000000000000
00000000000000000011000111111111111110110001001100000000000000000000000010001101000000000000000000000000000000000000000000000000000000000000000000000000000000000000000000000000100011100000000000000000
00000000000000000010010010010011111111111011100011111111111111111111111100110010000000000000000000000000000000000000000000000000000000000000000000000000000000000000000000000000101001110000000000000000
00000000000000000101010001101110111101111111111111111111111111111111111111001101000000000000000000000000000000000000000000000000000000000000000000000000000000000000000000000000100111110000000000000000
00000000000000000100010010001001010101001111111111111111111111111111111111111110000000000000000000000000000000000000000000000000000000000000000000000000000000000000000000000000011001110000000000000000
00000000000000000000000000000000000000000000000000000000000000000000000001111111111110010000000001101011100100101100010101000001000000000000000000000000000000000000000000000000000010110100110100000000
00000000000000000000000000000000000000000000000000000000000000000000000010110011111111111111111110000100010100100001101000101010000000000000000000000000000000000000000000000000100011011010001000000000
00000000000000000000000000000000000000000000000000000000000000000000000001001100101011111111111111111110100001010100010111000101000000000000000000000000000000000000000000000000101100111010010000000000
00000000000000000000000000000000000000000000000000000000000000000000000010110001010101010000000011111111111010011001100000011010000000000000000000000000000000000000000000000000011010001100100100000000
00000000000000000000000000000000000000000000000000000000000000000000000011010110000000000000000000100111111111110000011110100101000000000000000000000000000000000000000000000000000011011111010000000000
00000000000000000000000000000000000000000000000000000000000000000000000000101001101110100000000000001101100111111111000111001000000000000000000000000000000000000000000000000000011010110111000100000000
00000000000000000000000000000000000000000000000000000000000000000000000001010110010000000000000000010010000010011111111001101001000000000000000000000000000000000000000000000000000101101110101000000000
00000000000000000000000000000000000000000000000000000000000000000000000000101101000000100000000000110010001001000011111111100010000000000000000000000000000000000000000000000000101011010111010000000000
00000000000000000000000000000000000000000000000000000000000000000000000000000000000000000000000000000000000000000100011111111101110010000111010100101000110001010101000000000000000000000111100000000000
00000000000000000000000000000000000000000000000000000000000000000000000000000000000000000000000000000000000000001001011000111111101100010000110000110011000110101010001100000000000000001011000100000000
00000000000000000000000000000000000000000000000000000000000000000000000000000000000000000000000000000000000000000001001111101111111111111110100110001110010001010101110000000000000000000111111000000000
00000000000000000000000000000000000000000000000000000000000000000000000000000000000000000000000000000000000000001010010101001010111111111111111111110001100110001010011100000000000000000011111000000000
00000000000000000000000000000000000000000000000000000000000000000000000000000000000000000000000000000000000000000101100001010101000001010001111111111111000001110101101000000000000000000101100100000000
00000000000000000000000000000000000000000000000000000000000000000000000000000000000000000000000000000000000000001010001100110010011110100100001000001111111100011000110000000000000000000110111100000000
00000000000000000000000000000000000000000000000000000000000000000000000000000000000000000000000000000000000000000101010011010001100010010010100001000100111111100110100100000000000000001011110000000000
00000000000000000000000000000000000000000000000000000000000000000000000000000000000000000000000000000000000000001000001000010110101001111001001010100010001111111111110000000000000000000001111000000000
00000000000000000000000000000000000000000000000000000000000000000000000000000000000000000000000000000000000000000000000000000000000000000000000000000000010001111111111111001001010010000011011110100100
00000000000000000000000000000000000000000000000000000000000000000000000000000000000000000000000000000000000000000000000000000000000000000000000000000000100101101110001111101100001001011101111101010011
00000000000000000000000000000000000000000000000000000000000000000000000000000000000000000000000000000000000000000000000000000000000000000000000000000000000100110000101001111101100100000110011101001100
00000000000000000000000000000000000000000000000000000000000000000000000000000000000000000000000000000000000000000000000000000000000000000000000000000000101001010001001000011111111101100000101110001001
00000000000000000000000000000000000000000000000000000000000000000000000000000000000000000000000000000000000000000000000000000000000000000000000000000000010110001010010110101111111111110101001111110011
00000000000000000000000000000000000000000000000000000000000000000000000000000000000000000000000000000000000000000000000000000000000000000000000000000000101000110100110101101000011111111110111011001100
00000000000000000000000000000000000000000000000000000000000000000000000000000000000000000000000000000000000000000000000000000000000000000000000000000000010101001000001000011011100011111111110111100001
00000000000000000000000000000000000000000000000000000000000000000000000000000000000000000000000000000000000000000000000000000000000000000000000000000000100000100101011000100110000100011111111111110100
00000000000000000000000000000000000000000000000000000000000000000000000000000000000000000000000000000000000000000000000000000000000000000000000000000000000000000000000000000000000000000100011111100010
00000000000000000000000000000000000000000000000000000000000000000000000000000000000000000000000000000000000000000000000000000000000000000000000000000000000000000000000000000000000000001001011000010100
00000000000000000000000000000000000000000000000000000000000000000000000000000000000000000000000000000000000000000000000000000000000000000000000000000000000000000000000000000000000000000001001110100011
00000000000000000000000000000000000000000000000000000000000000000000000000000000000000000000000000000000000000000000000000000000000000000000000000000000000000000000000000000000000000001010010101000101
00000000000000000000000000000000000000000000000000000000000000000000000000000000000000000000000000000000000000000000000000000000000000000000000000000000000000000000000000000000000000000101100011011010
00000000000000000000000000000000000000000000000000000000000000000000000000000000000000000000000000000000000000000000000000000000000000000000000000000000000000000000000000000000000000001010001110110001
00000000000000000000000000000000000000000000000000000000000000000000000000000000000000000000000000000000000000000000000000000000000000000000000000000000000000000000000000000000000000000101010001101010
00000000000000000000000000000000000000000000000000000000000000000000000000000000000000000000000000000000000000000000000000000000000000000000000000000000000000000000000000000000000000001000001010010101
00000000000000000000000000000000000000000000000000000000000000000000000000000000000000000000000000000000000000000000000000000000000000000000000000000000000000000000000000000000000000000000000000000000
00000000000000000000000000000000000000000000000000000000000000000000000000000000000000000000000000000000000000000000000000000000000000000000000000000000000000000000000000000000000000000000000000000000
00000000000000000000000000000000000000000000000000000000000000000000000000000000000000000000000000000000000000000000000000000000000000000000000000000000000000000000000000000000000000000000000000000000
00000000000000000000000000000000000000000000000000000000000000000000000000000000000000000000000000000000000000000000000000000000000000000000000000000000000000000000000000000000000000000000000000000000
00000000000000000000000000000000000000000000000000000000000000000000000000000000000000000000000000000000000000000000000000000000000000000000000000000000000000000000000000000000000000000000000000000000
00000000000000000000000000000000000000000000000000000000000000000000000000000000000000000000000000000000000000000000000000000000000000000000000000000000000000000000000000000000000000000000000000000000
00000000000000000000000000000000000000000000000000000000000000000000000000000000000000000000000000000000000000000000000000000000000000000000000000000000000000000000000000000000000000000000000000000000
00000000000000000000000000000000000000000000000000000000000000000000000000000000000000000000000000000000000000000000000000000000000000000000000000000000000000000000000000000000000000000000000000000000
