200 200
00000000000000000000000000000000000000000000000000000000000000000000000000000000000000000000000000000000000000000000000000000000000000000000000000000000000000000000000000000000000000000000000000000000
00000000000000000000000000000000000000000000000000000000000000000000000000000000000000000000000000000000000000000000000000000000000000000000000000000000000000000000000000000000000000000000000000000000
00000000000000000000000000000000000000000000000000000000000000000000000000000000000000000000000000000000000000000000000000000000000000000000000000000000000000000000000000000000000000000000000000000000
00000000000000000000000000000000000000000000000000000000000000000000000000000000000000000000000000000000000000000000000000000000000000000000000000000000000000000000000000000000000000000000000000000000
00000000000000000000000000000000000000000000000000000000000000000000000000000000000000000000000000000000000000000000000000000000000000000000000000000000000000000000000000000000000000000000000000000000
00000000000000000000000000000000000000000000000000000000000000000000000000000000000000000000000000000000000000000000000000000000000000000000000000000000000000000000000000000000000000000000000000000000
00000000000000000000000000000000000000000000000000000000000000000000000000000000000000000000000000000000000000000000000000000000000000000000000000000000000000000000000000000000000000000000000000000000
00000000000000000000000000000000000000000000000000000000000000000000000000000000000000000000000000000000000000000000000000000000000000000000000000000000000000000000000000000000000000000000000000000000
00000000000000000000000000000000000000000000000000000000000000000000000000000000000000000000000000000000000000000000000000000000000000000000000000000000000000000000000000000000000000000000000000000000
00000000000000000000000000000000000000000000000000000000000000000000000000000000000000000000000000000000000000000000000000000000000000000000000000000000000000000000000000000000000000000000000000000000
00000000000000000000000000000000000000000000000000000000000000000000000000000000000000000000000000000000000000000000000000000000000000000000000000000000000000000000000000000000000000000000000000000000
00000000000000000000000000000000000000000000000000000000000000000000000000000000000000000000000000000000000000000000000000000000000000000000000000000000000000000000000000000000000000000000000000000000
00000000000000000000000000000000000000000000000000000000000000000000000000000000000000000000000000000000000000000000000000000000000000000000000000000000000000000000000000000000000000000000000000000000
00000000000000000000000000000000000000000000000000000000000000000000000000000000000000000000000000000000000000000000000000000000000000000000000000000000000000000000000000000000000000000000000000000000
00000000000000000000000000000000000000000000000000000000000000000000000000000000000000000000000000000000000000000000000000000000000000000000000000000000000000000000000000000000000000000000000000000000
00000000000000000000000000000000000000000000000000000000000000000000000000000000000000000000000000000000000000000000000000000000000000000000000000000000000000000000000000000000000000000000000000000000
00000000000000000000000000000000000000000000000000000000000000000000000000000000000000000000000000000000000000000000000000000000000000000000000000000000000000000000000000000000000000000000000000000000
00000000000000000000000000000000000000000000000000000000000000000000000000000000000000000000000000000000000000000000000000000000000000000000000000000000000000000000000000000000000000000000000000000000
00000000000000000000000000000000000000000000000000000000000000000000000000000000000000000000000000000000000000000000000000000000000000000000000000000000000000000000000000000000000000000000000000000000
00000000000000000000000000000000000000000000000000000000000000000000000000000000000000000000000000000000000000000000000000000000000000000000000000000000000000000000000000000000000000000000000000000000
00000000000000000000000000000000000000000000000000000000000000000000000000000000000000000000000000000000000000000000000000000000000000000000000000000000000000000000000000000000000000000000000000000000
00000000000000000000000000000000000000000000000000000000000000000000000000000000000000000000000000000000000000000000000000000000000000000000000000000000000000000000000000000000000000000000000000000000
00000000000000000000000000000000000000000000000000000000000000000000000000000000000000000000000000000000000000000000000000000000000000000000000000000000000000000000000000000000000000000000000000000000
00000000000000000000000000000000000000000000000000000000000000000000000000000000000000000000000000000000000000000000000000000000000000000000000000000000000000000000000000000000000000000000000000000000
00000000000000000000000000000000000000000000000000000000000000000000000000000000000000000000000000000000000000000000000000000000000000000000000000000000000000000000000000000000000000000000000000000000
00000000000000000000000000000000000000000000000000000000000000000000000000000000000000000000000000000000000000000000000000000000000000000000000000000000000000000000000000000000000000000000000000000000
00000000000000000000000000000000000000000000000000000000000000000000000000000000000000000000000000000000000000000000000000000000000000000000000000000000000000000000000000000000000000000000000000000000
00000000000000000000000000000000000000000000000000000000000000000000000000000000000000000000000000000000000000000000000000000000000000000000000000000000000000000000000000000000000000000000000000000000
00000000000000000000000000000000000000000000000000000000000000000000000000000000000000000000000000000000000000000000000000000000000000000000000000000000000000000000000000000000000000000000000000000000
00000000000000000000000000000000000000000000000000000000000000000000000000000000000000000000000000000000000000000000000000000000000000000000000000000000000000000000000000000000000000000000000000000000
00000000000000000000000000000000000000000000000000000000000000000000000000000000000000000000000000000000000000000000000000000000000000000000000000000000000000000000000000000000000000000000000000000000
00000000000000000000000000000000000000000000000000000000000000000000000000000000000000000000000000000000000000000000000000000000000000000000000000000000000000000000000000000000000000000000000000000000
00000000000000000000000000000000000000000000000000000000000000000000000000000000000000000000000000000000000000000000000000000000000000000000000000000000000000000000000000000000000000000000000000000000
00000000000000000000000000000000000000000000000000000000000000000000000000000000000000000000000000000000000000000000000000000000000000000000000000000000000000000000000000000000000000000000000000000000
00000000000000000000000000000000000000000000000000000000000000000000000000000000000000000000000000000000000000000000000000000000000000000000000000000000000000000000000000000000000000000000000000000000
00000000000000000000000000000000000000000000000000000000000000000000000000000000000000000000000000000000000000000000000000000000000000000000000000000000000000000000000000000000000000000000000000000000
00000000000000000000000000000000000000000000000000000000000000000000000000000000000000000000000000000000000000000000000000000000000000000000000000000000000000000000000000000000000000000000000000000000
00000000000000000000000000000000000000000000000000000000000000000000000000000000000000000000000000000000000000000000000000000000000000000000000000000000000000000000000000000000000000000000000000000000
00000000000000000000000000000000000000000000000000000000000000000000000000000000000000000000000000000000000000000000000000000000000000000000000000000000000000000000000000000000000000000000000000000000
00000000000000000000000000000000000000000000000000000000000000000000000000000000000000000000000000000000000000000000000000000000000000000000000000000000000000000000000000000000000000000000000000000000
00000000000000000000000000000000000000000000000000000000000000000000000000000000000000000000000000000000000000000000000000000000000000000000000000000000000000000000000000000000000000000000000000000000
00000000000000000000000000000000000000000000000000000000000000000000000000000000000000000000000000000000000000000000000000000000000000000000000000000000000000000000000000000000000000000000000000000000
00000000000000000000000000000000000000000111111100000000000000000000000000000000000000000000000000000000000000000000000000000000000000000000000000000000000000000000000000000000000000000000000000000000
00000000000000000000000000000000000000000100000010000000000000000000000000000000000000000000000000000000000000000000000000000000000000000000000000000000000000000000000000000000000000000000000000000000
00000000000000000000000000000000000000000100000001100000000000000000000000000000000000000000000000000000000000000000000000000000000000000000000000000000000000000000000000000000000000000000000000000000
00000000000000000000000000000000000000000010000000011110000000000000000000000000000000000000000000000000000000000000000000000000000000000000000000000000000000000000000000000000000000000000000000000000
00000000000000000000000000000000000000000010000000000001100000000000000000000000000000000000000000000000000000000000000000000000000000000000100000000000000000000000000000000000000000000000000000000000
00000000000000000000000000000000000000000001000000000000011000000000000000000000000000000000000000000000000000000000000000000000000000000001100000000000000000000000000000000000000000000000000000000000
00000000000000000000000000000000000000000001000000000000000110000000000000000000000000000000000000000000000000000000000000000000000000000110100000000000000000000000000000000000000000000000000000000000
00000000000000000000000000000000000000000001000000000000000001100000000000000000000000000000000000000000000000000000000000000000000000011000100000000000000000000000000000000000000000000000000000000000
00000000000000000000000000000000000000000000100000000000000000011100000000000000000000000000000000000000000000000000000000000000000000100000100000000000000000000000000000000000000000000000000000000000
00000000000000000000000000000000000000000000100000000000000000000011100000000000000000000000000000000000000000000000000000000000000111000001000000000000000000000000000000000000000000000000000000000000
00000000000000000000000000000000000000000000010000000000000000000000011000000000000000000000000000000000000000000000000000000000001000000001000000000000000000000000000000000000000000000000000000000000
00000000000000000000000000000000000000000000010000000000000000000000000110000000000000000000000000000000000000000000000000000000010000000001000000000000000000000000000000000000000000000000000000000000
00000000000000000000000000000000000000000000001000000000000000000000000001100000000000000000000000000000000000000000000000000001100000000010000000000000000000000000000000000000000000000000000000000000
00000000000000000000000000000000000000000000000100000000000000000000000000011100000000000000000000000000000000000000000000000010000000000100000000000000000000000000000000000000000000000000000000000000
00000000000000000000000000000000000000000000000100000000000000000000000000000011100000000000000000000000000000000000000000001100000000001000000000000000000000000000000000000000000000000000000000000000
00000000000000000000000000000000000000000000000010000000000000000000000000000000011000000000000000000000000000000000000000110000000000010000000000000000000000000000000000000000000000000000000000000000
00000000000000000000000000000000000000000000000010000000000000000000000000000000000110000000000000000000000000000000000011000000000000100000000000000000000000000000000000000000000000000000000000000000
00000000000000000000000000000000000000000000000001000000000000000000000000000000000001100000000000000000000000000000001100000000000000100000000000000000000000000000000000000000000000000000000000000000
00000000000000000000000000000000000000000000000000100000000000000000000000000000000000010000000000000000000000000000010000000000000000100000000000000000000000000000000000000000000000000000000000000000
00000000000000000000000000000000000000000000000000100000000000000000000000000000000000001100000000000000000000000001100000000000000001000000000000000000000000000000000000000000000000000000000000000000
00000000000000000000000000000000000000000000000000010000000000000000000000000000000000000010000000000000000000000110000000000000000001000000000000000000000000000000000000000000000000000000000000000000
00000000000000000000000000000000000000000000000000010000000000000000000000000000000000000001100000000000000000001000000000000000000010000000000000000000000000000000000000000000000000000000000000000000
00000000000000000000000000000000000000000000000000001000000000000000000000000000000000000000010000000000000000110000000000000000000010000000000000000000000000000000000000000000000000000000000000000000
00000000000000000000000000000000000000000000000000001000000000000000000000000000000000000000001100000000000011000000000000000000000100000000000000000000000000000000000000000000000000000000000000000000
00000000000000000000000000000000000000000000000000000100000000000000000000000000000000000000000011000000001100000000000000000000001000000000000000000000000000000000000000000000000000000000000000000000
00000000000000000000000000000000000000000000000000000100000000000000000000000000000000000000000000110000010000000000000000000000010000000000000000000000000000000000000000000000000000000000000000000000
00000000000000000000000000000000000000000000000000000010000000000000000000000000000000000000000000001110100000000000000000000000010000000000000000000000000000000000000000000000000000000000000000000000
00000000000000000000000000000000000000000000000000000010000000000000000000000000000000000000000000000011110000000000000000000000100000000000000000000000000000000000000000000000000000000000000000000000
00000000000000000000000000000000000000000000000000000001000000000000000000000000000000000000000000000100001100000000000000000000100000000000000000000000000000000000000000000000000000000000000000000000
00000000000000000000000000000000000000000000000000000001000000000000000000000000000000000000000000011000000011000000000000000000100000000000000000000000000000000000000000000000000000000000000000000000
00000000000000000000000000000000000000000000000000000000100000000000000000000000000000000000000001100000000000110000000000000000100000000000000000000000000000000000000000000000000000000000000000000000
00000000000000000000000000000000000000000000000000000000100000000000000000000000000000000000000110000000000000001110000000000001000000000000000000000000000000000000000000000000000000000000000000000000
00000000000000000000000000000000000000000000000000000000100000000000000000000000000000000000011000000000000000000001100000000010000000000000000000000000000000000000000000000000000000000000000000000000
00000000000000000000000000000000000000000000000000000000010000000000000000000000000000000001100000000000000000000000011000000010000000000000000000000000000000000000000000000000000000000000000000000000
00000000000000000000000000000000000000000000000000000000010000000000000000000000000000000110000000000000000000000000000100000100000000000000000000000000000000000000000000000000000000000000000000000000
00000000000000000000000000000000000000000000000000000000010000000000000000000000000000011000000000000000000000000000000011000100000000000000000000000000000000000000000000000000000000000000000000000000
00000000000000000000000000000000000000000000000000000000001000000000000000000000000001100000000000000000000000000000000000111000000000000000000000000000000000000000000000000000000000000000000000000000
00000000000000000000000000000000000000000000000000000000001000000000000000000000000110000000000000000000000000000000000000001110000000000000000000000000000000000000000000000000000000000000000000000000
00000000000000000000000000000000000000000000000000000000000100000000000000000000001000000000000000000000000000000000000000001001100000000000000000000000000000000000000000000000000000000000000000000000
00000000000000000000000000000000000000000000000000000000000010000000000000000000110000000000000000000000000000000000000000010000011000000000000000000000000000000000000000000000000000000000000000000000
00000000000000000000000000000000000000000000000000000000000010000000000000000001000000000000000000000000000000000000000000010000000110000000000000000000000000000000000000000000000000000000000000000000
00000000000000000000000000000000000000000000000000000000000001000000000000000110000000000000000000000000000000000000000000010000000001000000000000000000000000000000000000000000000000000000000000000000
00000000000000000000000000000000000000000000000000000000000001000000000000011000000000000000000000000000000000000000000000100000000000100000000000000000000000000000000000000000000000000000000000000000
00000000000000000000000000000000000000000000000000000000000001000000000001100000000000000000000000000000000000000000000000100000000000011100000000000000000000000000000000000000000000000000000000000000
00000000000000000000000000000000000000000000000000000000000000100000000010000000000000000000000000000000000000000000000000100000000000000011100000000000000000000000000000000000000000000000000000000000
00000000000000000000000000000000000000000000000000000000000000100000000100000000000000000000000000000000000000000000000000100000000000000000011000000000000000000000000000000000000000000000000000000000
00000000000000000000000000000000000000000000000000000000000000100000001000000000000000000000000000000000000000000000000001000000000000000000000110000000000000000000000000000000000000000000000000000000
00000000000000000000000000000000000000000000000000000000000000010000010000000000000000000000000000000000000000000000000010000000000000000000000001100000000000000000000000000000000000000000000000000000
00000000000000000000000000000000000000000000000000000000000000010000100000000000000000000000000000000000000000000000000010000000000000000000000000011111000000000000000000000000000000000000000000000000
00000000000000000000000000000000000000000000000000000000000000001001000000000000000000000000000000000000000000000000000010000000000000000000000000000000100000000000000000000000000000000000000000000000
00000000000000000000000000000000000000000000000000000000000000001010000000000000000000000000000000000000000000000000000100000000000000000000000000000000011110000000000000000000000000000000000000000000
00000000000000000000000000000000000000000000000000000000000000000100000000000000000000000000000000000000000000000000000100000000000000000000000000000000000010000000000000000000000000000000000000000000
00000000000000000000000000000000000000000000000000000000000000011100000000000000000000000000000000000000000000000000000100000000000000000000000000000000000010000000000000000000000000000000000000000000
00000000000000000000000000000000000000000000000000000000000000100010000000000000000000000000000000000000000000000000011000000000000000000000000000000000111100000000000000000000000000000000000000000000
00000000000000000000000000000000000000000000000000000000000000100010000000000000000000000000000000000000000000000000010000000000000000000000000001111111000000000000000000000000000000000000000000000000
00000000000000000000000000000000000000000000000000000000000001000001000000000000000000000000000000000000000000000000010000000000000000000000011110000000000000000000000000000000000000000000000000000000
00000000000000000000000000000000000000000000000000000000000010000001000000000000000000000000000000000000000000000000100000000000000000000011100000000000000000000000000000000000000000000000000000000000
00000000000000000000000000000000000000000000000000000000000010000000100000000000000000000000000000000000000000000000100000000000011111111100000000000000000000000000000000000000000000000000000000000000
00000000000000000000000000000000000000000000000000000000000100000000100000000000000000000000000000000000000000000001000000000011100000000000000000000000000000000000000000000000000000000000000000000000
00000000000000000000000000000000000000000000000000000000011000000000010000000000000000000000000000000000000000000001000000001100000000000000000000000000000000000000000000000000000000000000000000000000
00000000000000000000000000000000000000000000000000000001100000000000010000000000000000000000000000000000000000000010000011110000000000000000000000000000000000000000000000000000000000000000000000000000
00000000000000000000000000000000000000000000000000000010000000000000010000000000000000000000000000000000000000000100111100000000000000000000000000000000000000000000000000000000000000000000000000000000
00000000000000000000000000000000000000000000000000000100000000000000010000000000000000000000000000000000011111111111000000000000000000000000000000000000000000000000000000000000000000000000000000000000
00000000000000000000000000000000000000000000000000000100000000000000010000000000000000000000000000000001100000001000000000000000000000000000000000000000000000000000000000000000000000000000000000000000
00000000000000000000000000000000000000000000000000001000000000000000001000000000000000000000000000011110000000010000000000000000000000000000000000000000000000000000000000000000000000000000000000000000
00000000000000000000000000000000000000000000000000010000000000000000001000000000000000111111111111100000000000010000000000000000000000000000000000000000000000000000000000000000000000000000000000000000
00000000000000000000000000000000000000000000000000100000000000000000000100000000001111000000000000000000000000100000000000000000000000000000000000000000000000000000000000000000000000000000000000000000
00000000000000000000000000000000000000000000000001000000000000000000000010000011110000000000000000000000000000100000000000000000000000000000000000000000000000000000000000000000000000000000000000000000
00000000000000000000000000000000000000000000000110000000000000000000000010111100000000000000000000000000000001000000000000000000000000000000000000000000000000000000000000000000000000000000000000000000
00000000000000000000000000000000000000000000001000000000000000000000001111000000000000000000000000000000000010000000000000000000000000000000000000000000000000000000000000000000000000000000000000000000
00000000000000000000000000000000000000000000010000000000000000000000110001000000000000000000000000000000000010000000000000000000000000000000000000000000000000000000000000000000000000000000000000000000
00000000000000000000000000000000000000000000100000000000000000000111000000100000000000000000000000000000000010000000000000000000000000000000000000000000000000000000000000000000000000000000000000000000
00000000000000000000000000000000000000000011000000000000000000111000000000100000000000000000000000000000000100000000000000000000000000000000000000000000000000000000000000000000000000000000000000000000
00000000000000000000000000000000000000001100000000000000011111000000000000100000000000000000000000000000001000000000000000000000000000000000000000000000000000000000000000000000000000000000000000000000
00000000000000000000000000000000000000010000000000011111100000000000000000010000000000000000000000000000001000000000000000000000000000000000000000000000000000000000000000000000000000000000000000000000
00000000000000000000000000000000000000010011111111100000000000000000000000010000000000000000000000000000010000000000000000000000000000000000000000000000000000000000000000000000000000000000000000000000
00000000000000000000000000000000000000111100000000000000000000000000000000010000000000000000000000000000100000000000000000000000000000000000000000000000000000000000000000000000000000000000000000000000
00000000000000000000000000000000000011100000000000000000000000000000000000001000000000000000000000000001000000000000000000000000000000000000000000000000000000000000000000000000000000000000000000000000
00000000000000000000000000000000001110000000000000000000000000000000000000001000000000000000000000000001000000000000000000000000000000000000000000000000000000000000000000000000000000000000000000000000
00000000000000000000000000000000011000000000000000000000000000000000000000001000000000000000000000000010000000000000000000000000000000000000000000000000000000000000000000000000000000000000000000000000
00000000000000000000000000000000000000000000000000000000000000000000000000000100000000000000000000000100000000000000000000000000000000000000000000000000000000000000000000000000000000000000000000000000
00000000000000000000000000000000000000000000000000000000000000000000000000000100000000000000000000001000000000000000000000000000000000000000000000000000000000000000000000000000000000000000000000000000
00000000000000000000000000000000000000000000000000000000000000000000000000000010000000000000000000001000000000000000000000000000000000000000000000000000000000000000000000000000000000000000000000000000
00000000000000000000000000000000000000000000000000000000000000000000000000000010000000000000000000010000000000000000000000000000000000000000000000000000000000000000000000000000000000000000000000000000
00000000000000000000000000000000000000000000000000000000000000000000000000000001000000000000000001100000000000000000000000000000000000000000000000000000000000000000000000000000000000000000000000000000
00000000000000000000000000000000000000000000000000000000000000000000000000000000100000000000000001000000000000000000000000000000000000000000000000000000000000000000000000000000000000000000000000000000
00000000000000000000000000000000000000000000000000000000000000000000000000000000100000000000000011000000000000000000000000000000000000000000000000000000000000000000000000000000000000000000000000000000
00000000000000000000000000000000000000000000000000000000000000000000000000000000010000000000000010000000000000000000000000000000000000000000000000000000000000000000000000000000000000000000000000000000
00000000000000000000000000000000000000000000000000000000000000000000000000000000001000000000000110000000000000000000000000000000000000000000000000000000000000000000000000000000000000000000000000000000
00000000000000000000000000000000000000000000000000000000000000000000000000000000001000000000000100000000000000000000000000000000000000000000000000000000000000000000000000000000000000000000000000000000
00000000000000000000000000000000000000000000000000000000000000000000000000000000001000000000011000000000000000000000000000000000000000000000000000000000000000000000000000000000000000000000000000000000
00000000000000000000000000000000000000000000000000000000000000000000000000000000000100000000010000000000000000000000000000000000000000000000000000000000000000000000000000000000000000000000000000000000
00000000000000000000000000000000000000000000000000000000000000000000000000000000000100000000110000000000000000000000000000000000000000000000000000000000000000000000000000000000000000000000000000000000
00000000000000000000000000000000000000000000000000000000000000000000000000000000000100000000100000000000000000000000000000000000000000000000000000000000000000000000000000000000000000000000000000000000
00000000000000000000000000000000000000000000000000000000000000000000000000000000000010000000100000000000000000000000000000000000000000000000000000000000000000000000000000000000000000000000000000000000
00000000000000000000000000000000000000000000000000000000000000000000000000000000000010000000100000000000000000000000000000000000000000000000000000000000000000000000000000000000000000000000000000000000
00000000000000000000000000000000000000000000000000000000000000000000000000000000000001000001100000000000000000000000000000000000000000000000000000000000000000000000000000000000000000000000000000000000
00000000000000000000000000000000000000000000000000000000000000000000000000000000000000000001000000000000000000000000000000000000000000000000000000000000000000000000000000000000000000000000000000000000
00000000000000000000000000000000000000000000000000000000000000000000000000000000000000000010000000000000000000000000000000000000000000000000000000000000000000000000000000000000000000000000000000000000
00000000000000000000000000000000000000000000000000000000000000000000000000000000000000000010000000000000000000000000000000000000000000000000000000000000000000000000000000000000000000000000000000000000
00000000000000000000000000000000000000000000000000000000000000000000000000000000000000000110000000000000000000000000000000000000000000000000000000000000000000000000000000000000000000000000000000000000
00000000000000000000000000000000000000000000000000000000000000000000000000000000000000000100000000000000000000000000000000000000000000000000000000000000000000000000000000000000000000000000000000000000
00000000000000000000000000000000000000000000000000000000000000000000000000000000000000000000000000000000000000000000000000000000000000000000000000000000000000000000000000000000000000000000000000000000
00000000000000000000000000000000000000000000000000000000000000000000000000000000000000000000000000000000000000000000000000000000000000000000000000000000000000000000000000000000000000000000000000000000
00000000000000000000000000000000000000000000000000000000000000000000000000000000000000000000000000000000000000000000000000000000000000000000000000000000000000000000000000000000000000000000000000000000
00000000000000000000000000000000000000000000000000000000000000000000000000000000000000000000000000000000000000000000000000000000000000000000000000000000000000000000000000000000000000000000000000000000
00000000000000000000000000000000000000000000000000000000000000000000000000000000000000000000000000000000000000000000000000000000000000000000000000000000000000000000000000000000000000000000000000000000
00000000000000000000000000000000000000000000000000000000000000000000000000000000000000000000000000000000000000000000000000000000000000000000000000000000000000000000000000000000000000000000000000000000
00000000000000000000000000000000000000000000000000000000000000000000000000000000000000000000000000000000000000000000000000000000000000000000000000000000000000000000000000000000000000000000000000000000
00000000000000000000000000000000000000000000000000000000000000000000000000000000000000000000000000000000000000000000000000000000000000000000000000000000000000000000000000000000000000000000000000000000
00000000000000000000000000000000000000000000000000000000000000000000000000000000000000000000000000000000000000000000000000000000000000000000000000000000000000000000000000000000000000000000000000000000
00000000000000000000000000000000000000000000000000000000000000000000000000000000000000000000000000000000000000000000000000000000000000000000000000000000000000000000000000000000000000000000000000000000
00000000000000000000000000000000000000000000000000000000000000000000000000000000000000000000000000000000000000000000000000000000000000000000000000000000000000000000000000000000000000000000000000000000
00000000000000000000000000000000000000000000000000000000000000000000000000000000000000000000000000000000000000000000000000000000000000000000000000000000000000000000000000000000000000000000000000000000
00000000000000000000000000000000000000000000000000000000000000000000000000000000000000000000000000000000000000000000000000000000000000000000000000000000000000000000000000000000000000000000000000000000
00000000000000000000000000000000000000000000000000000000000000000000000000000000000000000000000000000000000000000000000000000000000000000000000000000000000000000000000000000000000000000000000000000000
00000000000000000000000000000000000000000000000000000000000000000000000000000000000000000000000000000000000000000000000000000000000000000000000000000000000000000000000000000000000000000000000000000000
00000000000000000000000000000000000000000000000000000000000000000000000000000000000000000000000000000000000000000000000000000000000000000000000000000000000000000000000000000000000000000000000000000000
00000000000000000000000000000000000000000000000000000000000000000000000000000000000000000000000000000000000000000000000000000000000000000000000000000000000000000000000000000000000000000000000000000000
00000000000000000000000000000000000000000000000000000000000000000000000000000000000000000000000000000000000000000000000000000000000000000000000000000000000000000000000000000000000000000000000000000000
00000000000000000000000000000000000000000000000000000000000000000000000000000000000000000000000000000000000000000000000000000000000000000000000000000000000000000000000000000000000000000000000000000000
00000000000000000000000000000000000000000000000000000000000000000000000000000000000000000000000000000000000000000000000000000000000000000000000000000000000000000000000000000000000000000000000000000000
00000000000000000000000000000000000000000000000000000000000000000000000000000000000000000000000000000000000000000000000000000000000000000000000000000000000000000000000000000000000000000000000000000000
00000000000000000000000000000000000000000000000000000000000000000000000000000000000000000000000000000000000000000000000000000000000000000000000000000000000000000000000000000000000000000000000000000000
00000000000000000000000000000000000000000000000000000000000000000000000000000000000000000000000000000000000000000000000000000000000000000000000000000000000000000000000000000000000000000000000000000000
00000000000000000000000000000000000000000000000000000000000000000000000000000000000000000000000000000000000000000000000000000000000000000000000000000000000000000000000000000000000000000000000000000000
00000000000000000000000000000000000000000000000000000000000000000000000000000000000000000000000000000000000000000000000000000000000000000000000000000000000000000000000000000000000000000000000000000000
00000000000000000000000000000000000000000000000000000000000000000000000000000000000000000000000000000000000000000000000000000000000000000000000000000000000000000000000000000000000000000000000000000000
00000000000000000000000000000000000000000000000000000000000000000000000000000000000000000000000000000000000000000000000000000000000000000000000000000000000000000000000000000000000000000000000000000000
00000000000000000000000000000000000000000000000000000000000000000000000000000000000000000000000000000000000000000000000000000000000000000000000000000000000000000000000000000000000000000000000000000000
00000000000000000000000000000000000000000000000000000000000000000000000000000000000000000000000000000000000000000000000000000000000000000000000000000000000000000000000000000000000000000000000000000000
00000000000000000000000000000000000000000000000000000000000000000000000000000000000000000000000000000000000000000000000000000000000000000000000000000000000000000000000000000000000000000000000000000000
00000000000000000000000000000000000000000000000000000000000000000000000000000000000000000000000000000000000000000000000000000000000000000000000000000000000000000000000000000000000000000000000000000000
00000000000000000000000000000000000000000000000000000000000000000000000000000000000000000000000000000000000000000000000000000000000000000000000000000000000000000000000000000000000000000000000000000000
00000000000000000000000000000000000000000000000000000000000000000000000000000000000000000000000000000000000000000000000000000000000000000000000000000000000000000000000000000000000000000000000000000000
00000000000000000000000000000000000000000000000000000000000000000000000000000000000000000000000000000000000000000000000000000000000000000000000000000000000000000000000000000000000000000000000000000000
00000000000000000000000000000000000000000000000000000000000000000000000000000000000000000000000000000000000000000000000000000000000000000000000000000000000000000000000000000000000000000000000000000000
00000000000000000000000000000000000000000000000000000000000000000000000000000000000000000000000000000000000000000000000000000000000000000000000000000000000000000000000000000000000000000000000000000000
00000000000000000000000000000000000000000000000000000000000000000000000000000000000000000000000000000000000000000000000000000000000000000000000000000000000000000000000000000000000000000000000000000000
00000000000000000000000000000000000000000000000000000000000000000000000000000000000000000000000000000000000000000000000000000000000000000000000000000000000000000000000000000000000000000000000000000000
00000000000000000000000000000000000000000000000000000000000000000000000000000000000000000000000000000000000000000000000000000000000000000000000000000000000000000000000000000000000000000000000000000000
00000000000000000000000000000000000000000000000000000000000000000000000000000000000000000000000000000000000000000000000000000000000000000000000000000000000000000000000000000000000000000000000000000000
00000000000000000000000000000000000000000000000000000000000000000000000000000000000000000000000000000000000000000000000000000000000000000000000000000000000000000000000000000000000000000000000000000000
00000000000000000000000000000000000000000000000000000000000000000000000000000000000000000000000000000000000000000000000000000000000000000000000000000000000000000000000000000000000000000000000000000000
00000000000000000000000000000000000000000000000000000000000000000000000000000000000000000000000000000000000000000000000000000000000000000000000000000000000000000000000000000000000000000000000000000000
00000000000000000000000000000000000000000000000000000000000000000000000000000000000000000000000000000000000000000000000000000000000000000000000000000000000000000000000000000000000000000000000000000000
00000000000000000000000000000000000000000000000000000000000000000000000000000000000000000000000000000000000000000000000000000000000000000000000000000000000000000000000000000000000000000000000000000000
00000000000000000000000000000000000000000000000000000000000000000000000000000000000000000000000000000000000000000000000000000000000000000000000000000000000000000000000000000000000000000000000000000000
00000000000000000000000000000000000000000000000000000000000000000000000000000000000000000000000000000000000000000000000000000000000000000000000000000000000000000000000000000000000000000000000000000000
00000000000000000000000000000000000000000000000000000000000000000000000000000000000000000000000000000000000000000000000000000000000000000000000000000000000000000000000000000000000000000000000000000000
00000000000000000000000000000000000000000000000000000000000000000000000000000000000000000000000000000000000000000000000000000000000000000000000000000000000000000000000000000000000000000000000000000000
00000000000000000000000000000000000000000000000000000000000000000000000000000000000000000000000000000000000000000000000000000000000000000000000000000000000000000000000000000000000000000000000000000000
00000000000000000000000000000000000000000000000000000000000000000000000000000000000000000000000000000000000000000000000000000000000000000000000000000000000000000000000000000000000000000000000000000000
00000000000000000000000000000000000000000000000000000000000000000000000000000000000000000000000000000000000000000000000000000000000000000000000000000000000000000000000000000000000000000000000000000000
00000000000000000000000000000000000000000000000000000000000000000000000000000000000000000000000000000000000000000000000000000000000000000000000000000000000000000000000000000000000000000000000000000000
00000000000000000000000000000000000000000000000000000000000000000000000000000000000000000000000000000000000000000000000000000000000000000000000000000000000000000000000000000000000000000000000000000000
00000000000000000000000000000000000000000000000000000000000000000000000000000000000000000000000000000000000000000000000000000000000000000000000000000000000000000000000000000000000000000000000000000000
00000000000000000000000000000000000000000000000000000000000000000000000000000000000000000000000000000000000000000000000000000000000000000000000000000000000000000000000000000000000000000000000000000000
