200 200
00000000000000000000000000000000000000000000000000000000000000000000000000000000000000000000000000000000000000000000000000000000000000000000000000000000000000000000000000000000000000000000000000000000
00000000000000000000000000000000000000000000000000000000000000000000000000000000000000000000000000000000000000000000000000000000000000000000000000000000000000000000000000000000000000000000000000000000
00000000000000000000000000000000000000000000000000000000000000000000000000000000000000000000000000000000000000000000000000000000000000000000000000000000000000000000000000000000000000000000000000000000
00000000000000000000000000000000000000000000000000000000000000000000000000000000000000000000000000000000000000000000000000000000000000000000000000000000000000000000000000000000000000000000000000000000
00000000000000000000000000000000000000000000000000000000000000000000000000000000000000000000000000000000000000000000000000000000000000000000000000000000000000000000000000000000000000000000000000000000
00000000000000000000000000000000000000000000000000000000000000000000000000000000000000000000000000000000000000000000000000000000000000000000000000000000000000000000000000000000000000000000000000000000
00000000000000000000000000000000000000000000000000000000000000000000000000000000000000000000000000000000000000000000000000000000000000000000000000000000000000000000000000000000000000000000000000000000
00000000000000000000000000000000000000000000000000000000000000000000000000000000000000000000000000000000000000000000000000000000000000000000000000000000000000000000000000000000000000000000000000000000
00000000000000000000000000000000000000000000000000000000000000000000000000000000000000000000000000000000000000000000000000000000000000000000000000000000000000000000000000000000000000000000000000000000
00000000000000000000000000000000000000000000000000000000000000000000000000000000000000000000000000000000000000000000000000000000000000000000000000000000000000000000000000000000000000000000000000000000
00000000000000000000000000000000000000000000000000000000000000000000000000000000000000000000000000000000000000000000000000000000000000000000000000000000000000000000000000000000000000000000000000000000
00000000000000000000000000000000000000000000000000000000000000000000000000000000000000000000000000000000000000000000000000000000000000000000000000000000000000000000000000000000000000000000000000000000
00000000000000000000000000000000000000000000000000000000000000000000000000000000000000000000000000000000000000000000000000000000000000000000000000000000000000000000000000000000000000000000000000000000
00000000000000000000000000000000000000000000000000000000000000000000000000000000000000000000000000000000000000000000000000000000000000000000000000000000000000000000000000000000000000000000000000000000
00000000000000000000000000000000000000000000000000000000000000000000000000000000000000000000000000000000000000000000000000000000000000000000000000000000000000000000000000000000000000000000000000000000
00000000000000000000000000000000000000000000000000000000000000000000000000000000000000000000000000000000000000000000000000000000000000000000000000000000000000000000000000000000000000000000000000000000
00000000000000000000000000000000000000000000000000000000000000000000000000000000000000000000000000000000000000000000000000000000000000000000000000000000000000000000000000000000000000000000000000000000
00000000000000000000000000000000000000000000000000000000000000000000000000000000000000000000000000000000000000000000000000000000000000000000000000000000000000000000000000000000000000000000000000000000
00000000000000000000000000000000000000000000000000000000000000000000000000000000000000000000000000000000000000000000000000000000000000000000000000000000000000000000000000000000000000000000000000000000
00000000000000000000000000000000000000000000000000000000000000000000000000000000000000000000000000000000000000000000000000000000000000000000000000000000000000000000000000000000000000000000000000000000
00000000000000000000000000000000000000000000000000000000000000000000000000000000000000000000000000000000000000000000000000000000000000000000000000000000000000000000000000000000000000000000000000000000
00000000000000000000000000000000000000000000000000000000000000000000000000000000000000000000000000000000000000000000000000000000000000000000000000000000000000000000000000000000000000000000000000000000
00000000000000000000000000000000000000000000000000000000000000000000000000000000000000000000000000000000000000000000000000000000000000000000000000000000000000000000000000000000000000000000000000000000
00000000000000000000000000000000000000000000000000000000000000000000000000000000000000000000000000000000000000000000000000000000000000000000000000000000000000000000000000000000000000000000000000000000
00000000000000000000000000000000000000000000000000000000000000000000000000000000000000000000000000000000000000000000000001110100100001010000000000000000000000000000000000000000000000000000000000000000
00000000000000000000000000000000000000000000000000000000000000000000000000000000000000000000000000000000000000000000000000000110101100000000000000000000000000000000000000000000000000000000000000000000
00000000000000000000000000000000000000000000000000000000000000000000000000000000000000000000000000000000000000000000000010111010010011110000000000000000000000000000000000000000000000000000000000000000
00000000000000000000000000000000000000000000000000000000000000000000000000000000000000000000000000000000000000000000000000000101101001010000000000000000000000000000000000000000000000000000000000000000
00000000000000000000000000000000000000000000000000000000000000000000000000000000000000000000000000000000000000000000000010010011110100100000000000000000000000000000000000000000000000000000000000000000
00000000000000000000000000000000000000000000000000000000000000000000000000000000000000000000000000000000000000000000000000000011111100000000000000000000000000000000000000000000000000000000000000000000
00000000000000000000000000000000000000000000000000000000000000000000000000000000000000000000000000000000000000000000000010101111110011010000000000000000000000000000000000000000000000000000000000000000
00000000000000000000000000000000000000000000000000000000000000000000000000000000000000000000000000000000000000000000000001011110111010100000000000000000000000000000000000000000000000000000000000000000
00000000000000000000000000000000000000000000000000000000000000000000000000000000000000000000000000000000101001001010010011111010111110100000000000000000000000000000000000000000000000000000000000000000
00000000000000000000000000000000000000000000000000000000000000000000000000000000000000000000000000000000010110010011000001111100111100010000000000000000000000000000000000000000000000000000000000000000
00000000000000000000000000000000000000000000000000000000000000000000000000000000000000000000000000000000101001101100011111111000111011100000000000000000000000000000000000000000000000000000000000000000
00000000000000000000000000000000000000000000000000000000000000000000000000000000000000000000000000000000101100010010111111000011111100110000000000000000000000000000000000000000000000000000000000000000
00000000000000000000000000000000000000000000000000000000000000000000000000000000000000000000000000000000010010010011110100101000011101010000000000000000000000000000000000000000000000000000000000000000
00000000000000000000000000000000000000000000000000000000000000000000000000000000000000000000000000000000010100101111010001000110011111100000000000000000000000000000000000000000000000000000000000000000
00000000000000000000000000000000000000000000000000000000000000000000000000000000000000000000000000000000101010111110100101011100111110010000000000000000000000000000000000000000000000000000000000000000
00000000000000000000000000000000000000000000000000000000000000000000000000000000000000000000000000000000010111111111010010100011101111000000000000000000000000000000000000000000000000000000000000000000
00000000000000000000000000000000000000000000000000000000000000000000000000000000000000000000000001001001101111000000000000000000010110100000000000000000000000000000000000000000000000000000000000000000
00000000000000000000000000000000000000000000000000000000000000000000000000000000000000000000000001001011011100010000000000000000001110100000000000000000000000000000000000000000000000000000000000000000
00000000000000000000000000000000000000000000000000000000000000000000000000000000000000000000000011110100111110100000000000000000001110100000000000000000000000000000000000000000000000000000000000000000
00000000000000000000000000000000000000000000000000000000000000000000000000000000000000000000000000010101110000010000000000000000101110010000000000000000000000000000000000000000000000000000000000000000
00000000000000000000000000000000000000000000000000000000000000000000000000000000000000000000000001100011101001000000000000000000011111100000000000000000000000000000000000000000000000000000000000000000
00000000000000000000000000000000000000000000000000000000000000000000000000000000000000000000000010010111100110110000000000000000110110010000000000000000000000000000000000000000000000000000000000000000
00000000000000000000000000000000000000000000000000000000000000000000000000000000000000000000000000011111011000000000000000000000101111110000000000000000000000000000000000000000000000000000000000000000
00000000000000000000000000000000000000000000000000000000000000000000000000000000000000000000000001111001100101010000000000000000010011000000000000000000000000000000000000000000000000000000000000000000
00000000000000000000000000000000000000000000000000000000000000000000000000000000100101010100010011110010000000000000000000000000001111100000000000000000000000000000000000000000000000000000000000000000
00000000000000000000000000000000000000000000000000000000000000000000000000000000010101101011101111000101000000000000000000000000110011110000000000000000000000000000000000000000000000000000000000000000
00000000000000000000000000000000000000000000000000000000000000000000000000000000100111100110111100101010000000000000000000000000000101100000000000000000000000000000000000000000000000000000000000000000
00000000000000000000000000000000000000000000000000000000000000000000000000000000101001000101111101010100000000000000000000000000001001110000000000000000000000000000000000000000000000000000000000000000
00000000000000000000000000000000000000000000000000000000000000000000000000000000011010011111100010100001000000000000000000000000110100110000000000000000000000000000000000000000000000000000000000000000
00000000000000000000000000000000000000000000000000000000000000000000000000000000010101101111011100111111000000000000000000000000010011110000000000000000000000000000000000000000000000000000000000000000
00000000000000000000000000000000000000000000000000000000000000000000000000000000101010111101001001000001000000000000000000000000101110110000000000000000000000000000000000000000000000000000000000000000
00000000000000000000000000000000000000000000000000000000000000000000000000000000010001110100110010010010000000000000000000000000100101110000000000000000000000000000000000000000000000000000000000000000
00000000000000000000000000000000000000000000000000000000000000000000000001000001011011110000000000000000000000000000000000000000000010111011000000000000000000000000000000000000000000000000000000000000
00000000000000000000000000000000000000000000000000000000000000000000000001001100011111100000000000000000000000000000000000000000100011011100111100000000000000000000000000000000000000000000000000000000
00000000000000000000000000000000000000000000000000000000000000000000000011010111111100000000000000000000000000000000000000000000101100111101100000000000000000000000000000000000000000000000000000000000
00000000000000000000000000000000000000000000000000000000000000000000000000111001111110010000000000000000000000000000000000000000011010001110101000000000000000000000000000000000000000000000000000000000
00000000000000000000000000000000000000000000000000000000000000000000000001001011110101010000000000000000000000000000000000000000000011011100111100000000000000000000000000000000000000000000000000000000
00000000000000000000000000000000000000000000000000000000000000000000000000101111100010100000000000000000000000000000000000000000011010111111010000000000000000000000000000000000000000000000000000000000
00000000000000000000000000000000000000000000000000000000000000000000000011011101010011010000000000000000000000000000000000000000000101101100101000000000000000000000000000000000000000000000000000000000
00000000000000000000000000000000000000000000000000000000000000000000000001111010101100100000000000000000000000000000000000000000101011011110000000000000000000000000000000000000000000000000000000000000
00000000000000000000000000000000000000000000000000000000000000000110010111111000000000000000000000000000000000000000000000000000000000001100001000000000000000000000000000000000000000000000000000000000
00000000000000000000000000000000000000000000000000000000000000001100110111000111000000000000000000000000000000000000000000000000000000001111000000000000000000000000000000000000000000000000000000000000
00000000000000000000000000000000000000000000000000000000000000000011001110111000000000000000000000000000000000000000000000000000000000001110010100000000000000000000000000000000000000000000000000000000
00000000000000000000000000000000000000000000000000000000000000001101011110100111000000000000000000000000000000000000000000000000000000001110100100000000000000000000000000000000000000000000000000000000
00000000000000000000000000000000000000000000000000000000000000000000111001010101000000000000000000000000000000000000000000000000000000000111001000000000000000000000000000000000000000000000000000000000
00000000000000000000000000000000000000000000000000000000000000001111110100001000000000000000000000000000000000000000000000000000000000000111000100000000000000000000000000000000000000000000000000000000
00000000000000000000000000000000000000000000000000000000000000001111001101111011000000000000000000000000000000000000000000000000000000001111001000000000000000000000000000000000000000000000000000000000
00000000000000000000000000000000000000000000000000000000000000001110101010010000000000000000000000000000000000000000000000000000000000000011010000000000000000000000000000000000000000000000000000000000
00000000000000000000000000000000000000000000000010010100000010111110001000000000000000000000000000000000000000000000000000000000000000000011100100000000000000000000000000000000000000000000000000000000
00000000000000000000000000000000000000000000000001100101010001110110100100000000000000000000000000000000000000000000000000000000000000001011011000000000000000000000000000000000000000000000000000000000
00000000000000000000000000000000000000000000000010110010101111101100100000000000000000000000000000000000000000000000000000000000000000000011101000000000000000000000000000000000000000000000000000000000
00000000000000000000000000000000000000000000000001001110001110011010010100000000000000000000000000000000000000000000000000000000000000001001101100000000000000000000000000000000000000000000000000000000
00000000000000000000000000000000000000000000000000010000111101000001101000000000000000000000000000000000000000000000000000000000000000000101110000000000000000000000000000000000000000000000000000000000
00000000000000000000000000000000000000000000000010110101110100011100010100000000000000000000000000000000000000000000000000000000000000001011101000000000000000000000000000000000000000000000000000000000
00000000000000000000000000000000000000000000000001011011111010000010101000000000000000000000000000000000000000000000000000000000000000000101110100000000000000000000000000000000000000000000000000000000
00000000000000000000000000000000000000000000000001101111100001010100000100000000000000000000000000000000000000000000000000000000000000000100110000000000000000000000000000000000000000000000000000000000
00000000000000000000000000000000000000000010100110001110000000000000000000000000000000000000000000000000000000000000000000000000000000000010110100000000000000000000000000000000000000000000000000000000
00000000000000000000000000000000000000000101010001111100000000000000000000000000000000000000000000000000000000000000000000000000000000000100111000000000000000000000000000000000000000000000000000000000
00000000000000000000000000000000000000000010110010111111000000000000000000000000000000000000000000000000000000000000000000000000000000001010011100000000000000000000000000000000000000000000000000000000
00000000000000000000000000000000000000001001010001110000000000000000000000000000000000000000000000000000000000000000000000000000000000001011011000000000000000000000000000000000000000000000000000000000
00000000000000000000000000000000000000000111010011111011000000000000000000000000000000000000000000000000000000000000000000000000000000000100111000000000000000000000000000000000000000000000000000000000
00000000000000000000000000000000000000000100100011100100000000000000000000000000000000000000000000000000000000000000000000000000000000001101011100000000000000000000000000000000000000000000000000000000
00000000000000000000000000000000000000001010001111000001000000000000000000000000000000000000000000000000000000000000000000000000000000000010101100000000000000000000000000000000000000000000000000000000
00000000000000000000000000000000000000000001110111011010000000000000000000000000000000000000000000000000000000000000000000000000000000000101011100000000000000000000000000000000000000000000000000000000
00000000000000000000000000000000000000000010101110000000000000000000000000000000000000000000000000000000000000000000000000000000000000000110101111011011000000000000000000000000000000000000000000000000
00000000000000000000000000000000000000001010010110000011000000000000000000000000000000000000000000000000000000000000000000000000000000000010010110100100000000000000000000000000000000000000000000000000
00000000000000000000000000000000000000000011101111001000000000000000000000000000000000000000000000000000000000000000000000000000000000001011011110001001000000000000000000000000000000000000000000000000
00000000000000000000000000000000000000000011001110111010000000000000000000000000000000000000000000000000000000000000000000000000000000000110010111011110000000000000000000000000000000000000000000000000
00000000000000000000000000000000000000001010011101000100000000000000000000000000000000000000000000000000000000000000000000000000000000000111101110100110000000000000000000000000000000000000000000000000
00000000000000000000000000000000000000000101111110110010000000000000000000000000000000000000000000000000000000000000000000000000000000001001000111101101000000000000000000000000000000000000000000000000
00000000000000000000000000000000000000001011101001010000000000000000000000000000000000000000000000000000000000000000000000000000000000000010010110100100000000000000000000000000000000000000000000000000
00000000000000000000000000000000000000000111010101000010000000000000000000000000000000000000000000000000000000000000000000000000000000001100101111010110000000000000000000000000000000000000000000000000
00000000000000000000000010100110010100101111011000000000000000000000000000000000000000000000000000000000000000000000000000000000000000000000000011000100000000000000000000000000000000000000000000000000
00000000000000000000000000011001101010111101101000000000000000000000000000000000000000000000000000000000000000000000000000000000000000000000000011000100000000000000000000000000000000000000000000000000
00000000000000000000000010100110101011111010110100000000000000000000000000000000000000000000000000000000000000000000000000000000000000000000000011000100000000000000000000000000000000000000000000000000
00000000000000000000000001011010001001111000100000000000000000000000000000000000000000000000000000000000000000000000000000000000000000000000000011000100000000000000000000000000000000000000000000000000
00000000000000000000000010010101110111100111000000000000000000000000000000000000000000000000000000000000000000000000000000000000000000000000000011000100000000000000000000000000000000000000000000000000
00000000000000000000000011101001011111100100110100000000000000000000000000000000000000000000000000000000000000000000000000000000000000000000000011000100000000000000000000000000000000000000000000000000
00000000000000000000000010010110111111011110011000000000000000000000000000000000000000000000000000000000000000000000000000000000000000000000000011000100000000000000000000000000000000000000000000000000
00000000000000000000000001001001110010000010100100000000000000000000000000000000000000000000000000000000000000000000000000000000000000000000000011000100000000000000000000000000000000000000000000000000
00000000000000000000000010010011100100100000000000000000000000000000000000000000000000000000000000000000000000000000000000000000000000000000000011001001000000000000000000000000000000000000000000000000
00000000000000000000000001001011011010010000000000000000000000000000000000000000000000000000000000000000000000000000000000000000000000000000000011110101000000000000000000000000000000000000000000000000
00000000000000000000000000100111100001110000000000000000000000000000000000000000000000000000000000000000000000000000000000000000000000000000000001100010000000000000000000000000000000000000000000000000
00000000000000000000000001001111101010010000000000000000000000000000000000000000000000000000000000000000000000000000000000000000000000000000000011111100000000000000000000000000000000000000000000000000
00000000000000000000000000010111010110100000000000000000000000000000000000000000000000000000000000000000000000000000000000000000000000000000000001100011000000000000000000000000000000000000000000000000
00000000000000000000000010101110011001010000000000000000000000000000000000000000000000000000000000000000000000000000000000000000000000000000000001111100000000000000000000000000000000000000000000000000
00000000000000000000000011011100100110000000000000000000000000000000000000000000000000000000000000000000000000000000000000000000000000000000000011110111000000000000000000000000000000000000000000000000
00000000000000000000000001011010011000010000000000000000000000000000000000000000000000000000000000000000000000000000000000000000000000000000000001110010000000000000000000000000000000000000000000000000
00000000000000001011011010110110000000000000000000000000000000000000000000000000000000000000000000000000000000000000000000000000000000000000000001101010000000000000001100000000000000000000000000000000
00000000000000001010001001111001000000000000000000000000000000000000000000000000000000000000000000000000000000000000000000000000000000000000000001110101000000000000001100000000000000000000000000000000
00000000000000000100000111110000000000000000000000000000000000000000000000000000000000000000000000000000000000000000000000000000000000000000000010111001000000000000001100000000000000000000000000000000
00000000000000001011010111001010000000000000000000000000000000000000000000000000000000000000000000000000000000000000000000000000000000000000000001110110000000000000001100000000000000000000000000000000
00000000000000000101100110111000000000000000000000000000000000000000000000000000000000000000000000000000000000000000000000000000000000000000000001110100000000000000001100000000000000000000000000000000
00000000000000001101011111000110000000000000000000000000000000000000000000000000000000000000000000000000000000000000000000000000000000000000000010110010000000000000011100000000000000000000000000000000
00000000000000001010001100110101000000000000000000000000000000000000000000000000000000000000000000000000000000000000000000000000000000000000000000110100000000000000011100000000000000000000000000000000
00000000000000000110111100000010000000000000000000000000000000000000000000000000000000000000000000000000000000000000000000000000000000000000000001111001000000000000011100000000000000000000000000000000
00000000101001101000111000000000000000000000000000000000000000000000000000000000000000000000000000000000000000000000000000000000000000000000000001110000000000000000001100000000000000000000000000000000
00000000000110010101111000000000000000000000000000000000000000000000000000000000000000000000000000000000000000000000000000000000000000000000000001110000000000000000001100000000000000000000000000000000
00000000101001100011111000000000000000000000000000000000000000000000000000000000000000000000000000000000000000000000000000000000000000000000000001110000000000000000001100000000000000000000000000000000
00000000010110101111011000000000000000000000000000000000000000000000000000000000000000000000000000000000000000000000000000000000000000000000000001110000000000000000001100000000000000000000000000000000
00000000100101011111111100000000000000000000000000000000000000000000000000000000000000000000000000000000000000000000000000000000000000000000000001110000000000000000001100000000000000000000000000000000
00000000111010011100010000000000000000000000000000000000000000000000000000000000000000000000000000000000000000000000000000000000000000000000000001110000000000000000001100000000000000000000000000000000
00000000100101101101100100000000000000000000000000000000000000000000000000000000000000000000000000000000000000000000000000000000000000000000000001110000000000000000001100000000000000000000000000000000
00000000010010011100101000000000000000000000000000000000000000000000000000000000000000000000000000000000000000000000000000000000000000000000000001110000000000000000001100000000000000000000000000000000
01000010101000111010011000000000101010010001010101011000100100000110011000000000000000000000000000000000000000000000000000000000001010000000000000110110000000000000001100000000000000000000000000000000
10000101001111110101100100000000010101100011000000100110000110101011101011111111111111111111111111111111111111111111111111111111011001111111111111110101000000000000001100000000000000000000000000000000
00110100010111111010010100000000100011010100110110000101011000100110111111111111111111111111111111111111111111111111111111111111111111111111111111110010000000000000001100000000000000000000000000000000
11001001001110110100101000000000010110110101101000000010010010011011111111111111111111111111111111111111111111111111111111111111111111100000000001011110000000000000001100000000000000000000000000000000
00011001111101101101010100000000101000101011001101101110001010111111110100000000000000000000000000000000000000000000000000000000101011100000000001000101000000000000001100000000000000000000000000000000
01100010111010010110001100000000110001010000000000001001111111111100001000000000000000000000000000000000000000000000000000000000011000010000000000111010000000000000001100000000000000000000000000000000
10100101110101110001011000000000001010000111111111111111111111100111100100000000000000000000000000000000000000000000000000000000010001100000000010000010000000000000001100000000000000000000000000000000
01010011100010000110101000000000010001111111111111111111111000001100001000000000000000000000000000000000000000000000000000000000000100010000000001001100000000000000001100000000000000000000000000000000
10100111000000000000000000000000001111111110001000000000000000000000000000000000000000000000000000000000000000000000000000000000000000000000000000000000000000000000011100000000000000000000000000000000
01011111111111111111111111111111111110000001010000000000000000000000000000000000000000000000000000000000000000000000000000000000000000000000000000000000000000000000000100000000000000000000000000000000
10100111111111111111111111111111110110111010001100000000000000000000000000000000000000000000000000000000000000000000000000000000000000000000000000000000000000000000000000000000000000000000000000000000
00101101000000000011110000000000101001000100010100000000000000000000000000000000000000000000000000000000000000000000000000000000000000000000000000000000000000000000001100000000000000000000000000000000
11000100000000000000000000000000010101001101101000000000000000000000000000000000000000000000000000000000000000001111111100000000000000000000000000000000000000001111111100000000000000000000000000000000
01011101000000000011110000000000001010111011000100000000000000000000000000000000000000000000000000000000000000001111111100000000000000000000000000000000000000001111111100000000000000000000000000000000
00110010000000001111111100000000011001100110101000000000000000000000000000000000000000000000000000000000000000000001111100000000000000000000000000000000000000001111111100000000000000000000000000000000
10000101000000000011110000000000100110111001010100000000000000000000000000000000000000000000000000000000000000000000111100000000000000000000000000000000000000001111111100000000000000000000000000000000
00000000000000000000000000000000000000000000000000000000000000000000000000000000000000000000000000000000000000000000000000000000000000000000000000000000000000000000000000000000000000000000000000000000
00000000000000000000000000000000000000000000000000000000000000000000000000000000000000000000000000000000000000000000000000000000000000000000000000000000000000000000000000000000000000000000000000000000
00000000000000000000000000000000000000000000000000000000000000000000000000000000000000000000000000000000000000000000000000000000000000000000000000000000000000000000000000000000000000000000000000000000
00000000000000000000000000000000000000000000000000000000000000000000000000000000000000000000000000000000000000000000000000000000000000000000000000000000000000000000000000000000000000000000000000000000
00000000000000000000000000000000000000000000000000000000000000000000000000000000000000000000000000000000000000000000000000000000000000000000000000000000000000000000000000000000000000000000000000000000
00000000000000000000000000000000000000000000000000000000000000000000000000000000000000000000000000000000000000000000000000000000000000000000000000000000000000000000000000000000000000000000000000000000
00000000000000000000000000000000000000000000000000000000000000000000000000000000000000000000000000000000000000000000000000000000000000000000000000000000000000000000000000000000000000000000000000000000
00000000000000000000000000000000000000000000000000000000000000000000000000000000000000000000000000000000000000000000000000000000000000000000000000000000000000000000000000000000000000000000000000000000
00000000000000000000000000000000000000000000000000000000000000000000000000000000000000000000000000000000000000000000000000000000000000000000000000000000000000000000000000000000000000000000000000000000
00000000000000000000000000000000000000000000000000000000000000000000000000000000000000000000000000000000000000000000000000000000000000000000000000000000000000000000000000000000000000000000000000000000
00000000000000000000000000000000000000000000000000000000000000000000000000000000000000000000000000000000000000000000000000000000000000000000000000000000000000000000000000000000000000000000000000000000
00000000000000000000000000000000000000000000000000000000000000000000000000000000000000000000000000000000000000000000000000000000000000000000000000000000000000000000000000000000000000000000000000000000
00000000000000000000000000000000000000000000000000000000000000000000000000000000000000000000000000000000000000000000000000000000000000000000000000000000000000000000000000000000000000000000000000000000
00000000000000000000000000000000000000000000000000000000000000000000000000000000000000000000000000000000000000000000000000000000000000000000000000000000000000000000000000000000000000000000000000000000
00000000000000000000000000000000000000000000000000000000000000000000000000000000000000000000000000000000000000000000000000000000000000000000000000000000000000000000000000000000000000000000000000000000
00000000000000000000000000000000000000000000000000000000000000000000000000000000000000000000000000000000000000000000000000000000000000000000000000000000000000000000000000000000000000000000000000000000
00000000000000000000000000000000000000000000000000000000000000000000000000000000000000000000000000000000000000000000000000000000000000000000000000000000000000000000000000000000000000000000000000000000
00000000000000000000000000000000000000000000000000000000000000000000000000000000000000000000000000000000000000000000000000000000000000000000000000000000000000000000000000000000000000000000000000000000
00000000000000000000000000000000000000000000000000000000000000000000000000000000000000000000000000000000000000000000000000000000000000000000000000000000000000000000000000000000000000000000000000000000
00000000000000000000000000000000000000000000000000000000000000000000000000000000000000000000000000000000000000000000000000000000000000000000000000000000000000000000000000000000000000000000000000000000
00000000000000000000000000000000000000000000000000000000000000000000000000000000000000000000000000000000000000000000000000000000000000000000000000000000000000000000000000000000000000000000000000000000
00000000000000000000000000000000000000000000000000000000000000000000000000000000000000000000000000000000000000000000000000000000000000000000000000000000000000000000000000000000000000000000000000000000
00000000000000000000000000000000000000000000000000000000000000000000000000000000000000000000000000000000000000000000000000000000000000000000000000000000000000000000000000000000000000000000000000000000
00000000000000000000000000000000000000000000000000000000000000000000000000000000000000000000000000000000000000000000000000000000000000000000000000000000000000000000000000000000000000000000000000000000
00000000000000000000000000000000000000000000000000000000000000000000000000000000000000000000000000000000000000000000000000000000000000000000000000000000000000000000000000000000000000000000000000000000
00000000000000000000000000000000000000000000000000000000000000000000000000000000000000000000000000000000000000000000000000000000000000000000000000000000000000000000000000000000000000000000000000000000
00000000000000000000000000000000000000000000000000000000000000000000000000000000000000000000000000000000000000000000000000000000000000000000000000000000000000000000000000000000000000000000000000000000
00000000000000000000000000000000000000000000000000000000000000000000000000000000000000000000000000000000000000000000000000000000000000000000000000000000000000000000000000000000000000000000000000000000
00000000000000000000000000000000000000000000000000000000000000000000000000000000000000000000000000000000000000000000000000000000000000000000000000000000000000000000000000000000000000000000000000000000
00000000000000000000000000000000000000000000000000000000000000000000000000000000000000000000000000000000000000000000000000000000000000000000000000000000000000000000000000000000000000000000000000000000
00000000000000000000000000000000000000000000000000000000000000000000000000000000000000000000000000000000000000000000000000000000000000000000000000000000000000000000000000000000000000000000000000000000
00000000000000000000000000000000000000000000000000000000000000000000000000000000000000000000000000000000000000000000000000000000000000000000000000000000000000000000000000000000000000000000000000000000
00000000000000000000000000000000000000000000000000000000000000000000000000000000000000000000000000000000000000000000000000000000000000000000000000000000000000000000000000000000000000000000000000000000
00000000000000000000000000000000000000000000000000000000000000000000000000000000000000000000000000000000000000000000000000000000000000000000000000000000000000000000000000000000000000000000000000000000
00000000000000000000000000000000000000000000000000000000000000000000000000000000000000000000000000000000000000000000000000000000000000000000000000000000000000000000000000000000000000000000000000000000
00000000000000000000000000000000000000000000000000000000000000000000000000000000000000000000000000000000000000000000000000000000000000000000000000000000000000000000000000000000000000000000000000000000
00000000000000000000000000000000000000000000000000000000000000000000000000000000000000000000000000000000000000000000000000000000000000000000000000000000000000000000000000000000000000000000000000000000
00000000000000000000000000000000000000000000000000000000000000000000000000000000000000000000000000000000000000000000000000000000000000000000000000000000000000000000000000000000000000000000000000000000
00000000000000000000000000000000000000000000000000000000000000000000000000000000000000000000000000000000000000000000000000000000000000000000000000000000000000000000000000000000000000000000000000000000
00000000000000000000000000000000000000000000000000000000000000000000000000000000000000000000000000000000000000000000000000000000000000000000000000000000000000000000000000000000000000000000000000000000
00000000000000000000000000000000000000000000000000000000000000000000000000000000000000000000000000000000000000000000000000000000000000000000000000000000000000000000000000000000000000000000000000000000
00000000000000000000000000000000000000000000000000000000000000000000000000000000000000000000000000000000000000000000000000000000000000000000000000000000000000000000000000000000000000000000000000000000
00000000000000000000000000000000000000000000000000000000000000000000000000000000000000000000000000000000000000000000000000000000000000000000000000000000000000000000000000000000000000000000000000000000
00000000000000000000000000000000000000000000000000000000000000000000000000000000000000000000000000000000000000000000000000000000000000000000000000000000000000000000000000000000000000000000000000000000
00000000000000000000000000000000000000000000000000000000000000000000000000000000000000000000000000000000000000000000000000000000000000000000000000000000000000000000000000000000000000000000000000000000
00000000000000000000000000000000000000000000000000000000000000000000000000000000000000000000000000000000000000000000000000000000000000000000000000000000000000000000000000000000000000000000000000000000
00000000000000000000000000000000000000000000000000000000000000000000000000000000000000000000000000000000000000000000000000000000000000000000000000000000000000000000000000000000000000000000000000000000
00000000000000000000000000000000000000000000000000000000000000000000000000000000000000000000000000000000000000000000000000000000000000000000000000000000000000000000000000000000000000000000000000000000
00000000000000000000000000000000000000000000000000000000000000000000000000000000000000000000000000000000000000000000000000000000000000000000000000000000000000000000000000000000000000000000000000000000
00000000000000000000000000000000000000000000000000000000000000000000000000000000000000000000000000000000000000000000000000000000000000000000000000000000000000000000000000000000000000000000000000000000
00000000000000000000000000000000000000000000000000000000000000000000000000000000000000000000000000000000000000000000000000000000000000000000000000000000000000000000000000000000000000000000000000000000
00000000000000000000000000000000000000000000000000000000000000000000000000000000000000000000000000000000000000000000000000000000000000000000000000000000000000000000000000000000000000000000000000000000
00000000000000000000000000000000000000000000000000000000000000000000000000000000000000000000000000000000000000000000000000000000000000000000000000000000000000000000000000000000000000000000000000000000
00000000000000000000000000000000000000000000000000000000000000000000000000000000000000000000000000000000000000000000000000000000000000000000000000000000000000000000000000000000000000000000000000000000
00000000000000000000000000000000000000000000000000000000000000000000000000000000000000000000000000000000000000000000000000000000000000000000000000000000000000000000000000000000000000000000000000000000
00000000000000000000000000000000000000000000000000000000000000000000000000000000000000000000000000000000000000000000000000000000000000000000000000000000000000000000000000000000000000000000000000000000
