200 200
00000000000000000000000000000000000000000000000000000000000000000000000000000000000000000000000000000000000000000000000000000000000000000000000000000000000000000000000000000000000000000000000000000000
00000000000000000000000000000000000000000000000000000000000000000000000000000000000000000000000000000000000000000000000000000000000000000000000000000000000000000000000000000000000000000000000000000000
00000000000000000000000000000000000000000000000000000000000000000000000000000000000000000000000000000000000000000000000000000000000000000000000000000000000000000000000000000000000000000000000000000000
00000000000000000000000000000000000000000000000000000000000000000000000000000000000000000000000000000000000000000000000000000000000000000000000000000000000000000000000000000000000000000000000000000000
00000000000000000000000000000000000000000000000000000000000000000000000000000000000000000000000000000000000000000000000000000000000000000000000000000000000000000000000000000000000000000000000000000000
00000000000000000000000000000000000000000000000000000000000000000000000000000000000000000000000000000000000000000000000000000000000000000000000000000000000000000000000000000000000000000000000000000000
00000000000000000000000000000000000000000000000000000000000000000000000000000000000000000000000000000000000000000000000000000000000000000000000000000000000000000000000000000000000000000000000000000000
00000000000000000000000000000000000000000000000000000000000000000000000000000000000000000000000000000000000000000000000000000000000000000000000000000000000000000000000000000000000000000000000000000000
00000000000000000000000000000000000000000000000000000000000000000000000000000000000000000000000000000000000000000000000000000000000000000000000000000000000000000000000000000000000000000000000000000000
00000000000000000000000000000000000000000000000000000000000000000000000000000000000000000000000000000000000000000000000000000000000000000000000000000000000000000000000000000000000000000000000000000000
00000000000000000000000000000000000000000000000000000000000000000000000000000000000000000000000000000000000000000000000000000000000000000000000000000000000000000000000000000000000000000000000000000000
00000000000000000000000000000000000000000000000000000000000000000000000000000000000000000000000000000000000000000000000000000000000000000000000000000000000000000000000000000000000000000000000000000000
00000000000000000000000000000000000000000000000000000000000000000000000000000000000000000000000000000000000000000000000000000000000000000000000000000000000000000000000000000000000000000000000000000000
00000000000000000000000000000000000000000000000000000000000000000000000000000000000000000000000000000000000000000000000000000000000000000000000000000000000000000000000000000000000000000000000000000000
00000000000000000000000000000000000000000000000000000000000000000000000000000000000000000000000000000000000000000000000000000000000000000000000000000000000000000000000000000000000000000000000000000000
00000000000000000000000000000000000000000000000000000000000000000000000000000000000000000000000000000000000000000000000000000000000000000000000000000000000000000000000000000000000000000000000000000000
00000000000000000000000000000000000000000000000000000000000000000000000000000000000000000000000000000000000000000000000000000000000000000000000000000000000000000000000000000000000000000000000000000000
00000000000000000000000000000000000000000000000000000000000000000000000000000000000000000000000000000000000000000000000000000000000000000000000000000000000000000000000000000000000000000000000000000000
00000000000000000000000000000000000000000000000000000000000000000000000000000000000000000000000000000000000000000000000000000000000000000000000000000000000000000000000000000000000000000000000000000000
00000000000000000000000000000000000000000000000000000000000000000000000000000000000000000000000000000000000000000000000000000000000000000000000000000000000000000000000000000000000000000000000000000000
00000000000000000000000000000000000000000000000000000000000000000000000000000000000000000000000000000000000000000000000000000000000000000000000000000000000000000000000000000000000000000000000000000000
00000000000000000000000000000000000000000000000000000000000000000000000000000000000000000000000000000000000000000000000000000000000000000000000000000000000000000000000000000000000000000000000000000000
00000000000000000000000000000000000000000000000000000000000000000000000000000000000000000000000000000000000000000000000000000000000000000000000000000000000000000000000000000000000000000000000000000000
00000000000000000000000000000000000000000000000000000000000000000000000000000000000000000000000000000000000000000000000000000000000000000000000000000000000000000000000000000000000000000000000000000000
00000000000000000000000000000000000000000000000000000000000000000000000000000000000000000000000000000000000000000000000000000000000000000000000000000000000000000000000000000000000000000000000000000000
00000000000000000000000000000000000000000000000000000000000000000000000000000000000000000000000000000000000000000000000000000000000000000000000000000000000000000000000000000000000000000000000000000000
00000000000000000000000000000000000000000000000000000000000000000000000000000000000000000000000000000000000000000000000000000000000000000000000000000000000000000000000000000000000000000000000000000000
00000000000000000000000000000000000000000000000000000000000000000000000000000000000000000000000000000000000000000000000000000000000000000000000000000000000000000000000000000000000000000000000000000000
00000000000000000000000000000000000000000000000000000000000000000000000000000000000000000000000000000000000000000000000000000000000000000000000000000000000000000000000000000000000000000000000000000000
00000000000000000000000000000000000000000000000000000000000000000000000000000000000000000000000000000000000000000000000000000000000000000000000000000000000000000000000000000000000000000000000000000000
00000000000000000000000000000000000000000000000000000000000000000000000000000000000000000000000000000000000000000000000000000000000000000000000000000000000000000000000000000000000000000000000000000000
00000000000000000000000000000000000000000000000000000000000000000000000000000000000000000000000000000000000000000000000000000000000000000000000000000000000000000000000000000000000000000000000000000000
00000000000000000000000000000000000000000000000000000000000000000000000000000000000000000000000000000000000000000000000000000000000000000000000000000000000000000000000000000000000000000000000000000000
00000000000000000000000000000000000000000000000000000000000000000000000000000000000000000000000000000000000000000000000000000000000000000000000000000000000000000000000000000000000000000000000000000000
00000000000000000000000000000000000000000000000000000000000000000000000000000000000000000000000000000000000000000000000000000000000000000000000000000000000000000000000000000000000000000000000000000000
00000000000000000000000000000000000000000000000000000000000000000000000000000000000000000000000000000000000000000000000000000000000000000000000000000000000000000000000000000000000000000000000000000000
00000000000000000000000000000000000000000000000000000000000000000000000000000000000000000000000000000000000000000000000000000000000000000000000000000000000000000000000000000000000000000000000000000000
00000000000000000000000000000000000000000000000000000000000000000000000000000000000000000000000000000000000000000000000000000000000000000000000000000000000000000000000000000000000000000000000000000000
00000000000000000000000000000000000000000000000000000000000000000000000000000000000000000000000000000000000000000000000000000000000000000000000000000000000000000000000000000000000000000000000000000000
00000000000000000000000000000000000000000000000000000000000000000000000000000000000000000000000000000000000000000000000000000000000000000000000000000000000000000000000000000000000000000000000000000000
00000000000000000000000000000000000000000000000000000000000000000000000000000000000000000000000011101100010110100000000000000000000000000000000000000000000000000000000000000000000000000000000000000000
00000000000000000000000000000000000000000000000000000000000000000000000000000000000000000000000000010000110001010000000000000000000000000000000000000000000000000000000000000000000000000000000000000000
00000000000000000000000000000000000000000000000000000000000000000000000000000000000000000000000001001001001110000000000000000000000000000000000000000000000000000000000000000000000000000000000000000000
00000000000000000000000000000000000000000000000000000000000000000000000000000000000000000000000000111010101101110000000000000000000000000000000000000000000000000000000000000000000000000000000000000000
00000000000000000000000000000000000000000000000000000000000000000000000000000000000000000000000010010111111100100000000000000000000000000000000000000000000000000000000000000000000000000000000000000000
00000000000000000000000000000000000000000000000000000000000000000000000000000000000000000000000000100111100010010000000000000000000000000000000000000000000000000000000000000000000000000000000000000000
00000000000000000000000000000000000000000000000000000000000000000000000000000000000000000000000000111110101101010000000000000000000000000000000000000000000000000000000000000000000000000000000000000000
00000000000000000000000000000000000000000000000000000000000000000000000000000000000000000000000010111010010110010000000000000000000000000000000000000000000000000000000000000000000000000000000000000000
00000000000000000000000000000000000000000000000000000000000000000000000000000000000000000011001001111001000000000000000000000000000000000000000000000000000000000000000000000000000000000000000000000000
00000000000000000000000000000000000000000000000000000000000000000000000000000000000000000000110111111001000000000000000000000000000000000000000000000000000000000000000000000000000000000000000000000000
00000000000000000000000000000000000000000000000000000000000000000000000000000000000000000010010111011110000000000000000000000000000000000000000000000000000000000000000000000000000000000000000000000000
00000000000000000000000000000000000000000000000000000000000000000000000000000000000000000101001111001111000000000000000000000000000000000000000000000000000000000000000000000000000000000000000000000000
00000000000000000000000000000000000000000000000000000000000000000000000000000000000000000000111110011111000000000000000000000000000000000000000000000000000000000000000000000000000000000000000000000000
00000000000000000000000000000000000000000000000000000000000000000000000000000000000000001011110101010111000000000000000000000000000000000000000000000000000000000000000000000000000000000000000000000000
00000000000000000000000000000000000000000000000000000000000000000000000000000000000000000101100010001011000000000000000000000000000000000000000000000000000000000000000000000000000000000000000000000000
00000000000000000000000000000000000000000000000000000000000000000000000000000000000000000111100000100111000000000000000000000000000000000000000000000000000000000000000000000000000000000000000000000000
00000000000000000000000000000000000000000000000000000000000000000000000000000000100101001011100011001011100100100000000000000000000000000000000000000000000000000000000000000000000000000000000000000000
00000000000000000000000000000000000000000000000000000000000000000000000000000000011001010111001000100111110110010000000000000000000000000000000000000000000000000000000000000000000000000000000000000000
00000000000000000000000000000000000000000000000000000000000000000000000000000000101100101111110110010011101001000000000000000000000000000000000000000000000000000000000000000000000000000000000000000000
00000000000000000000000000000000000000000000000000000000000000000000000000000000010011101110101001101111111010000000000000000000000000000000000000000000000000000000000000000000000000000000000000000000
00000000000000000000000000000000000000000000000000000000000000000000000000000000000100001111001000010011111101010000000000000000000000000000000000000000000000000000000000000000000000000000000000000000
00000000000000000000000000000000000000000000000000000000000000000000000000000000101101011010110010001110111100000000000000000000000000000000000000000000000000000000000000000000000000000000000000000000
00000000000000000000000000000000000000000000000000000000000000000000000000000000010110111001101000100001011111000000000000000000000000000000000000000000000000000000000000000000000000000000000000000000
00000000000000000000000000000000000000000000000000000000000000000000000000000000011011110100010011001010001110010000000000000000000000000000000000000000000000000000000000000000000000000000000000000000
00000000000000000000000000000000000000000000000000000000000000000000000000000000010101100000000000000000011111000010100100000000000000000000000000000000000000000000000000000000000000000000000000000000
00000000000000000000000000000000000000000000000000000000000000000000000000000000100011100000000000000000110111111010011000000000000000000000000000000000000000000000000000000000000000000000000000000000
00000000000000000000000000000000000000000000000000000000000000000000000000000000100111010000000000000000010011100100110100000000000000000000000000000000000000000000000000000000000000000000000000000000
00000000000000000000000000000000000000000000000000000000000000000000000000000000001111000000000000000000111001100111001000000000000000000000000000000000000000000000000000000000000000000000000000000000
00000000000000000000000000000000000000000000000000000000000000000000000000000000010110100000000000000000100101110000100000000000000000000000000000000000000000000000000000000000000000000000000000000000
00000000000000000000000000000000000000000000000000000000000000000000000000000000001111000000000000000000011010111010110100000000000000000000000000000000000000000000000000000000000000000000000000000000
00000000000000000000000000000000000000000000000000000000000000000000000000000000111100010000000000000000100001011101101000000000000000000000000000000000000000000000000000000000000000000000000000000000
00000000000000000000000000000000000000000000000000000000000000000000000000000000111011000000000000000000001100011111011000000000000000000000000000000000000000000000000000000000000000000000000000000000
00000000000000000000000000000000000000000000000000000000000000000000000001100101110110000000000000000000000000000111001001000001000000000000000000000000000000000000000000000000000000000000000000000000
00000000000000000000000000000000000000000000000000000000000000000000000000011011101001010000000000000000000000000011100100101010000000000000000000000000000000000000000000000000000000000000000000000000
00000000000000000000000000000000000000000000000000000000000000000000000001010111010000100000000000000000000000001011110011000101000000000000000000000000000000000000000000000000000000000000000000000000
00000000000000000000000000000000000000000000000000000000000000000000000010010110100110000000000000000000000000000010111100011010000000000000000000000000000000000000000000000000000000000000000000000000
00000000000000000000000000000000000000000000000000000000000000000000000000100111100100110000000000000000000000001001111110100101000000000000000000000000000000000000000000000000000000000000000000000000
00000000000000000000000000000000000000000000000000000000000000000000000001101100001011000000000000000000000000000100011011001000000000000000000000000000000000000000000000000000000000000000000000000000
00000000000000000000000000000000000000000000000000000000000000000000000000011110101000010000000000000000000000001011011101101001000000000000000000000000000000000000000000000000000000000000000000000000
00000000000000000000000000000000000000000000000000000000000000000000000010111110010001100000000000000000000000000100111111100010000000000000000000000000000000000000000000000000000000000000000000000000
00000000000000000000000000000000000000000000000000000000000000001010011000011101000000000000000000000000000000000000000011110100011001010000000000000000000000000000000000000000000000000000000000000000
00000000000000000000000000000000000000000000000000000000000000000001100110111000000000000000000000000000000000000000000001110001100110000000000000000000000000000000000000000000000000000000000000000000
00000000000000000000000000000000000000000000000000000000000000001010011001111100000000000000000000000000000000000000000001111100011001010000000000000000000000000000000000000000000000000000000000000000
00000000000000000000000000000000000000000000000000000000000000000101101010110001000000000000000000000000000000000000000000111101010110100000000000000000000000000000000000000000000000000000000000000000
00000000000000000000000000000000000000000000000000000000000000001001010101111100000000000000000000000000000000000000000010011110101010010000000000000000000000000000000000000000000000000000000000000000
00000000000000000000000000000000000000000000000000000000000000001110100111100010000000000000000000000000000000000000000000101110100101110000000000000000000000000000000000000000000000000000000000000000
00000000000000000000000000000000000000000000000000000000000000001001011011011001000000000000000000000000000000000000000010001111011010010000000000000000000000000000000000000000000000000000000000000000
00000000000000000000000000000000000000000000000000000000000000000100100111100101000000000000000000000000000000000000000000110011100100100000000000000000000000000000000000000000000000000000000000000000
00000000000000000000000000000000000000000000000000000000000000001010111110010010000000000000000000000000000000000000000001001001110010100110010100000000000000000000000000000000000000000000000000000000
00000000000000000000000000000000000000000000000000000000000000000100101101101001000000000000000000000000000000000000000010010110111000011001100000000000000000000000000000000000000000000000000000000000
00000000000000000000000000000000000000000000000000000000000000001001011010000111000000000000000000000000000000000000000011100001011100100110010100000000000000000000000000000000000000000000000000000000
00000000000000000000000000000000000000000000000000000000000000000010111010101001000000000000000000000000000000000000000010010101101111000101101000000000000000000000000000000000000000000000000000000000
00000000000000000000000000000000000000000000000000000000000000001101110101011010000000000000000000000000000000000000000001011010001111011010100100000000000000000000000000000000000000000000000000000000
00000000000000000000000000000000000000000000000000000000000000000011110101100101000000000000000000000000000000000000000010100110010011101001011100000000000000000000000000000000000000000000000000000000
00000000000000000000000000000000000000000000000000000000000000001111101010011000000000000000000000000000000000000000000000011001100001110110100100000000000000000000000000000000000000000000000000000000
00000000000000000000000000000000000000000000000000000000000000000111110101100001000000000000000000000000000000000000000010000110010100111001001000000000000000000000000000000000000000000000000000000000
00000000000000000000000000000000000000000000000000000000100000010111010000000000000000000000000000000000000000000000000000000000010010011110000100000000000000000000000000000000000000000000000000000000
00000000000000000000000000000000000000000000000000000000001101101110010000000000000000000000000000000000000000000000000000000000100101101110010100000000000000000000000000000000000000000000000000000000
00000000000000000000000000000000000000000000000000000000100100011101001100000000000000000000000000000000000000000000000000000000111000011111001000000000000000000000000000000000000000000000000000000000
00000000000000000000000000000000000000000000000000000000011010111100010100000000000000000000000000000000000000000000000000000000100101010111110000000000000000000000000000000000000000000000000000000000
00000000000000000000000000000000000000000000000000000000100001111010010000000000000000000000000000000000000000000000000000000000010110101111101100000000000000000000000000000000000000000000000000000000
00000000000000000000000000000000000000000000000000000000011101110001110000000000000000000000000000000000000000000000000000000000101001100001110000000000000000000000000000000000000000000000000000000000
00000000000000000000000000000000000000000000000000000000101011100100001100000000000000000000000000000000000000000000000000000000000110011010111000000000000000000000000000000000000000000000000000000000
00000000000000000000000000000000000000000000000000000000010011011000110000000000000000000000000000000000000000000000000000000000100001100101111100000000000000000000000000000000000000000000000000000000
00000000000000000000000000000000000000000000000001000010001111000000000000000000000000000000000000000000000000000000000000000000000000000000101101001000000000000000000000000000000000000000000000000000
00000000000000000000000000000000000000000000000010000101110111100000000000000000000000000000000000000000000000000000000000000000000000001000110110100110000000000000000000000000000000000000000000000000
00000000000000000000000000000000000000000000000000110100011110010000000000000000000000000000000000000000000000000000000000000000000000001011001111001100000000000000000000000000000000000000000000000000
00000000000000000000000000000000000000000000000011001001111101100000000000000000000000000000000000000000000000000000000000000000000000000110100011110011000000000000000000000000000000000000000000000000
00000000000000000000000000000000000000000000000000011001111110100000000000000000000000000000000000000000000000000000000000000000000000000000110101111100000000000000000000000000000000000000000000000000
00000000000000000000000000000000000000000000000001100010110100010000000000000000000000000000000000000000000000000000000000000000000000000110101111111010000000000000000000000000000000000000000000000000
00000000000000000000000000000000000000000000000010100101101010000000000000000000000000000000000000000000000000000000000000000000000000000001011000011101000000000000000000000000000000000000000000000000
00000000000000000000000000000000000000000000000001010011010101000000000000000000000000000000000000000000000000000000000000000000000000001010110111011110000000000000000000000000000000000000000000000000
00000000000000000000000000000000000000001001010010101111000000000000000000000000000000000000000000000000000000000000000000000000000000000000000001101111010100110000001100000000000000000000000000000000
00000000000000000000000000000000000000000110010101011110000000000000000000000000000000000000000000000000000000000000000000000000000000000000000001011011111011000000001100000000000000000000000000000000
00000000000000000000000000000000000000001011001010011101000000000000000000000000000000000000000000000000000000000000000000000000000000000000000010110101110010100000001100000000000000000000000000000000
00000000000000000000000000000000000000000100111000111111000000000000000000000000000000000000000000000000000000000000000000000000000000000000000000010001111001010000001100000000000000000000000000000000
00000000000000000000000000000000000000000001000011110100000000000000000000000000000000000000000000000000000000000000000000000000000000000000000000001110111010000000001100000000000000000000000000000000
00000000000000000000000000000000000000001011010111010111000000000000000000000000000000000000000000000000000000000000000000000000000000000000000010110010001101000000011100000000000000000000000000000000
00000000000000000000000000000000000000000101101111101000000000000000000000000000000000000000000000000000000000000000000000000000000000000000000001100111111110100000011100000000000000000000000000000000
00000000000000000000000000000000000000000110111110110101000000000000000000000000000000000000000000000000000000000000000000000000000000000000000010010100000111010000011100000000000000000000000000000000
00000000000000000000000000000000101001100010111000000000000000000000000000000000000000000000000000000000000000000000000000000000000000000000000000000000011011111010001000000000000000000000000000000000
00000000000000000000000000000000000110011100110100000000000000000000000000000000000000000000000000000000000000000000000000000000000000000000000000000000010110111100010100000000000000000000000000000000
00000000000000000000000000000000101001100111110000000000000000000000000000000000000000000000000000000000000000000000000000000000000000000000000000000000101101011110101000000000000000000000000000000000
00000000000000000000000000000000010110100001100100000000000000000000000000000000000000000000000000000000000000000000000000000000000000000000000000000000000100010111001100000000000000000000000000000000
00000000000000000000000000000000100101011011110000000000000000000000000000000000000000000000000000000000000000000000000000000000000000000000000000000000000011101011110100000000000000000000000000000000
00000000000000000000000000000000111010010111010100000000000000000000000000000000000000000000000000000000000000000000000000000000000000000000000000000000101100100011101000000000000000000000000000000000
00000000000000000000000000000000100101101110001000000000000000000000000000000000000000000000000000000000000000000000000000000000000000000000000000000000011001110101111100000000000000000000000000000000
00000000000000000000000000000000010010011101000100000000000000000000000000000000000000000000000000000000000000000000000000000000000000000000000000000000100101000101111100000000000000000000000000000000
00000000000000001110000000000000001001011011100000000000000000000000000000000000000000000000000000000000000000000000000000000000000000000000000000000000000000000100011110001101001100010000000000000000
00000000000000001110000000000000010010111100010100000000000000000000000000000000000000000000000000000000000000000000000000000000000000000000000000000000000000000101101111110100010101000000000000000000
00000000000000001110000000000000101110110001001000000000000000000000000000000000000000000000000000000000000000000000000000000000000000000000000000000000000000000101011011111001001111010000000000000000
00000000000000001110000000000000001011110010111000000000000000000000000000000000000000000000000000000000000000000000000000000000000000000000000000000000000000001010100101111110011000000000000000000000
00000000000000001110000000000000110111110010100100000000000000000000000000000000000000000000000000000000000000000000000000000000000000000000000000000000000000000010001000111100010101010000000000000000
00000000000000001110000000000000011011000011010000000000000000000000000000000000000000000000000000000000000000000000000000000000000000000000000000000000000000001011011010011111010010000000000000000000
00000000000000001110000000000000010111010010101000000000000000000000000000000000000000000000000000000000000000000000000000000000000000000000000000000000000000000001000100100111100000100000000000000000
00000000000000001110000000000000101110001001010000000000000000000000000000000000000000000000000000000000000000000000000000000000000000000000000000000000000000000100011000010101111011000000000000000000
00000000000000001110000000000000101110011011010000000000000000000000000000000000000000000000000000000000000000000000000000000000000000000000000000000000000000000000011100000000011100000010100100000000
00000000000000001110000000000000101111100100001100000000000000000000000000000000000000000000000000000000000000000000000000000000000000000000000000000000000000000000000100000000101111011010011000000000
00000000000000001110000000000000011100011011010000000000000000000000000000000000000000000000000000000000000000000000000000000000000000000000000000000000000000000000000000000000101111100100110100000000
00000000000000001111000000000000011001000000101000000000000000000000000000000000000000000000000000000000000000000000000000000000000000000000000000000000000000000000001100000000100111110111001000000000
00000000000000001111100000000000111001011011000100000000000000000000000000000000000000000000000000000000000000001111111100000000000000000000000000000000000000001111111100000000010100110000100000000000
00000000000000001111111100000000011111100001010000000000000000000000000000000000000000000000000000000000000000001111111100000000000000000000000000000000000000001111111100000000110001011010110100000000
00000000000000001111111100000000001111111110010100000000000000000000000000000000000000000000000000000000000000000001111100000000000000000000000000000000000000001111111100000000000110011101101000000000
00000000000000001111111100000000101010011111111000000000000000000000000000000000000000000000000000000000000000000000111100000000000000000000000000000000000000001111111100000000101100101111011000000000
00000000000000000000000000000000000000000001111111111001001001000100110001000000001001100000000001010110000000000000000000000000000000000000000000000000000000000000000000000000000000000111001001000110
00000000000000000000000000000000000000000110010111111111100100000100100000000010100010010000000010101001000000000000000000000000000000000000000000000000000000000000000000000000000000000011110000100001
00000000000000000000000000000000000000000001010010101111111110011011000001011101011110100000000001010010000000000000000000000000000000000000000000000000000000000000000000000000000000000101111110100100
00000000000000000000000000000000000000001010001001010101111111111110010000000000100011011111111110100100000000000000000000000000000000000000000000000000000000000000000000000000000000000110111110010010
00000000000000000000000000000000000000001100101100000000100101111111111110101010101100010000000001011101000000000000000000000000000000000000000000000000000000000000000000000000000000001011010111100001
00000000000000000000000000000000000000001010010010111010101000010111111111110101010101000000000000111010000000000000000000000000000000000000000000000000000000000000000000000000000000000010010101111010
00000000000000000000000000000000000000000100101101000000010010100010000111111111101100010000000001010101000000000000000000000000000000000000000000000000000000000000000000000000000000001000101010111001
00000000000000000000000000000000000000000010010000000010010010011101011010011111111111111111111111111000000000000000000000000000000000000000000000000000000000000000000000000000000000000101000100111110
00000000000000000000000000000000000000000000000000000000000000000000000000000000011111111111111111111111101001000111101001101101010011000000000001101101001011000000000000000000011011011011000100110111
00000000000000000000000000000000000000000000000000000000000000000000000000000000100100100000000010101111111111111000110001010010101100100000000010111010010100100000000000000000101000010100011001000001
00000000000000000000000000000000000000000000000000000000000000000000000000000000011010000000000001010101011111111101001110111001010100010000000010000011001000100000000000000000000110100101100000010010
00000000000000000000000000000000000000000000000000000000000000000000000000000000000101100000000011001000010000111111111111100110101001100000000001100100100001000000000000000000110100000010011010101011
00000000000000000000000000000000000000000000000000000000000000000000000000000000101001011111111100010011110111000111111111111111111010000000000000101010010100010000000000000000000101011111010100000100
00000000000000000000000000000000000000000000000000000000000000000000000000000000100110100000000010000000001010011001010001011111111111111111111111000101011011111111111111111111111111101001101010111100
00000000000000000000000000000000000000000000000000000000000000000000000000000000011001000000000000110011010100010101101110110010101111111111111111111111111111111111111111111111111111111110110100101010
00000000000000000000000000000000000000000000000000000000000000000000000000000000100010100000000000010000101000101011010000001010100001010000000001001000001001000000000000000000100010111111111111111111
00000000000000000000000000000000000000000000000000000000000000000000000000000000000000000000000000000000000000000000000000000000000000000000000000000000000000000000000000000000000000000001111111111111
00000000000000000000000000000000000000000000000000000000000000000000000000000000000000000000000000000000000000000000000000000000000000000000000000000000000000000000000000000000000000001010101000000000
00000000000000000000000000000000000000000000000000000000000000000000000000000000000000000000000000000000000000000000000000000000000000000000000000000000000000000000000000000000000000000101110000000000
00000000000000000000000000000000000000000000000000000000000000000000000000000000000000000000000000000000000000000000000000000000000000000000000000000000000000000000000000000000000000001011101000000000
00000000000000000000000000000000000000000000000000000000000000000000000000000000000000000000000000000000000000000000000000000000000000000000000000000000000000000000000000000000000000000010010111111111
00000000000000000000000000000000000000000000000000000000000000000000000000000000000000000000000000000000000000000000000000000000000000000000000000000000000000000000000000000000000000000100101000000000
00000000000000000000000000000000000000000000000000000000000000000000000000000000000000000000000000000000000000000000000000000000000000000000000000000000000000000000000000000000000000001001010100000000
00000000000000000000000000000000000000000000000000000000000000000000000000000000000000000000000000000000000000000000000000000000000000000000000000000000000000000000000000000000000000000110101000000000
00000000000000000000000000000000000000000000000000000000000000000000000000000000000000000000000000000000000000000000000000000000000000000000000000000000000000000000000000000000000000000000000000000000
00000000000000000000000000000000000000000000000000000000000000000000000000000000000000000000000000000000000000000000000000000000000000000000000000000000000000000000000000000000000000000000000000000000
00000000000000000000000000000000000000000000000000000000000000000000000000000000000000000000000000000000000000000000000000000000000000000000000000000000000000000000000000000000000000000000000000000000
00000000000000000000000000000000000000000000000000000000000000000000000000000000000000000000000000000000000000000000000000000000000000000000000000000000000000000000000000000000000000000000000000000000
00000000000000000000000000000000000000000000000000000000000000000000000000000000000000000000000000000000000000000000000000000000000000000000000000000000000000000000000000000000000000000000000000000000
00000000000000000000000000000000000000000000000000000000000000000000000000000000000000000000000000000000000000000000000000000000000000000000000000000000000000000000000000000000000000000000000000000000
00000000000000000000000000000000000000000000000000000000000000000000000000000000000000000000000000000000000000000000000000000000000000000000000000000000000000000000000000000000000000000000000000000000
00000000000000000000000000000000000000000000000000000000000000000000000000000000000000000000000000000000000000000000000000000000000000000000000000000000000000000000000000000000000000000000000000000000
00000000000000000000000000000000000000000000000000000000000000000000000000000000000000000000000000000000000000000000000000000000000000000000000000000000000000000000000000000000000000000000000000000000
00000000000000000000000000000000000000000000000000000000000000000000000000000000000000000000000000000000000000000000000000000000000000000000000000000000000000000000000000000000000000000000000000000000
00000000000000000000000000000000000000000000000000000000000000000000000000000000000000000000000000000000000000000000000000000000000000000000000000000000000000000000000000000000000000000000000000000000
00000000000000000000000000000000000000000000000000000000000000000000000000000000000000000000000000000000000000000000000000000000000000000000000000000000000000000000000000000000000000000000000000000000
00000000000000000000000000000000000000000000000000000000000000000000000000000000000000000000000000000000000000000000000000000000000000000000000000000000000000000000000000000000000000000000000000000000
00000000000000000000000000000000000000000000000000000000000000000000000000000000000000000000000000000000000000000000000000000000000000000000000000000000000000000000000000000000000000000000000000000000
00000000000000000000000000000000000000000000000000000000000000000000000000000000000000000000000000000000000000000000000000000000000000000000000000000000000000000000000000000000000000000000000000000000
00000000000000000000000000000000000000000000000000000000000000000000000000000000000000000000000000000000000000000000000000000000000000000000000000000000000000000000000000000000000000000000000000000000
00000000000000000000000000000000000000000000000000000000000000000000000000000000000000000000000000000000000000000000000000000000000000000000000000000000000000000000000000000000000000000000000000000000
00000000000000000000000000000000000000000000000000000000000000000000000000000000000000000000000000000000000000000000000000000000000000000000000000000000000000000000000000000000000000000000000000000000
00000000000000000000000000000000000000000000000000000000000000000000000000000000000000000000000000000000000000000000000000000000000000000000000000000000000000000000000000000000000000000000000000000000
00000000000000000000000000000000000000000000000000000000000000000000000000000000000000000000000000000000000000000000000000000000000000000000000000000000000000000000000000000000000000000000000000000000
00000000000000000000000000000000000000000000000000000000000000000000000000000000000000000000000000000000000000000000000000000000000000000000000000000000000000000000000000000000000000000000000000000000
00000000000000000000000000000000000000000000000000000000000000000000000000000000000000000000000000000000000000000000000000000000000000000000000000000000000000000000000000000000000000000000000000000000
00000000000000000000000000000000000000000000000000000000000000000000000000000000000000000000000000000000000000000000000000000000000000000000000000000000000000000000000000000000000000000000000000000000
00000000000000000000000000000000000000000000000000000000000000000000000000000000000000000000000000000000000000000000000000000000000000000000000000000000000000000000000000000000000000000000000000000000
00000000000000000000000000000000000000000000000000000000000000000000000000000000000000000000000000000000000000000000000000000000000000000000000000000000000000000000000000000000000000000000000000000000
00000000000000000000000000000000000000000000000000000000000000000000000000000000000000000000000000000000000000000000000000000000000000000000000000000000000000000000000000000000000000000000000000000000
00000000000000000000000000000000000000000000000000000000000000000000000000000000000000000000000000000000000000000000000000000000000000000000000000000000000000000000000000000000000000000000000000000000
00000000000000000000000000000000000000000000000000000000000000000000000000000000000000000000000000000000000000000000000000000000000000000000000000000000000000000000000000000000000000000000000000000000
00000000000000000000000000000000000000000000000000000000000000000000000000000000000000000000000000000000000000000000000000000000000000000000000000000000000000000000000000000000000000000000000000000000
00000000000000000000000000000000000000000000000000000000000000000000000000000000000000000000000000000000000000000000000000000000000000000000000000000000000000000000000000000000000000000000000000000000
00000000000000000000000000000000000000000000000000000000000000000000000000000000000000000000000000000000000000000000000000000000000000000000000000000000000000000000000000000000000000000000000000000000
00000000000000000000000000000000000000000000000000000000000000000000000000000000000000000000000000000000000000000000000000000000000000000000000000000000000000000000000000000000000000000000000000000000
