200 200
00000000000000000000000000000000000000000000000000000000000000000000000000000000000000000000000000000000000000000000000000000000000000000000000000000000000000000000000000000000000000000000000000000000
00000000000000000000000000000000000000000000000000000000000000000000000000000000000000000000000000000000000000000000000000000000000000000000000000000000000000000000000000000000000000000000000000000000
00000000000000000000000000000000000000000000000000000000000000000000000000000000000000000000000000000000000000000000000000000000000000000000000000000000000000000000000000000000000000000000000000000000
00000000000000000000000000000000000000000000000000000000000000000000000000000000000000000000000000000000000000000000000000000000000000000000000000000000000000000000000000000000000000000000000000000000
00000000000000000000000000000000000000000000000000000000000000000000000000000000000000000000000000000000000000000000000000000000000000000000000000000000000000000000000000000000000000000000000000000000
00000000000000000000000000000000000000000000000000000000000000000000000000000000000000000000000000000000000000000000000000000000000000000000000000000000000000000000000000000000000000000000000000000000
00000000000000000000000000000000000000000000000000000000000000000000000000000000000000000000000000000000000000000000000000000000000000000000000000000000000000000000000000000000000000000000000000000000
00000000000000000000000000000000000000000000000000000000000000000000000000000000000000000000000000000000000000000000000000000000000000000000000000000000000000000000000000000000000000000000000000000000
00000000000000000000000000000000000000000000000000000000000000000000000000000000000000000000000000000000000000000000000000000000000000000000000000000000000000000000000000000000000000000000000000000000
00000000000000000000000000000000000000000000000000000000000000000000000000000000000000000000000000000000000000000000000000000000000000000000000000000000000000000000000000000000000000000000000000000000
00000000000000000000000000000000000000000000000000000000000000000000000000000000000000000000000000000000000000000000000000000000000000000000000000000000000000000000000000000000000000000000000000000000
00000000000000000000000000000000000000000000000000000000000000000000000000000000000000000000000000000000000000000000000000000000000000000000000000000000000000000000000000000000000000000000000000000000
00000000000000000000000000000000000000000000000000000000000000000000000000000000000000000000000000000000000000000000000000000000000000000000000000000000000000000000000000000000000000000000000000000000
00000000000000000000000000000000000000000000000000000000000000000000000000000000000000000000000000000000000000000000000000000000000000000000000000000000000000000000000000000000000000000000000000000000
00000000000000000000000000000000000000000000000000000000000000000000000000000000000000000000000000000000000000000000000000000000000000000000000000000000000000000000000000000000000000000000000000000000
00000000000000000000000000000000000000000000000000000000000000000000000000000000000000000000000000000000000000000000000000000000000000000000000000000000000000000000000000000000000000000000000000000000
00000000000000000000000000000000000000000000000000000000000000000000000000000000000000000000000000000000000000000000000000000000000000000000000000000000000000000000000000000000000000000000000000000000
00000000000000000000000000000000000000000000000000000000000000000000000000000000000000000000000000000000000000000000000000000000000000000000000000000000000000000000000000000000000000000000000000000000
00000000000000000000000000000000000000000000000000000000000000000000000000000000000000000000000000000000000000000000000000000000000000000000000000000000000000000000000000000000000000000000000000000000
00000000000000000000000000000000000000000000000000000000000000000000000000000000000000000000000000000000000000000000000000000000000000000000000000000000000000000000000000000000000000000000000000000000
00000000000000000000000000000000000000000000000000000000000000000000000000000000000000000000000000000000000000000000000000000000000000000000000000000000000000000000000000000000000000000000000000000000
00000000000000000000000000000000000000000000000000000000000000000000000000000000000000000000000000000000000000000000000000000000000000000000000000000000000000000000000000000000000000000000000000000000
00000000000000000000000000000000000000000000000000000000000000000000000000000000000000000000000000000000000000000000000000000000000000000000000000000000000000000000000000000000000000000000000000000000
00000000000000000000000000000000000000000000000000000000000000000000000000000000000000000000000000000000000000000000000000000000000000000000000000000000000000000000000000000000000000000000000000000000
00000000000000000000000000000000000000000000000000000000000000000000000000000000000000000000000000000000000000000000000000000000000000000000000000000000000000000000000000000000000000000000000000000000
00000000000000000000000000000000000000000000000000000000000000000000000000000000000000000000000000000000000000000000000000000000000000000000000000000000000000000000000000000000000000000000000000000000
00000000000000000000000000000000000000000000000000000000000000000000000000000000000000000000000000000000000000000000000000000000000000000000000000000000000000000000000000000000000000000000000000000000
00000000000000000000000000000000000000000000000000000000000000000000000000000000000000000000000000000000000000000000000000000000000000000000000000000000000000000000000000000000000000000000000000000000
00000000000000000000000000000000000000000000000000000000000000000000000000000000000000000000000000000000000000000000000000000000000000000000000000000000000000000000000000000000000000000000000000000000
00000000000000000000000000000000000000000000000000000000000000000000000000000000000000000000000000000000000000000000000000000000000000000000000000000000000000000000000000000000000000000000000000000000
00000000000000000000000000000000000000000000000000000000000000000000000000000000000000000000000000000000000000000000000000000000000000000000000000000000000000000000000000000000000000000000000000000000
00000000000000000000000000000000000000000000000000000000000000000000000000000000000000000000000000000000000000000000000000000000000000000000000000000000000000000000000000000000000000000000000000000000
00000000000000000000000000000000000000000000000000000000000000000000000010101101000000000000000000000000000000000000000000000000000000000000000000000000000000000000000000000000000000000000000000000000
00000000000000000000000000000000000000000000000000000000000000000000000000000010000000000000000000000000000000000000000000000000000000000000000000000000000000000000000000000000000000000000000000000000
00000000000000000000000000000000000000000000000000000000000000000000000010110110000000000000000000000000000000000000000000000000000000000000000000000000000000000000000000000000000000000000000000000000
00000000000000000000000000000000000000000000000000000000000000000000000001001001000000000000000000000000000000000000000000000000000000000000000000000000000000000000000000000000000000000000000000000000
00000000000000000000000000000000000000000000000000000000000000000000000000011000000000000000000000000000000000000000000000000000000000000000000000000000000000000000000000000000000000000000000000000000
00000000000000000000000000000000000000000000000000000000000000000000000010000110000000000000000000000000000000000000000000000000000000000000000000000000000000000000000000000000000000000000000000000000
00000000000000000000000000000000000000000000000000000000000000000000000001001011000000000000000000000000000000000000000000000000000000000000000000000000000000000000000000000000000000000000000000000000
00000000000000000000000000000000000000000000000000000000000000000000000001000111000000000000000000000000000000000000000000000000000000000000000000000000000000000000000000000000000000000000000000000000
00000000000000000000000000000000000000000000000000000000000000000000000010101011111110110000000000000000000000000000000000000000000000000000000000000000000000000000000000000000000000000000000000000000
00000000000000000000000000000000000000000000000000000000000000000000000001001011011001100000000000000000000000000000000000000000000000000000000000000000000000000000000000000000000000000000000000000000
00000000000000000000000000000000000000000000000000000000000000000000000001110011011100110000000000000000000000000000000000000000000000000000000000000000000000000000000000000000000000000000000000000000
00000000000000000000000000000000000000000000000000000000000000000000000010001111101101000000000000000000000000000000000000000000000000000000000000000000000000000000000000000000000000000000000000000000
00000000000000000000000000000000000000000000000000000000000000000000000001101110011110010000000000000000000000000000000000000000000000000000000000000000000000000000000000000000000000000000000000000000
00000000000000000000000000000000000000000000000000000000000000000000000000111100101110100000000000000000000000000000000000000000000000000000000000000000000000000000000000000000000000000000000000000000
00000000000000000000000000000000000000000000000000000000000000000000000001111101100111010000000000000000000000000000000000000000000000000000000000000000000000000000000000000000000000000000000000000000
00000000000000000000000000000000000000000000000000000000000000000000000000111010011011100000000000000000000000000000000000000000000000000000000000000000000000000000000000000000000000000000000000000000
00000000000000000000000000000000000000000000000000000000000000000001000111111000100011000100001000000000000000000000000000000000000000000000000000000000000000000000000000000000000000000000000000000000
00000000000000000000000000000000000000000000000000000000000000001010010001110110010111011010000100000000000000000000000000000000000000000000000000000000000000000000000000000000000000000000000000000000
00000000000000000000000000000000000000000000000000000000000000000001001011011010001011100010110000000000000000000000000000000000000000000000000000000000000000000000000000000000000000000000000000000000
00000000000000000000000000000000000000000000000000000000000000000110101111010001010011111001001100000000000000000000000000000000000000000000000000000000000000000000000000000000000000000000000000000000
00000000000000000000000000000000000000000000000000000000000000001010111110011110010101111001100000000000000000000000000000000000000000000000000000000000000000000000000000000000000000000000000000000000
00000000000000000000000000000000000000000000000000000000000000000001011001100001000011110100011000000000000000000000000000000000000000000000000000000000000000000000000000000000000000000000000000000000
00000000000000000000000000000000000000000000000000000000000000001110111110001101101100111010010100000000000000000000000000000000000000000000000000000000000000000000000000000000000000000000000000000000
00000000000000000000000000000000000000000000000000000000000000000001110011100010101011011100101000000000000000000000000000000000000000000000000000000000000000000000000000000000000000000000000000000000
00000000000000000000000000000000000000000000000000000000100101001101101000000000000000001110010000000000000000000000000000000000000000000000000000000000000000000000000000000000000000000000000000000000
00000000000000000000000000000000000000000000000000000000011001010011110100000000000000001111101000000000000000000000000000000000000000000000000000000000000000000000000000000000000000000000000000000000
00000000000000000000000000000000000000000000000000000000101100101011001000000000000000001111001000000000000000000000000000000000000000000000000000000000000000000000000000000000000000000000000000000000
00000000000000000000000000000000000000000000000000000000010011101111101000000000000000000111111000000000000000000000000000000000000000000000000000000000000000000000000000000000000000000000000000000000
00000000000000000000000000000000000000000000000000000000000100001110000000000000000000000111010100000000000000000000000000000000000000000000000000000000000000000000000000000000000000000000000000000000
00000000000000000000000000000000000000000000000000000000101101011100101000000000000000000111011000000000000000000000000000000000000000000000000000000000000000000000000000000000000000000000000000000000
00000000000000000000000000000000000000000000000000000000010110111000010000000000000000000111100100000000000000000000000000000000000000000000000000000000000000000000000000000000000000000000000000000000
00000000000000000000000000000000000000000000000000000000011011111001001000000000000000000001101000000000000000000000000000000000000000000000000000000000000000000000000000000000000000000000000000000000
00000000000000000000000000000000000000000000000000000000101011110000000000000000000000001001110000000000000000000000000000000000000000000000000000000000000000000000000000000000000000000000000000000000
00000000000000000000000000000000000000000000000000000000000111000000000000000000000000001111110000000000000000000000000000000000000000000000000000000000000000000000000000000000000000000000000000000000
00000000000000000000000000000000000000000000000000000000011111100000000000000000000000001010111100000000000000000000000000000000000000000000000000000000000000000000000000000000000000000000000000000000
00000000000000000000000000000000000000000000000000000000010110000000000000000000000000000111111000000000000000000000000000000000000000000000000000000000000000000000000000000000000000000000000000000000
00000000000000000000000000000000000000000000000000000000101110010000000000000000000000001101011100000000000000000000000000000000000000000000000000000000000000000000000000000000000000000000000000000000
00000000000000000000000000000000000000000000000000000000001100000000000000000000000000000011011000000000000000000000000000000000000000000000000000000000000000000000000000000000000000000000000000000000
00000000000000000000000000000000000000000000000000000000111111010000000000000000000000001000111100000000000000000000000000000000000000000000000000000000000000000000000000000000000000000000000000000000
00000000000000000000000000000000000000000000000000000000111000100000000000000000000000000100101100000000000000000000000000000000000000000000000000000000000000000000000000000000000000000000000000000000
00000000000000000000000000000000000000000000000000000010110100000000000000000000000000000001101110110110000000000000000000000000000000000000000000000000000000000000000000000000000000000000000000000000
00000000000000000000000000000000000000000000000010100101101100010000000000000000000000001010010111011011000000000000000000000000000000000000000000000000000000000000000000000000000000000000000000000000
00000000000000000000000000000000000000000000000000110011110011010000000000000000000000000100001011011100000000000000000000000000000000000000000000000000000000000000000000000000000000000000000000000000
00000000000000000000000000000000000000000000000011010111000101100000000000000000000000000001100111100001000000000000000000000000000000000000000000000000000000000000000000000000000000000000000000000000
00000000000000000000000000000000000000000000000001001110101100000000000000000000000000001100100111101101000000000000000000000000000000000000000000000000000000000000000000000000000000000000000000000000
00000000000000000000000000000000000000000000000010010111110101100000000000000000000000000011010001111010000000000000000000000000000000000000000000000000000000000000000000000000000000000000000000000000
00000000000000000000000000000000000000000000000001011110011010000000000000000000000000001000010101111111000000000000000000000000000000000000000000000000000000000000000000000000000000000000000000000000
00000000000000000000000000000000000000000000000000101100101101010000000000000000000000000110001000111110000000000000000000000000000000000000000000000000000000000000000000000000000000000000000000000000
00000000000000000000000000000000000000000100001000011110000000000000000000000000000000000000000011011110000000000000000000000000000000000000000000000000000000000000000000000000000000000000000000000000
00000000000000000000000000000000000000001000010101011001000000000000000000000000000000000000000000101100000000000000000000000000000000000000000000000000000000000000000000000000000000000000000000000000
00000000000000000000000000000000000000000011010000111100000000000000000000000000000000000000000011101100000000000000000000000000000000000000000000000000000000000000000000000000000000000000000000000000
00000000000000000000000000000000000000001100100111110011000000000000000000000000000000000000000001001110000000000000000000000000000000000000000000000000000000000000000000000000000000000000000000000000
00000000000000000000000000000000000000000001100111100100000000000000000000000000000000000000000000111110000000000000000000000000000000000000000000000000000000000000000000000000000000000000000000000000
00000000000000000000000000000000000000000110001011011001000000000000000000000000000000000000000001001111000000000000000000000000000000000000000000000000000000000000000000000000000000000000000000000000
00000000000000000000000000000000000000001010010111001010000000000000000000000000000000000000000001101110000000000000000000000000000000000000000000000000000000000000000000000000000000000000000000000000
00000000000000000000000000000000000000000101001110100101000000000000000000000000000000000000000000010011000000000000000000000000000000000000000000000000000000000000000000000000000000000000000000000000
00000000000000000000000000000000000000000110111100000000000000000000000000000000000000000000000000011011001011000000000000000000000000000000000000000000000000000000000000000000000000000000000000000000
00000000000000000000000000000000000000000010011000000000000000000000000000000000000000000000000000100111100000110000000000000000000000000000000000000000000000000000000000000000000000000000000000000000
00000000000000000000000000000000000000001001111000000000000000000000000000000000000000000000000010010101111101000000000000000000000000000000000000000000000000000000000000000000000000000000000000000000
00000000000000000000000000000000000000000101110100000000000000000000000000000000000000000000000001100001111001110000000000000000000000000000000000000000000000000000000000000000000000000000000000000000
00000000000000000000000000000000000000000101101000000000000000000000000000000000000000000000000010110100111101010000000000000000000000000000000000000000000000000000000000000000000000000000000000000000
00000000000000000000000000000000000000001011100100000000000000000000000000000000000000000000000000011000011100100000000000000000000000000000000000000000000000000000000000000000000000000000000000000000
00000000000000000000000000000000000000000011110000000000000000000000000000000000000000000000000001001110011101010000000000000000000000000000000000000000000000000000000000000000000000000000000000000000
00000000000000000000000000000000000000000111101100000000000000000000000000000000000000000000000010110101010110110000000000000000000000000000000000000000000000000000000000000000000000000000000000000000
00000000000000000000000000000000110010101111011000000000000000000000000000000000000000000000000000000000010111001010010000000000000000000000000000000000000000000000000000000000000000000000000000000000
00000000000000000000000000000000001101111101101000000000000000000000000000000000000000000000000000000000101111010010100000000000000000000000000000000000000000000000000000000000000000000000000000000000
00000000000000000000000000000000010100111010110100000000000000000000000000000000000000000000000000000000100111100101011000000000000000000000000000000000000000000000000000000000000000000000000000000000
00000000000000000000000000000000101001111000100000000000000000000000000000000000000000000000000000000000011001101100100000000000000000000000000000000000000000000000000000000000000000000000000000000000
00000000000000000000000000000000000101110111000000000000000000000000000000000000000000000000000000000000010110110011110100000000000000000000000000000000000000000000000000000000000000000000000000000000
00000000000000000000000000000000001011000100110100000000000000000000000000000000000000000000000000000000001000111110000100000000000000000000000000000000000000000000000000000000000000000000000000000000
00000000000000000000000000000000010111111110011000000000000000000000000000000000000000000000000000000000101001011101101000000000000000000000000000000000000000000000000000000000000000000000000000000000
00000000000000000000000000000000101110000010100100000000000000000000000000000000000000000000000000000000010110111010010100000000000000000000000000000000000000000000000000000000000000000000000000000000
00000000000000000000000000010111111110100000000000000000000000000000000000000000000000000000000000000000000000001100010100000000000000000000000000000000000000000000000000000000000000000000000000000000
00000000000000000000000001110001111101010000000000000000000000000000000000000000000000000000000000000000000000001111001100000000000000000000000000000000000000000000000000000000000000000000000000000000
00000000000000000000000000001100111100100000000000000000000000000000000000000000000000000000000000000000000000001111000000000000000000000000000000000000000000000000000000000000000000000000000000000000
00000000000000000000000010110001100011010000000000000000000000000000000000000000000000000000000000000000000000001110100100000000000000000000000000000000000000000000000000000000000000000000000000000000
00000000000000000000000000111101110001000000000000000000000000000000000000000000000000000000000000000000000000000110010000000000000000000000000000000000000000000000000000000000000000000000000000000000
00000000000000000000000010101111101000110000000000000000000000000000000000000000000000000000000000000000000000000011100100000000000000000000000000000000000000000000000000000000000000000000000000000000
00000000000000000000000001010011000011010000000000000000000000000000000000000000000000000000000000000000000000000111010000000000000000000000000000000000000000000000000000000000000000000000000000000000
00000000000000000000000001101111111010100000000000000000000000000000000000000000000000000000000000000000000000000111101000000000000000000000000000000000000000000000000000000000000000000000000000000000
00000000000000000000000001011111000000000000000000000000000000000000000000000000000000000000000000000000000000000111101010010100000000000000000000000000000000000000001100000000000000000000000000000000
00000000000000000000000010101111000000000000000000000000000000000000000000000000000000000000000000000000000000001000111100101010000000000000000000000000000000000000001100000000000000000000000000000000
00000000000000000000000001111100000000000000000000000000000000000000000000000000000000000000000000000000000000000010110100110100000000000000000000000000000000000000001100000000000000000000000000000000
00000000000000000000000010011101000000000000000000000000000000000000000000000000000000000000000000000000000000000101111000101001000000000000000000000000000000000000001100000000000000000000000000000000
00000000000000000000000001011010000000000000000000000000000000000000000000000000000000000000000000000000000000001001011100101110000000000000000000000000000000000000001100000000000000000000000000000000
00000000000000000000000010111001000000000000000000000000000000000000000000000000000000000000000000000000000000000010111100010010000000000000000000000000000000000000011100000000000000000000000000000000
00000000000000000000000000110101000000000000000000000000000000000000000000000000000000000000000000000000000000001101010111000101000000000000000000000000000000000000011100000000000000000000000000000000
00000000000000000000000011110100000000000000000000000000000000000000000000000000000000000000000000000000000000000100100110111000000000000000000000000000000000000000011100000000000000000000000000000000
00000000000000001011000101100101000000000000000000000000000000000000000000000000000000000000000000000000000000000000000011000011000000000000000000000000000000000000001100000000000000000000000000000000
00000000000000000100111011110010000000000000000000000000000000000000000000000000000000000000000000000000000000000000000011101100000000000000000000000000000000000000001100000000000000000000000000000000
00000000000000000001100011110101000000000000000000000000000000000000000000000000000000000000000000000000000000000000000001101101000000000000000000000000000000000000001100000000000000000000000000000000
00000000000000001011010011000110000000000000000000000000000000000000000000000000000000000000000000000000000000000000000010110010000000000000000000000000000000000000001100000000000000000000000000000000
00000000000000000110000111001001000000000000000000000000000000000000000000000000000000000000000000000000000000000000000000111100000000000000000000000000000000000000001100000000000000000000000000000000
00000000000000001001010111101100000000000000000000000000000000000000000000000000000000000000000000000000000000000000000011011000000000000000000000000000000000000000001100000000000000000000000000000000
00000000000000000010011110100010000000000000000000000000000000000000000000000000000000000000000000000000000000000000000001011101000000000000000000000000000000000000001100000000000000000000000000000000
00000000000000001001101101001100000000000000000000000000000000000000000000000000000000000000000000000000000000000000000010101111000000000000000000000000000000000000001100000000000000000000000000000000
00000000000000001010011100000000000000000000000000000000000000000000000000000000000000000000000000000000000000000000000010100111111010000000000000000000000000000000001100000000000000000000000000000000
00000000000000000001111000000000000000000000000000000000000000000000000000000000000000000000000000000000000000000000000001001111100011100000000000000000000000000000001100000000000000000000000000000000
00000000000000001010011000000000000000000000000000000000000000000000000000000000000000000000000000000000000000000000000011001011001100000000000000000000000000000000001100000000000000000000000000000000
00000000000000000011111000000000000000000000000000000000000000000000000000000000000000000000000000000000000000000000000000010011100011010000000000000000000000000000001100000000000000000000000000000000
00000000000000001100110100000000000000000000000000000000000000000000000000000000000000000000000000000000000000000000000011100101101111000000000000000000000000000000001100000000000000000000000000000000
00000000000000000101111100000000000000000000000000000000000000000000000000000000000000000000000000000000000000000000000001010111111101010000000000000000000000000000001100000000000000000000000000000000
00000000000000000100110000000000000000000000000000000000000000000000000000000000000000000000000000000000000000000000000000110010110010100000000000000000000000000000001100000000000000000000000000000000
00000000000000000011110100000000000000000000000000000000000000000000000000000000000000000000000000000000000000000000000010010010111101100000000000000000000000000000001100000000000000000000000000000000
00000000000000000011101000000000000000000000000000000000010001110010011000000000000000000000000000000000000000000000000000000000111010010000000000000000000000000000011100000000000000000000000000000000
00000000000000001111110000000000001111000000000000000000001110001010100100000000000000000000000000000000000000000000000000000000111001100000000000000000000000000000000100000000000000000000000000000000
00000000000000000011101000000000000000000000000000000000101010100101110000000000000000000000000000000000000000000000000000000000111100110000000000000000000000000000000000000000000000000000000000000000
00000000000000000111111100000000000110000000000000000000000011011001001100000000000000000000000000000000000000000000000000000000011110110000000000000000000000000000001100000000000000000000000000000000
00000000000000001111111111111111111111111111111111111111110100001011010100000000000000000000000000000000000000001111111100000000001111010000000000000000000000001111111100000000000000000000000000000000
00000000000000001111111111111111111111111111111111111111111110100100011000000000000000000000000000000000000000001111111100000000100110100000000000000000000000001111111100000000000000000000000000000000
00000000000000001101011111111111111111111111111111111111011111111110100100000000000000000000000000000000000000000001111100000000000111010000000000000000000000001111111100000000000000000000000000000000
00000000000000000001010000000000000110000000000000000000000011111111110000000000000000000000000000000000000000000000111100000000010111100000000000000000000000001111111100000000000000000000000000000000
00000000000000000000000000000000000000000000000000000000000000000111111111001101000101101011011000000000100001010101100100000000100011110100001000000000000000000000000000000000000000000000000000000000
00000000000000000000000000000000000000000000000000000000000000000011101111111111111000010100100100000000010110100010011000000000010101100101000000000000000000000000000000000000000000000000000000000000
00000000000000000000000000000000000000000000000000000000000000000100101001111111111111010101011000000000100000010101100000000000101011111011001000000000000000000000000000000000000000000000000000000000
00000000000000000000000000000000000000000000000000000000000000000101011000000000101111111101000100000000000001101010010100000000000001110100010000000000000000000000000000000000000000000000000000000000
00000000000000000000000000000000000000000000000000000000000000001010010000100101010110111111110100000000101010010110100000000000010110111011101000000000000000000000000000000000000000000000000000000000
00000000000000000000000000000000000000000000000000000000000000000000110110010010101000110111111111111111110100000001011000000000011010011100100000000000000000000000000000000000000000000000000000000000
00000000000000000000000000000000000000000000000000000000000000000111001000011100010010100101001111111111111110100100100100000000110110111110001100000000000000000000000000000000000000000000000000000000
00000000000000000000000000000000000000000000000000000000000000001011010111010010101001010010011000000000111111111111111000000000001011011000001000000000000000000000000000000000000000000000000000000000
00000000000000000000000000000000000000000000000000000000000000000000000000000000000000000000000000000000010001111111111110010000101001011101100000000000000000000000000000000000000000000000000000000000
00000000000000000000000000000000000000000000000000000000000000000000000000000000000000000000000000000000001010001000110111100110010110011101011000000000000000000000000000000000000000000000000000000000
00000000000000000000000000000000000000000000000000000000000000000000000000000000000000000000000000000000110001010010101011111000100001111000100100000000000000000000000000000000000000000000000000000000
00000000000000000000000000000000000000000000000000000000000000000000000000000000000000000000000000000000101000101000100110111111111111111011011100000000000000000000000000000000000000000000000000000000
00000000000000000000000000000000000000000000000000000000000000000000000000000000000000000000000000000000010110111010000001001111111111111100001000000000000000000000000000000000000000000000000000000000
00000000000000000000000000000000000000000000000000000000000000000000000000000000000000000000000000000000100011010101111011010001011010100001111000000000000000000000000000000000000000000000000000000000
00000000000000000000000000000000000000000000000000000000000000000000000000000000000000000000000000000000010101101001000100101110100101001010010100000000000000000000000000000000000000000000000000000000
00000000000000000000000000000000000000000000000000000000000000000000000000000000000000000000000000000000101010010110010001011000001001010101101000000000000000000000000000000000000000000000000000000000
00000000000000000000000000000000000000000000000000000000000000000000000000000000000000000000000000000000000000000000000000000000000000000000000000000000000000000000000000000000000000000000000000000000
00000000000000000000000000000000000000000000000000000000000000000000000000000000000000000000000000000000000000000000000000000000000000000000000000000000000000000000000000000000000000000000000000000000
00000000000000000000000000000000000000000000000000000000000000000000000000000000000000000000000000000000000000000000000000000000000000000000000000000000000000000000000000000000000000000000000000000000
00000000000000000000000000000000000000000000000000000000000000000000000000000000000000000000000000000000000000000000000000000000000000000000000000000000000000000000000000000000000000000000000000000000
00000000000000000000000000000000000000000000000000000000000000000000000000000000000000000000000000000000000000000000000000000000000000000000000000000000000000000000000000000000000000000000000000000000
00000000000000000000000000000000000000000000000000000000000000000000000000000000000000000000000000000000000000000000000000000000000000000000000000000000000000000000000000000000000000000000000000000000
00000000000000000000000000000000000000000000000000000000000000000000000000000000000000000000000000000000000000000000000000000000000000000000000000000000000000000000000000000000000000000000000000000000
00000000000000000000000000000000000000000000000000000000000000000000000000000000000000000000000000000000000000000000000000000000000000000000000000000000000000000000000000000000000000000000000000000000
00000000000000000000000000000000000000000000000000000000000000000000000000000000000000000000000000000000000000000000000000000000000000000000000000000000000000000000000000000000000000000000000000000000
00000000000000000000000000000000000000000000000000000000000000000000000000000000000000000000000000000000000000000000000000000000000000000000000000000000000000000000000000000000000000000000000000000000
00000000000000000000000000000000000000000000000000000000000000000000000000000000000000000000000000000000000000000000000000000000000000000000000000000000000000000000000000000000000000000000000000000000
00000000000000000000000000000000000000000000000000000000000000000000000000000000000000000000000000000000000000000000000000000000000000000000000000000000000000000000000000000000000000000000000000000000
00000000000000000000000000000000000000000000000000000000000000000000000000000000000000000000000000000000000000000000000000000000000000000000000000000000000000000000000000000000000000000000000000000000
00000000000000000000000000000000000000000000000000000000000000000000000000000000000000000000000000000000000000000000000000000000000000000000000000000000000000000000000000000000000000000000000000000000
00000000000000000000000000000000000000000000000000000000000000000000000000000000000000000000000000000000000000000000000000000000000000000000000000000000000000000000000000000000000000000000000000000000
00000000000000000000000000000000000000000000000000000000000000000000000000000000000000000000000000000000000000000000000000000000000000000000000000000000000000000000000000000000000000000000000000000000
00000000000000000000000000000000000000000000000000000000000000000000000000000000000000000000000000000000000000000000000000000000000000000000000000000000000000000000000000000000000000000000000000000000
00000000000000000000000000000000000000000000000000000000000000000000000000000000000000000000000000000000000000000000000000000000000000000000000000000000000000000000000000000000000000000000000000000000
00000000000000000000000000000000000000000000000000000000000000000000000000000000000000000000000000000000000000000000000000000000000000000000000000000000000000000000000000000000000000000000000000000000
00000000000000000000000000000000000000000000000000000000000000000000000000000000000000000000000000000000000000000000000000000000000000000000000000000000000000000000000000000000000000000000000000000000
00000000000000000000000000000000000000000000000000000000000000000000000000000000000000000000000000000000000000000000000000000000000000000000000000000000000000000000000000000000000000000000000000000000
00000000000000000000000000000000000000000000000000000000000000000000000000000000000000000000000000000000000000000000000000000000000000000000000000000000000000000000000000000000000000000000000000000000
00000000000000000000000000000000000000000000000000000000000000000000000000000000000000000000000000000000000000000000000000000000000000000000000000000000000000000000000000000000000000000000000000000000
00000000000000000000000000000000000000000000000000000000000000000000000000000000000000000000000000000000000000000000000000000000000000000000000000000000000000000000000000000000000000000000000000000000
00000000000000000000000000000000000000000000000000000000000000000000000000000000000000000000000000000000000000000000000000000000000000000000000000000000000000000000000000000000000000000000000000000000
00000000000000000000000000000000000000000000000000000000000000000000000000000000000000000000000000000000000000000000000000000000000000000000000000000000000000000000000000000000000000000000000000000000
00000000000000000000000000000000000000000000000000000000000000000000000000000000000000000000000000000000000000000000000000000000000000000000000000000000000000000000000000000000000000000000000000000000
00000000000000000000000000000000000000000000000000000000000000000000000000000000000000000000000000000000000000000000000000000000000000000000000000000000000000000000000000000000000000000000000000000000
00000000000000000000000000000000000000000000000000000000000000000000000000000000000000000000000000000000000000000000000000000000000000000000000000000000000000000000000000000000000000000000000000000000
00000000000000000000000000000000000000000000000000000000000000000000000000000000000000000000000000000000000000000000000000000000000000000000000000000000000000000000000000000000000000000000000000000000
00000000000000000000000000000000000000000000000000000000000000000000000000000000000000000000000000000000000000000000000000000000000000000000000000000000000000000000000000000000000000000000000000000000
00000000000000000000000000000000000000000000000000000000000000000000000000000000000000000000000000000000000000000000000000000000000000000000000000000000000000000000000000000000000000000000000000000000
00000000000000000000000000000000000000000000000000000000000000000000000000000000000000000000000000000000000000000000000000000000000000000000000000000000000000000000000000000000000000000000000000000000
00000000000000000000000000000000000000000000000000000000000000000000000000000000000000000000000000000000000000000000000000000000000000000000000000000000000000000000000000000000000000000000000000000000
00000000000000000000000000000000000000000000000000000000000000000000000000000000000000000000000000000000000000000000000000000000000000000000000000000000000000000000000000000000000000000000000000000000
00000000000000000000000000000000000000000000000000000000000000000000000000000000000000000000000000000000000000000000000000000000000000000000000000000000000000000000000000000000000000000000000000000000
00000000000000000000000000000000000000000000000000000000000000000000000000000000000000000000000000000000000000000000000000000000000000000000000000000000000000000000000000000000000000000000000000000000
00000000000000000000000000000000000000000000000000000000000000000000000000000000000000000000000000000000000000000000000000000000000000000000000000000000000000000000000000000000000000000000000000000000
00000000000000000000000000000000000000000000000000000000000000000000000000000000000000000000000000000000000000000000000000000000000000000000000000000000000000000000000000000000000000000000000000000000
00000000000000000000000000000000000000000000000000000000000000000000000000000000000000000000000000000000000000000000000000000000000000000000000000000000000000000000000000000000000000000000000000000000
