200 200
00000000000000000000000000000000000000000000000000000000000000000000000000000000000000000000000000000000000000000000000000000000000000000000000000000000000000000000000000000000000000000000000000000000
00000000000000000000000000000000000000000000000000000000000000000000000000000000000000000000000000000000000000000000000000000000000000000000000000000000000000000000000000000000000000000000000000000000
00000000000000000000000000000000000000000000000000000000000000000000000000000000000000000000000000000000000000000000000000000000000000000000000000000000000000000000000000000000000000000000000000000000
00000000000000000000000000000000000000000000000000000000000000000000000000000000000000000000000000000000000000000000000000000000000000000000000000000000000000000000000000000000000000000000000000000000
00000000000000000000000000000000000000000000000000000000000000000000000000000000000000000000000000000000000000000000000000000000000000000000000000000000000000000000000000000000000000000000000000000000
00000000000000000000000000000000000000000000000000000000000000000000000000000000000000000000000000000000000000000000000000000000000000000000000000000000000000000000000000000000000000000000000000000000
00000000000000000000000000000000000000000000000000000000000000000000000000000000000000000000000000000000000000000000000000000000000000000000000000000000000000000000000000000000000000000000000000000000
00000000000000000000000000000000000000000000000000000000000000000000000000000000000000000000000000000000000000000000000000000000000000000000000000000000000000000000000000000000000000000000000000000000
00000000000000000000000000000000000000000000000000000000000000000000000000000000000000000000000000000000000000000000000000000000000000000000000000000000000000000000000000000000000000000000000000000000
00000000000000000000000000000000000000000000000000000000000000000000000000000000000000000000000000000000000000000000000000000000000000000000000000000000000000000000000000000000000000000000000000000000
00000000000000000000000000000000000000000000000000000000000000000000000000000000000000000000000000000000000000000000000000000000000000000000000000000000000000000000000000000000000000000000000000000000
00000000000000000000000000000000000000000000000000000000000000000000000000000000000000000000000000000000000000000000000000000000000000000000000000000000000000000000000000000000000000000000000000000000
00000000000000000000000000000000000000000000000000000000000000000000000000000000000000000000000000000000000000000000000000000000000000000000000000000000000000000000000000000000000000000000000000000000
00000000000000000000000000000000000000000000000000000000000000000000000000000000000000000000000000000000000000000000000000000000000000000000000000000000000000000000000000000000000000000000000000000000
00000000000000000000000000000000000000000000000000000000000000000000000000000000000000000000000000000000000000000000000000000000000000000000000000000000000000000000000000000000000000000000000000000000
00000000000000000000000000000000000000000000000000000000000000000000000000000000000000000000000000000000000000000000000000000000000000000000000000000000000000000000000000000000000000000000000000000000
00000000000000000000000000000000000000000000000000000000000000000000000000000000000000000000000000000000000000000000000000000000000000000000000000000000000000000000000000000000000000000000000000000000
00000000000000000000000000000000000000000000000000000000000000000000000000000000000000000000000000000000000000000000000000000000000000000000000000000000000000000000000000000000000000000000000000000000
00000000000000000000000000000000000000000000000000000000000000000000000000000000000000000000000000000000000000000000000000000000000000000000000000000000000000000000000000000000000000000000000000000000
00000000000000000000000000000000000000000000000000000000000000000000000000000000000000000000000000000000000000000000000000000000000000000000000000000000000000000000000000000000000000000000000000000000
00000000000000000000000000000000000000000000000000000000000000000000000000000000000000000000000000000000000000000000000000000000000000000000000000000000000000000000000000000000000000000000000000000000
00000000000000000000000000000000000000000000000000000000000000000000000000000000000000000000000000000000000000000000000000000000000000000000000000000000000000000000000000000000000000000000000000000000
00000000000000000000000000000000000000000000000000000000000000000000000000000000000000000000000000000000000000000000000000000000000000000000000000000000000000000000000000000000000000000000000000000000
00000000000000000000000000000000000000000000000000000000000000000000000000000000000000000000000000000000000000000000000000000000000000000000000000000000000000000000000000000000000000000000000000000000
00000000000000000000000000000000000000000000000000000000000000000000000000000000000000000000000000000000000000000000000000000000000000000000000000000000000000000000000000000000000000000000000000000000
00000000000000000000000000000000000000000000000000000000000000000000000000000000000000000000000000000000000000000000000000000000000000000000000000000000000000000000000000000000000000000000000000000000
00000000000000000000000000000000000000000000000000000000000000000000000000000000000000000000000000000000000000000000000000000000000000000000000000000000000000000000000000000000000000000000000000000000
00000000000000000000000000000000000000000000000000000000000000000000000000000000000000000000000000000000000000000000000000000000000000000000000000000000000000000000000000000000000000000000000000000000
00000000000000000000000000000000000000000000000000000000000000000000000000000000000000000000000000000000000000000000000000000000000000000000000000000000000000000000000000000000000000000000000000000000
00000000000000000000000000000000000000000000000000000000000000000000000000000000000000000000000000000000000000000000000000000000000000000000000000000000000000000000000000000000000000000000000000000000
00000000000000000000000000000000000000000000000000000000000000000000000000000000000000000000000000000000000000000000000000000000000000000000000000000000000000000000000000000000000000000000000000000000
00000000000000000000000000000000000000000000000000000000000000000000000000000000000000000000000000000000000000000000000000000000000000000000000000000000000000000000000000000000000000000000000000000000
00000000000000000000000000000000000000000000000000000000000000000000000000000000000000000000000000000000000000000000000000000000000000000000000000000000000000000000000000000000000000000000000000000000
00000000000000000000000000000000000000000000000000000000000000000000000000000000000000000000000000000000000000000000000000000000000000000000000000000000000000000000000000000000000000000000000000000000
00000000000000000000000000000000000000000000000000000000000000000000000000000000000000000000000000000000000000000000000000000000000000000000000000000000000000000000000000000000000000000000000000000000
00000000000000000000000000000000000000000000000000000000000000000000000000000000000000000000000000000000000000000000000000000000000000000000000000000000000000000000000000000000000000000000000000000000
00000000000000000000000000000000000000000000000000000000000000000000000000000000000000000000000000000000000000000000000000000000000000000000000000000000000000000000000000000000000000000000000000000000
00000000000000000000000000000000000000000000000000000000000000000000000000000000000000000000000000000000000000000000000000000000000000000000000000000000000000000000000000000000000000000000000000000000
00000000000000000000000000000000000000000000000000000000000000000000000000000000000000000000000000000000000000000000000000000000000000000000000000000000000000000000000000000000000000000000000000000000
00000000000000000000000000000000000000000000000000000000000000000000000000000000000000000000000000000000000000000000000000000000000000000000000000000000000000000000000000000000000000000000000000000000
00000000000000000000000000000000000000000000000000000000000000000000000000000000000000000010011000000000000000000000000000000000000000000000000000000000000000000000000000000000000000000000000000000000
00000000000000000000000000000000000000000000000000000000000000000000000000000000000000000001000100000000000000000000000000000000000000000000000000000000000000000000000000000000000000000000000000000000
00000000000000000000000000000000000000000000000000000000000000000000000000000000000000000100111000000000000000000000000000000000000000000000000000000000000000000000000000000000000000000000000000000000
00000000000000000000000000000000000000000000000000000000000000000000000000000000000000001010011100000000000000000000000000000000000000000000000000000000000000000000000000000000000000000000000000000000
00000000000000000000000000000000000000000000000000000000000000000000000000000000000000001001011100000000000000000000000000000000000000000000000000000000000000000000000000000000000000000000000000000000
00000000000000000000000000000000000000000000000000000000000000000000000000000000000000001000111000000000000000000000000000000000000000000000000000000000000000000000000000000000000000000000000000000000
00000000000000000000000000000000000000000000000000000000000000000000000000000000000000000100111100000000000000000000000000000000000000000000000000000000000000000000000000000000000000000000000000000000
00000000000000000000000000000000000000000000000000000000000000000000000000000000000000000111110100000000000000000000000000000000000000000000000000000000000000000000000000000000000000000000000000000000
00000000000000000000000000000000000000000000000000000000000000000000000000000000010100010111100000000000000000000000000000000000000000000000000000000000000000000000000000000000000000000000000000000000
00000000000000000000000000000000000000000000000000000000000000000000000000000000110000001111011000000000000000000000000000000000000000000000000000000000000000000000000000000000000000000000000000000000
00000000000000000000000000000000000000000000000000000000000000000000000000000000100011101111100100000000000000000000000000000000000000000000000000000000000000000000000000000000000000000000000000000000
00000000000000000000000000000000000000000000000000000000000000000000000000000000001100111111011000000000000000000000000000000000000000000000000000000000000000000000000000000000000000000000000000000000
00000000000000000000000000000000000000000000000000000000000000000000000000000000010101111011101000000000000000000000000000000000000000000000000000000000000000000000000000000000000000000000000000000000
00000000000000000000000000000000000000000000000000000000000000000000000000000000101101111001110100000000000000000000000000000000000000000000000000000000000000000000000000000000000000000000000000000000
00000000000000000000000000000000000000000000000000000000000000000000000000000000001011100101110000000000000000000000000000000000000000000000000000000000000000000000000000000000000000000000000000000000
00000000000000000000000000000000000000000000000000000000000000000000000000000000010111001100110100000000000000000000000000000000000000000000000000000000000000000000000000000000000000000000000000000000
00000000000000000000000000000000000000000000000000000000000000000000000001010110111110100000110110010100000000000000000000000000000000000000000000000000000000000000000000000000000000000000000000000000
00000000000000000000000000000000000000000000000000000000000000000000000000101001011111001010111000101010000000000000000000000000000000000000000000000000000000000000000000000000000000000000000000000000
00000000000000000000000000000000000000000000000000000000000000000000000001000100111110000110011100110100000000000000000000000000000000000000000000000000000000000000000000000000000000000000000000000000
00000000000000000000000000000000000000000000000000000000000000000000000000010111110000111001011000101001000000000000000000000000000000000000000000000000000000000000000000000000000000000000000000000000
00000000000000000000000000000000000000000000000000000000000000000000000011011111001010000000011000101110000000000000000000000000000000000000000000000000000000000000000000000000000000000000000000000000
00000000000000000000000000000000000000000000000000000000000000000000000001001110010001100001011100010010000000000000000000000000000000000000000000000000000000000000000000000000000000000000000000000000
00000000000000000000000000000000000000000000000000000000000000000000000000111101010111000101001111000101000000000000000000000000000000000000000000000000000000000000000000000000000000000000000000000000
00000000000000000000000000000000000000000000000000000000000000000000000001111010101000110110110110111000000000000000000000000000000000000000000000000000000000000000000000000000000000000000000000000000
00000000000000000000000000000000000000000000000000000000000000000000101011110010000000001010010110001100000000000000000000000000000000000000000000000000000000000000000000000000000000000000000000000000
00000000000000000000000000000000000000000000000000000000000000000100101011001000000000000101100110110001000000000000000000000000000000000000000000000000000000000000000000000000000000000000000000000000
00000000000000000000000000000000000000000000000000000000000000001010011110011011000000001000011111010110000000000000000000000000000000000000000000000000000000000000000000000000000000000000000000000000
00000000000000000000000000000000000000000000000000000000000000001100101110001010000000001011110011001000000000000000000000000000000000000000000000000000000000000000000000000000000000000000000000000000
00000000000000000000000000000000000000000000000000000000000000000101011110010101000000000001000111100111000000000000000000000000000000000000000000000000000000000000000000000000000000000000000000000000
00000000000000000000000000000000000000000000000000000000000000000000111001011000000000000110101001110000000000000000000000000000000000000000000000000000000000000000000000000000000000000000000000000000
00000000000000000000000000000000000000000000000000000000000000001000110101000010000000001001010001110001000000000000000000000000000000000000000000000000000000000000000000000000000000000000000000000000
00000000000000000000000000000000000000000000000000000000000000000101101000011101000000000010010110111001000000000000000000000000000000000000000000000000000000000000000000000000000000000000000000000000
00000000000000000000000000000000000000000000000000000000001010011011100000000000000000000000000010111101010000100000000000000000000000000000000000000000000000000000000000000000000000000000000000000000
00000000000000000000000000000000000000000000000000000000010101000111011100000000000000000000000000111010101000010000000000000000000000000000000000000000000000000000000000000000000000000000000000000000
00000000000000000000000000000000000000000000000000000000001011000110010100000000000000000000000010011100001011000000000000000000000000000000000000000000000000000000000000000000000000000000000000000000
00000000000000000000000000000000000000000000000000000000100101000111101000000000000000000000000000101101100100110000000000000000000000000000000000000000000000000000000000000000000000000000000000000000
00000000000000000000000000000000000000000000000000000000011101001100000100000000000000000000000010001111100110000000000000000000000000000000000000000000000000000000000000000000000000000000000000000000
00000000000000000000000000000000000000000000000000000000010010001101110000000000000000000000000001110111010001100000000000000000000000000000000000000000000000000000000000000000000000000000000000000000
00000000000000000000000000000000000000000000000000000000101000111000101100000000000000000000000010000011101001010000000000000000000000000000000000000000000000000000000000000000000000000000000000000000
00000000000000000000000000000000000000000000000000000000000111011011010000000000000000000000000001101101110010100000000000000000000000000000000000000000000000000000000000000000000000000000000000000000
00000000000000000000000000000000000000000000000000000000101100111001001000000000000000000000000000000000111010010000000000000000000000000000000000000000000000000000000000000000000000000000000000000000
00000000000000000000000000000000000000000000000000000000101010110110100100000000000000000000000000000000111101100000000000000000000000000000000000000000000000000000000000000000000000000000000000000000
00000000000000000000000000000000000000000000000000000000010001111000011100000000000000000000000000000000011110110000000000000000000000000000000000000000000000000000000000000000000000000000000000000000
00000000000000000000000000000000000000000000000000000000101011101010100100000000000000000000000000000000011101010000000000000000000000000000000000000000000000000000000000000000000000000000000000000000
00000000000000000000000000000000000000000000000000000000110011010101101000000000000000000000000000000000001110000000000000000000000000000000000000000000000000000000000000000000000000000000000000000000
00000000000000000000000000000000000000000000000000000000000111100110010100000000000000000000000000000000100110100000000000000000000000000000000000000000000000000000000000000000000000000000000000000000
00000000000000000000000000000000000000000000000000000000010110101001100000000000000000000000000000000000010111000000000000000000000000000000000000000000000000000000000000000000000000000000000000000000
00000000000000000000000000000000000000000000000000000000101111000110000100000000000000000000000000000000010111100000000000000000000000000000000000000000000000000000000000000000000000000000000000000000
00000000000000000000000000000000000000000000000000101001101101100000000000000000000000000000000000000000101011110100100100000000000000000000000000000000000000000000000000000000000000000000000000000000
00000000000000000000000000000000000000000000000001010100111100110000000000000000000000000000000000000000001001100011001000000000000000000000000000000000000000000000000000000000000000000000000000000000
00000000000000000000000000000000000000000000000000101100011011010000000000000000000000000000000000000000110101111001010000000000000000000000000000000000000000000000000000000000000000000000000000000000
00000000000000000000000000000000000000000000000010010100111010000000000000000000000000000000000000000000001010110101010100000000000000000000000000000000000000000000000000000000000000000000000000000000
00000000000000000000000000000000000000000000000001110100110100110000000000000000000000000000000000000000111001111010100000000000000000000000000000000000000000000000000000000000000000000000000000000000
00000000000000000000000000000000000000000000000001001000111001000000000000000000000000000000000000000000010100111101001000000000000000000000000000000000000000000000000000000000000000000000000000000000
00000000000000000000000000000000000000000000000010100011110011000000000000000000000000000000000000000000001001101110010100000000000000000000000000000000000000000000000000000000000000000000000000000000
00000000000000000000000000000000000000000000000000011101101010100000000000000000000000000000000000000000010010010110100100000000000000000000000000000000000000000000000000000000000000000000000000000000
00000000000000000000000000000000000000000000000010110011101110000000000000000000000000000000000000000000000000000111001001100101000000000000000000000000000000000000000000000000000000000000000000000000
00000000000000000000000000000000000000000000000001101111110001010000000000000000000000000000000000000000000000001011110110011000000000000000000000000000000000000000000000000000000000000000000000000000
00000000000000000000000000000000000000000000000010011011000100100000000000000000000000000000000000000000000000001101111001100101000000000000000000000000000000000000000000000000000000000000000000000000
00000000000000000000000000000000000000000000000000110111001011100000000000000000000000000000000000000000000000001001110001011010000000000000000000000000000000000000000000000000000000000000000000000000
00000000000000000000000000000000000000000000000010000110001010010000000000000000000000000000000000000000000000000011011110101001000000000000000000000000000000000000000000000000000000000000000000000000
00000000000000000000000000000000000000000000000000101100001101000000000000000000000000000000000000000000000000001000111110010111000000000000000000000000000000000000000000000000000000000000000000000000
00000000000000000000000000000000000000000000000001011111001010100000000000000000000000000000000000000000000000000001111101101001000000000000000000000000000000000000000000000000000000000000000000000000
00000000000000000000000000000000000000000000000010111010100101000000000000000000000000000000000000000000000000000110001110010010000000000000000000000000000000000000000000000000000000000000000000000000
00000000000000000000000000000000000000000100110110110101000000000000000000000000000000000000000000000000000000000100100110100010000000000000000000000000000000000000000000000000000000000000000000000000
00000000000000000000000000000000000000000001001001101010000000000000000000000000000000000000000000000000000000001001011011001100000000000000000000000000000000000000000000000000000000000000000000000000
00000000000000000000000000000000000000000100110111111001000000000000000000000000000000000000000000000000000000001110000111100100000000000000000000000000000000000000000000000000000000000000000000000000
00000000000000000000000000000000000000000000100111100000000000000000000000000000000000000000000000000000000000001001010111010011000000000000000000000000000000000000000000000000000000000000000000000000
00000000000000000000000000000000000000001111000110101010000000000000000000000000000000000000000000000000000000000101101011101000000000000000000000000000000000000000000000000000000000000000000000000000
00000000000000000000000000000000000000001000011110010100000000000000000000000000000000000000000000000000000000001010011001101101000000000000000000000000000000000000000000000000000000000000000000000000
00000000000000000000000000000000000000001001000111101011000000000000000000000000000000000000000000000000000000000001100111110011000000000000000000000000000000000000000000000000000000000000000000000000
00000000000000000000000000000000000000000100101110011000000000000000000000000000000000000000000000000000000000001000011010110110000000000000000000000000000000000000000000000000000000000000000000000000
00000000000000000000000000000000000000000010111100000000000000000000000000000000000000000000000000000000000000000000000000111010010010100000000000000000000000000000001100000000000000000000000000000000
00000000000000000000000000000000000000000100011000000000000000000000000000000000000000000000000000000000000000000000000000111111101111000000000000000000000000000000001100000000000000000000000000000000
00000000000000000000000000000000000000001011111100000000000000000000000000000000000000000000000000000000000000000000000001011110100000110000000000000000000000000000001100000000000000000000000000000000
00000000000000000000000000000000000000000011111000000000000000000000000000000000000000000000000000000000000000000000000001010111001011000000000000000000000000000000001100000000000000000000000000000000
00000000000000000000000000000000000000000101100100000000000000000000000000000000000000000000000000000000000000000000000011100111100100000000000000000000000000000000001100000000000000000000000000000000
00000000000000000000000000000000000000001011110000000000000000000000000000000000000000000000000000000000000000000000000000011001101011110000000000000000000000000000011100000000000000000000000000000000
00000000000000000000000000000000000000001011000100000000000000000000000000000000000000000000000000000000000000000000000001101101111101000000000000000000000000000000011100000000000000000000000000000000
00000000000000000000000000000000000000000111100000000000000000000000000000000000000000000000000000000000000000000000000000010000110001010000000000000000000000000000011100000000000000000000000000000000
00000000000000000000000000000000010100101110000100000000000000000000000000000000000000000000000000000000000000000000000000000000111010100000000000000000000000000000001100000000000000000000000000000000
00000000000000000000000000000000001111011110010000000000000000000000000000000000000000000000000000000000000000000000000000000000011101010000000000000000000000000000001100000000000000000000000000000000
00000000000000000000000000000000110000011101100100000000000000000000000000000000000000000000000000000000000000000000000000000000101111000000000000000000000000000000001100000000000000000000000000000000
00000000000000000000000000000000001101001100011000000000000000000000000000000000000000000000000000000000000000000000000000000000010110010000000000000000000000000000001100000000000000000000000000000000
00000000000000000000000000000000000010011111010100000000000000000000000000000000000000000000000000000000000000000000000000000000000011000000000000000000000000000000001100000000000000000000000000000000
00000000000000000000000000000000111101011000110000000000000000000000000000000000000000000000000000000000000000000000000000000000100111000000000000000000000000000000001100000000000000000000000000000000
00000000000000000000000000000000001011111010001100000000000000000000000000000000000000000000000000000000000000000000000000000000101111100000000000000000000000000000001100000000000000000000000000000000
00000000000000000000000000000000101000110001010100000000000000000000000000000000000000000000000000000000000000000000000000000000101011010000000000000000000000000000001100000000000000000000000000000000
00000000000000001110000000000000010010110000000000000000000000000000000000000000000000000000000000000000000000000000000000000000011011010101101000000000000000000000001100000000000000000000000000000000
00000000000000001110000000000000000101100000000000000000000000000000000000000000000000000000000000000000000000000000000000000000100111100110010000000000000000000000001100000000000000000000000000000000
00000000000000001110000000000000011011100000000000000000000000000000000000000000000000000000000000000000000000000000000000000000000011110001100100000000000000000000001100000000000000000000000000000000
00000000000000001110000000000000100001100000000000000000000000000000000000000000000000000000000000000000000000000000000000000000010100111100110000000000000000000000001100000000000000000000000000000000
00000000000000001110000000000000010011100000000000000000000000000000000000000000000000000000000000000000000000000000000000000000000111011111001100000000000000000000001100000000000000000000000000000000
00000000000000001110000000000000010111010000000000000000000000000000000000000000000000000000000000000000000000000000000000000000011000111111110000000000000000000000001100000000000000000000000000000000
00000000000000001110000000000000100011100000000000000000000000000000000000000000000000000000000000000000000000000000000000000000101011001100101100000000000000000000001100000000000000000000000000000000
00000000000000001110000000000000011111010000000000000000000000000000000000000000000000000000000000000000000000000000000000000000010000001111001000000000000000000000001100000000000000000000000000000000
00000000000000001110000000000000010111100000000000000000000000000000000000000000000000000000000000000000000000000000000000000000000000001110010000000000000000000000011100000000000000000000000000000000
00000000000000001110000000000000101110000000000000000000000000000000000000000000000000000000000000000000000000000000000000000000000000000111000100000000000000000000000100000000000000000000000000000000
00000000000000001110000000000000000110010000000000000000000000000000000000000000000000000000000000000000000000000000000000000000000000000111101000000000000000000000000000000000000000000000000000000000
00000000000000001111000000000000011110000000000000000000000000000000000000000000000000000000000000000000000000000000000000000000000000000011101100000000000000000000001100000000000000000000000000000000
00000000000000001111100000000000101100100000000000000000000000000000000000000000000000000000000000000000000000001111111100000000000000000011110000000000000000001111111100000000000000000000000000000000
00000000000000001111111100000000101101010000000000000000000000000000000000000000000000000000000000000000000000001111111100000000000000001111110100000000000000001111111100000000000000000000000000000000
00000000000000001111111100000000011100100000000000000000000000000000000000000000000000000000000000000000000000000001111100000000000000001011101000000000000000001111111100000000000000000000000000000000
00000000000000001111111100000000111010000000000000000000000000000000000000000000000000000000000000000000000000000000111100000000000000000101110000000000000000001111111100000000000000000000000000000000
00000000000000000000000001011010111001110000000000000000000000000000000000000000000000000000000000000000000000000000000000000000000000001011111001000010000000000000000000000000000000000000000000000000
00000000000000000000000000100110110101000000000000000000000000000000000000000000000000000000000000000000000000000000000000000000000000000110110110100001000000000000000000000000000000000000000000000000
00000000000000000000000010011000110011010000000000000000000000000000000000000000000000000000000000000000000000000000000000000000000000000100111000101100000000000000000000000000000000000000000000000000
00000000000000000000000000110011111000000000000000000000000000000000000000000000000000000000000000000000000000000000000000000000000000001101011110010011000000000000000000000000000000000000000000000000
00000000000000000000000011001111100101010000000000000000000000000000000000000000000000000000000000000000000000000000000000000000000000000010011110011000000000000000000000000000000000000000000000000000
00000000000000000000000000111111111000100000000000000000000000000000000000000000000000000000000000000000000000000000000000000000000000001001001101000110000000000000000000000000000000000000000000000000
00000000000000000000000011010011101101100000000000000000000000000000000000000000000000000000000000000000000000000000000000000000000000001001001110100101000000000000000000000000000000000000000000000000
00000000000000000000000001001111010010000000000000000000000000000000000000000000000000000000000000000000000000000000000000000000000000000010010111001010000000000000000000000000000000000000000000000000
00000000000000000000000001010111111111111111111111111111111111111111111111111111111111111111100100100101001100010011010100000000000000000000000011011010000000000000000000000000000000000000000000000000
00000000000000000000000010100111111111111111111111111111111111111111111111111111111111111111111111110010101010100100101100000000000000000000000001100101000000000000000000000000000000000000000000000000
00000000000000000000000001011011111111111111111111111111111111111111111111111111111111111010111111101001010100101011000000000000000000000000000011111001000000000000000000000000000000000000000000000000
00000000000000000000000001001001000000000000000000000000000000000000000000000000000000000101010111111111100111011100110100000000000000000000000001111010000000000000000000000000000000000000000000000000
00000000000000000000000010110011000000000000000000000000000000000000000000000000000000000000000001011111111001000011001000000000000000000000000010011110000000000000000000000000000000000000000000000000
00000000000000000000000000001101000000000000000000000000000000000000000000000000000000001011101001101011111111101011111000000000000000000000000001111010000000000000000000000000000000000000000000000000
00000000000000000000000010110010000000000000000000000000000000000000000000000000000000000100000010011010001111111110010100000000000000000000000000011101000000000000000000000000000000000000000000000000
00000000000000000000000000000100000000000000000000000000000000000000000000000000000000000000001001100110010000111111101000000000000000000000000010111010000000000000000000000000000000000000000000000000
00000000000000000000000000000000000000000000000000000000000000000000000000000000000000000000000000000000000000001011111110011010000111010010010100111100010100110000000000000000000000000000000000000000
00000000000000000000000000000000000000000000000000000000000000000000000000000000000000000000000000000000000000000000011111101001110010000001001001101101100001000000000000000000000000000000000000000000
00000000000000000000000000000000000000000000000000000000000000000000000000000000000000000000000000000000000000001111001111111110001000100110010110110110011100010000000000000000000000000000000000000000
00000000000000000000000000000000000000000000000000000000000000000000000000000000000000000000000000000000000000000010010010111111111111000001100101011011110010000000000000000000000000000000000000000000
00000000000000000000000000000000000000000000000000000000000000000000000000000000000000000000000000000000000000001100001001010111111111101010000100100111111101100000000000000000000000000000000000000000
00000000000000000000000000000000000000000000000000000000000000000000000000000000000000000000000000000000000000000101101010110001001111111110000000110101110010010000000000000000000000000000000000000000
00000000000000000000000000000000000000000000000000000000000000000000000000000000000000000000000000000000000000000110000100011000101001111111101100001011111001000000000000000000000000000000000000000000
00000000000000000000000000000000000000000000000000000000000000000000000000000000000000000000000000000000000000001001010111010000001000001001111110110001110100110000000000000000000000000000000000000000
00000000000000000000000000000000000000000000000000000000000000000000000000000000000000000000000000000000000000000000000000000000000000000100011111110101111100100000000000000000000000000000000000000000
00000000000000000000000000000000000000000000000000000000000000000000000000000000000000000000000000000000000000000000000000000000000000000010100011110111111010010000000000000000000000000000000000000000
00000000000000000000000000000000000000000000000000000000000000000000000000000000000000000000000000000000000000000000000000000000000000001100010111111111011010000000000000000000000000000000000000000000
00000000000000000000000000000000000000000000000000000000000000000000000000000000000000000000000000000000000000000000000000000000000000001010001001011111111100010000000000000000000000000000000000000000
00000000000000000000000000000000000000000000000000000000000000000000000000000000000000000000000000000000000000000000000000000000000000000101101100000000111100100000000000000000000000000000000000000000
00000000000000000000000000000000000000000000000000000000000000000000000000000000000000000000000000000000000000000000000000000000000000001000110101000010001011000000000000000000000000000000000000000000
00000000000000000000000000000000000000000000000000000000000000000000000000000000000000000000000000000000000000000000000000000000000000000101011010010110101101110000000000000000000000000000000000000000
00000000000000000000000000000000000000000000000000000000000000000000000000000000000000000000000000000000000000000000000000000000000000001010100101100010010001000000000000000000000000000000000000000000
00000000000000000000000000000000000000000000000000000000000000000000000000000000000000000000000000000000000000000000000000000000000000000000000000000000000000000000000000000000000000000000000000000000
00000000000000000000000000000000000000000000000000000000000000000000000000000000000000000000000000000000000000000000000000000000000000000000000000000000000000000000000000000000000000000000000000000000
00000000000000000000000000000000000000000000000000000000000000000000000000000000000000000000000000000000000000000000000000000000000000000000000000000000000000000000000000000000000000000000000000000000
00000000000000000000000000000000000000000000000000000000000000000000000000000000000000000000000000000000000000000000000000000000000000000000000000000000000000000000000000000000000000000000000000000000
00000000000000000000000000000000000000000000000000000000000000000000000000000000000000000000000000000000000000000000000000000000000000000000000000000000000000000000000000000000000000000000000000000000
00000000000000000000000000000000000000000000000000000000000000000000000000000000000000000000000000000000000000000000000000000000000000000000000000000000000000000000000000000000000000000000000000000000
00000000000000000000000000000000000000000000000000000000000000000000000000000000000000000000000000000000000000000000000000000000000000000000000000000000000000000000000000000000000000000000000000000000
00000000000000000000000000000000000000000000000000000000000000000000000000000000000000000000000000000000000000000000000000000000000000000000000000000000000000000000000000000000000000000000000000000000
00000000000000000000000000000000000000000000000000000000000000000000000000000000000000000000000000000000000000000000000000000000000000000000000000000000000000000000000000000000000000000000000000000000
00000000000000000000000000000000000000000000000000000000000000000000000000000000000000000000000000000000000000000000000000000000000000000000000000000000000000000000000000000000000000000000000000000000
00000000000000000000000000000000000000000000000000000000000000000000000000000000000000000000000000000000000000000000000000000000000000000000000000000000000000000000000000000000000000000000000000000000
00000000000000000000000000000000000000000000000000000000000000000000000000000000000000000000000000000000000000000000000000000000000000000000000000000000000000000000000000000000000000000000000000000000
00000000000000000000000000000000000000000000000000000000000000000000000000000000000000000000000000000000000000000000000000000000000000000000000000000000000000000000000000000000000000000000000000000000
00000000000000000000000000000000000000000000000000000000000000000000000000000000000000000000000000000000000000000000000000000000000000000000000000000000000000000000000000000000000000000000000000000000
00000000000000000000000000000000000000000000000000000000000000000000000000000000000000000000000000000000000000000000000000000000000000000000000000000000000000000000000000000000000000000000000000000000
00000000000000000000000000000000000000000000000000000000000000000000000000000000000000000000000000000000000000000000000000000000000000000000000000000000000000000000000000000000000000000000000000000000
00000000000000000000000000000000000000000000000000000000000000000000000000000000000000000000000000000000000000000000000000000000000000000000000000000000000000000000000000000000000000000000000000000000
00000000000000000000000000000000000000000000000000000000000000000000000000000000000000000000000000000000000000000000000000000000000000000000000000000000000000000000000000000000000000000000000000000000
00000000000000000000000000000000000000000000000000000000000000000000000000000000000000000000000000000000000000000000000000000000000000000000000000000000000000000000000000000000000000000000000000000000
00000000000000000000000000000000000000000000000000000000000000000000000000000000000000000000000000000000000000000000000000000000000000000000000000000000000000000000000000000000000000000000000000000000
00000000000000000000000000000000000000000000000000000000000000000000000000000000000000000000000000000000000000000000000000000000000000000000000000000000000000000000000000000000000000000000000000000000
00000000000000000000000000000000000000000000000000000000000000000000000000000000000000000000000000000000000000000000000000000000000000000000000000000000000000000000000000000000000000000000000000000000
00000000000000000000000000000000000000000000000000000000000000000000000000000000000000000000000000000000000000000000000000000000000000000000000000000000000000000000000000000000000000000000000000000000
00000000000000000000000000000000000000000000000000000000000000000000000000000000000000000000000000000000000000000000000000000000000000000000000000000000000000000000000000000000000000000000000000000000
