200 200
00000000000000000000000000000000000000000000000000000000000000000000000000000000000000000000000000000000000000000000000000000000000000000000000000000000000000000000000000000000000000000000000000000000
00000000000000000000000000000000000000000000000000000000000000000000000000000000000000000000000000000000000000000000000000000000000000000000000000000000000000000000000000000000000000000000000000000000
00000000000000000000000000000000000000000000000000000000000000000000000000000000000000000000000000000000000000000000000000000000000000000000000000000000000000000000000000000000000000000000000000000000
00000000000000000000000000000000000000000000000000000000000000000000000000000000000000000000000000000000000000000000000000000000000000000000000000000000000000000000000000000000000000000000000000000000
00000000000000000000000000000000000000000000000000000000000000000000000000000000000000000000000000000000000000000000000000000000000000000000000000000000000000000000000000000000000000000000000000000000
00000000000000000000000000000000000000000000000000000000000000000000000000000000000000000000000000000000000000000000000000000000000000000000000000000000000000000000000000000000000000000000000000000000
00000000000000000000000000000000000000000000000000000000000000000000000000000000000000000000000000000000000000000000000000000000000000000000000000000000000000000000000000000000000000000000000000000000
00000000000000000000000000000000000000000000000000000000000000000000000000000000000000000000000000000000000000000000000000000000000000000000000000000000000000000000000000000000000000000000000000000000
00000000000000000000000000000000000000000000000000000000000000000000000000000000000000000000000000000000000000000000000000000000000000000000000000000000000000000000000000000000000000000000000000000000
00000000000000000000000000000000000000000000000000000000000000000000000000000000000000000000000000000000000000000000000000000000000000000000000000000000000000000000000000000000000000000000000000000000
00000000000000000000000000000000000000000000000000000000000000000000000000000000000000000000000000000000000000000000000000000000000000000000000000000000000000000000000000000000000000000000000000000000
00000000000000000000000000000000000000000000000000000000000000000000000000000000000000000000000000000000000000000000000000000000000000000000000000000000000000000000000000000000000000000000000000000000
00000000000000000000000000000000000000000000000000000000000000000000000000000000000000000000000000000000000000000000000000000000000000000000000000000000000000000000000000000000000000000000000000000000
00000000000000000000000000000000000000000000000000000000000000000000000000000000000000000000000000000000000000000000000000000000000000000000000000000000000000000000000000000000000000000000000000000000
00000000000000000000000000000000000000000000000000000000000000000000000000000000000000000000000000000000000000000000000000000000000000000000000000000000000000000000000000000000000000000000000000000000
00000000000000000000000000000000000000000000000000000000000000000000000000000000000000000000000000000000000000000000000000000000000000000000000000000000000000000000000000000000000000000000000000000000
00000000000000000000000000000000000000000000000000000000000000000000000000000000000000000000000000000000000000000000000000000000000000000000000000000000000000000000000000000000000000000000000000000000
00000000000000000000000000000000000000000000000000000000000000000000000000000000000000000000000000000000000000000000000000000000000000000000000000000000000000000000000000000000000000000000000000000000
00000000000000000000000000000000000000000000000000000000000000000000000000000000000000000000000000000000000000000000000000000000000000000000000000000000000000000000000000000000000000000000000000000000
00000000000000000000000000000000000000000000000000000000000000000000000000000000000000000000000000000000000000000000000000000000000000000000000000000000000000000000000000000000000000000000000000000000
00000000000000000000000000000000000000000000000000000000000000000000000000000000000000000000000000000000000000000000000000000000000000000000000000000000000000000000000000000000000000000000000000000000
00000000000000000000000000000000000000000000000000000000000000000000000000000000000000000000000000000000000000000000000000000000000000000000000000000000000000000000000000000000000000000000000000000000
00000000000000000000000000000000000000000000000000000000000000000000000000000000000000000000000000000000000000000000000000000000000000000000000000000000000000000000000000000000000000000000000000000000
00000000000000000000000000000000000000000000000000000000000000000000000000000000000000000000000000000000000000000000000000000000000000000000000000000000000000000000000000000000000000000000000000000000
00000000000000000000000000000000000000000000000000000000000000000000000000000000000000000000000000000000000000000000000000000000000000000000000000000000000000000000000000000000000000000000000000000000
00000000000000000000000000000000000000000000000000000000000000000000000000000000000000000000000000000000000000000000000000000000000000000000000000000000000000000000000000000000000000000000000000000000
00000000000000000000000000000000000000000000000000000000000000000000000000000000000000000000000000000000000000000000000000000000000000000000000000000000000000000000000000000000000000000000000000000000
00000000000000000000000000000000000000000000000000000000000000000000000000000000000000000000000000000000000000000000000000000000000000000000000000000000000000000000000000000000000000000000000000000000
00000000000000000000000000000000000000000000000000000000000000000000000000000000000000000000000000000000000000000000000000000000000000000000000000000000000000000000000000000000000000000000000000000000
00000000000000000000000000000000000000000000000000000000000000000000000000000000000000000000000000000000000000000000000000000000000000000000000000000000000000000000000000000000000000000000000000000000
00000000000000000000000000000000000000000000000000000000000000000000000000000000000000000000000000000000000000000000000000000000000000000000000000000000000000000000000000000000000000000000000000000000
00000000000000000000000000000000000000000000000000000000000000000000000000000000000000000000000000000000000000000000000000000000000000000000000000000000000000000000000000000000000000000000000000000000
00000000000000000000000000100100000000000110101000000000000000000000000010010010000000000000000000000000000000000101001000101101101100010101100100000000000000000000000000000000000000000000000000000000
00000000000000000000000001011000000000001001010100000000000000000000000000101001000000000000000000000000000000001010010010000011010001100010011000000000000000000000000000000000000000000000000000000000
00000000000000000000000010100110000000000100101000000000000000000000000011101010000000000000000000000000000000000100001101100101010110000101100000000000000000000000000000000000000000000000000000000000
00000000000000000000000000001010000000000010010111111111000000000000000001100100000000000000000000000000000000001000100011011010001001101010010100000000000000000000000000000000000000000000000000000000
00000000000000000000000011101101000000001011101000000000000000000000000000110111111111111111111111111111111111111111110100001100111101010110100000000000000000000000000000000000000000000000000000000000
00000000000000000000000000010110000000000101110000000000111111111111111111011111111111111111111111111111111111111111111111110001100110100001011000000000000000000000000000000000000000000000000000000000
00000000000000000000000011011010000000001010101000000000111111111111111111111100111111111111111111111111111111111100101111111111111011010100100100000000000000000000000000000000000000000000000000000000
00000000000000000000000000111101000000000001111111111111111111111111111111111011000000000000000000000000000000000001010110111111111111111111111000000000000000000000000000000000000000000000000000000000
00000000000000000000000001011111010100101111111111111111100100100000000000000000000000000000000000000000000000000000000000000000000111111111111111101010110000100101101000000000000000000000000000000000
00000000000000000000000010101111001111111111010100000000011010010000000000000000000000000000000000000000000000000000000000000000101010101000110111111111111111001010010100000000000000000000000000000000
00000000000000000000000001001111111111111010101000000000100001110000000000000000000000000000000000000000000000000000000000000000010111000010101010111111111111110001111000000000000000000000000000000000
00000000000000000000000010110001110001100001001100000000101010010000000000000000000000000000000000000000000000000000000000000000101110101000100110101100010101111100001000000000000000000000000000000000
00000000000000000000000000100011111100101100100011111111010110100000000000000000000000000000000000000000000000000000000000000000001001011010000001000101010010011011011000000000000000000000000000000000
00000000000000000000000011000101111001010000000100000000011001010000000000000000000000000000000000000000000000000000000000000000010010100101111011111010000101111000100100000000000000000000000000000000
00000000000000000000000010110000011110101100110000000000100110000000000000000000000000000000000000000000000000000000000000000000100101011001000100100101010000111101011000000000000000000000000000000000
00000000000000000000000001010111101100010000100000000000011000010000000000000000000000000000000000000000000000000000000000000000011010100110010000101001101011011101100100000000000000000000000000000000
00000000000000000000000000000000101110011001010000000000000000000000000000000000000000000000000000000000000000000000000000000000000000000000000000000000010101011011100000000000000000000000000000000000
00000000000000000000000000000000001110000010101000000000000000000000000000000000000000000000000000000000000000000000000000000000000000000000000000000000101000111100010100000000000000000000000000000000
00000000000000000000000000000000110111100011010000000000000000000000000000000000000000000000000000000000000000000000000000000000000000000000000000000000010101110001001000000000000000000000000000000000
00000000000000000000000000000000001011110010100100000000000000000000000000000000000000000000000000000000000000000000000000000000000000000000000000000000110101110010111000000000000000000000000000000000
00000000000000000000000000000000100101100010111000000000000000000000000000000000000000000000000000000000000000000000000000000000000000000000000000000000101011110010100100000000000000000000000000000000
00000000000000000000000000000000011001110001001000000000000000000000000000000000000000000000000000000000000000000000000000000000000000000000000000000000000011010011010000000000000000000000000000000000
00000000000000000000000000000000101010111100010100000000000000000000000000000000000000000000000000000000000000000000000000000000000000000000000000000000010111100010101000000000000000000000000000000000
00000000000000000000000000000000101001111011100000000000000000000000000000000000000000000000000000000000000000000000000000000000000000000000000000000000010111001001010000000000000000000000000000000000
00000000000000000000000000000000000111011011001000000000000000000000000000000000000000000000000000000000000000000000000000000000000000000000000010100110100110100000000000000000000000000000000000000000
00000000000000000000000000000000101000111100100000000000000000000000000000000000000000000000000000000000000000000000000000000000000000000000000000011001001111010000000000000000000000000000000000000000
00000000000000000000000000000000010010001111000000000000000000000000000000000000000000000000000000000000000000000000000000000000000000000000000010100110101101100000000000000000000000000000000000000000
00000000000000000000000000000000011101000111100000000000000000000000000000000000000000000000000000000000000000000000000000000000000000000000000001011010011101010000000000000000000000000000000000000000
00000000000000000000000000000000100101001111110100000000000000000000000000000000000000000000000000000000000000000000000000000000000000000000000010010101111011010000000000000000000000000000000000000000
00000000000000000000000000000000001011000101110000000000000000000000000000000000000000000000000000000000000000000000000000000000000000000000000011101001011101000000000000000000000000000000000000000000
00000000000000000000000000000000010101001010111100000000000000000000000000000000000000000000000000000000000000000000000000000000000000000000000010010110111010010000000000000000000000000000000000000000
00000000000000000000000000000000001010010101011000000000000000000000000000000000000000000000000000000000000000000000000000000000000000000000000001001001111001000000000000000000000000000000000000000000
00000000000000000000000000000000000000001000011110010010000000000000000000000000000000000000000000000000000000000000000000000000000000000000000001011000110110000000000000000000000000000000000000000000
00000000000000000000000000000000000000000101101110100111000000000000000000000000000000000000000000000000000000000000000000000000000000000000000010100111110101100000000000000000000000000000000000000000
00000000000000000000000000000000000000001100010111010101000000000000000000000000000000000000000000000000000000000000000000000000000000000000000001001011100010010000000000000000000000000000000000000000
00000000000000000000000000000000000000001011011011010101000000000000000000000000000000000000000000000000000000000000000000000000000000000000000010000011101101110000000000000000000000000000000000000000
00000000000000000000000000000000000000000110001011101010000000000000000000000000000000000000000000000000000000000000000000000000000000000000000000100011110000100000000000000000000000000000000000000000
00000000000000000000000000000000000000001101100101100111000000000000000000000000000000000000000000000000000000000000000000000000000000000000000001000111000111100000000000000000000000000000000000000000
00000000000000000000000000000000000000000101010011111001000000000000000000000000000000000000000000000000000000000000000000000000000000000000000000110111101001010000000000000000000000000000000000000000
00000000000000000000000000000000000000001010000100011010000000000000000000000000000000000000000000000000000000000000000000000000000000000000000010010110010110100000000000000000000000000000000000000000
00000000000000000000000000000000000000000000000000111100100011010000000000000000000000000000000000000000000000000000000000000000000000000000000000001100000000000000000000000000000000000000000000000000
00000000000000000000000000000000000000000000000001101111011100100000000000000000000000000000000000000000000000000000000000000000000000000000000010011101000000000000000000000000000000000000000000000000
00000000000000000000000000000000000000000000000010001110000110000000000000000000000000000000000000000000000000000000000000000000000000000000000001011110000000000000000000000000000000000000000000000000
00000000000000000000000000000000000000000000000010010110001011010000000000000000000000000000000000000000000000000000000000000000000000000000000000111011000000000000000000000000000000000000000000000000
00000000000000000000000000000000000000000000000000101111100001100000000000000000000000000000000000000000000000000000000000000000000000000000000001111100000000000000000000000000000000000000000000000000
00000000000000000000000000000000000000000000000001001011101010010000000000000000000000000000000000000000000000000000000000000000000000000000000011110000000000000000000000000000000000000000000000000000
00000000000000000000000000000000000000000000000000110101111001000000000000000000000000000000000000000000000000000000000000000000000000000000000001110100000000000000000000000000000000000000000000000000
00000000000000000000000000000000000000000000000001001010110110010000000000000000000000000000000000000000000000000000000000000000000000000000000001101000000000000000000000000000000000000000000000000000
00000000000000000000000000000000000000000000000000000000111001010000000000000000000000000000000000000000000000000000000000000000000000000001001011010010000000000000000000000000000000000000000000000000
00000000000000000000000000000000000000000000000000000000111100100000000000000000000000000000000000000000000000000000000000000000000000001000010111100100000000000000000000000000000000000000000000000000
00000000000000000000000000000000000000000000000000000000111010100000000000000000000000000000000000000000000000000000000000000000000000000011001110101101000000000000000000000000000000000000000000000000
00000000000000000000000000000000000000000000000000000000011100010000000000000000000000000000000000000000000000000000000000000000000000000101000111010010000000000000000000000000000000000000000000000000
00000000000000000000000000000000000000000000000000000000011111010000000000000000000000000000000000000000000000000000000000000000000000000110111111101011000000000000000000000000000000000000000000000000
00000000000000000000000000000000000000000000000000000000000111100000000000000000000000000000000000000000000000000000000000000000000000000011001100011100000000000000000000000000000000000000000000000000
00000000000000000000000000000000000000000000000000000000110110110000000000000000000000000000000000000000000000000000000000000000000000000100001111110010000000000000000000000000000000000000000000000000
00000000000000000000000000000000000000000000000000000000001111010000000000000000000000000000000000000000000000000000000000000000000000000010111100101101000000000000000000000000000000000000000000000000
00000000000000000000000000000000000000000000000000000000010111010100001000000000000000000000000000000000000000000000000000000000000000000010011000000000000000000000000000000000000000000000000000000000
00000000000000000000000000000000000000000000000000000000011111101010000100000000000000000000000000000000000000000000000000000000000000001101111000000000000000000000000000000000000000000000000000000000
00000000000000000000000000000000000000000000000000000000100101110010110000000000000000000000000000000000000000000000000000000000000000000001011000000000000000000000000000000000000000000000000000000000
00000000000000000000000000000000000000000000000000000000011011101001001100000000000000000000000000000000000000000000000000000000000000001001111100000000000000000000000000000000000000000000000000000000
00000000000000000000000000000000000000000000000000000000100101111001100000000000000000000000000000000000000000000000000000000000000000000110110000000000000000000000000000000000000000000000000000000000
00000000000000000000000000000000000000000000000000000000001010110100011000000000000000000000000000000000000000000000000000000000000000000011111000000000000000000000000000000000000000000000000000000000
00000000000000000000000000000000000000000000000000000000100101111010010100000000000000000000000000000000000000000000000000000000000000001101110100000000000000000000000000000000000000000000000000000000
00000000000000000000000000000000000000000000000000000000011110011100101000000000000000000000000000000000000000000000000000000000000000000011101000000000000000000000000000000000000000000000000000000000
00000000000000000000000000000000000000000000000000000000000000001100001000000000000000000000000000000000000000000000000000000000001010010011010100000000000000000000000000000000000000000000000000000000
00000000000000000000000000000000000000000000000000000000000000001110101000000000000000000000000000000000000000000000000000000000010101000111011000000000000000000000000000000000000000000000000000000000
00000000000000000000000000000000000000000000000000000000000000001100000000000000000000000000000000000000000000000000000000000000001011000110000100000000000000000000000000000000000000000000000000000000
00000000000000000000000000000000000000000000000000000000000000001111010100000000000000000000000000000000000000000000000000000000100101001111010000000000000000000000000000000000000000000000000000000000
00000000000000000000000000000000000000000000000000000000000000000011011000000000000000000000000000000000000000000000000000000000011101001111101000000000000000000000000000000000000000000000000000000000
00000000000000000000000000000000000000000000000000000000000000000111100100000000000000000000000000000000000000000000000000000000010010001101011000000000000000000000000000000000000000000000000000000000
00000000000000000000000000000000000000000000000000000000000000000001110000000000000000000000000000000000000000000000000000000000101000111101011000000000000000000000000000000000000000000000000000000000
00000000000000000000000000000000000000000000000000000000000000000101110000000000000000000000000000000000000000000000000000000000000111011010101000000000000000000000000000000000000000000000000000000000
00000000000000000000000000000000000000000000000000000000000000001010111101000001000000000000000000000000000000000000000000000000001001111001001000000000000000000000000000000000000000000000000000000000
00000000000000000000000000000000000000000000000000000000000000000010011010010100000000000000000000000000000000000000000000000000010111110110100100000000000000000000000000000000000000000000000000000000
00000000000000000000000000000000000000000000000000000000000000001101011101001010000000000000000000000000000000000000000000000000010011111000011100000000000000000000000000000000000000000000000000000000
00000000000000000000000000000000000000000000000000000000000000000010101110101101000000000000000000000000000000000000000000000000011111101010100100000000000000000000000000000000000000000000000000000000
00000000000000000000000000000000000000000000000000000000000000001110011111100100000000000000000000000000000000000000000000000000101011100101101000000000000000000000000000000000000000000000000000000000
00000000000000000000000000000000000000000000000000000000000000000101001111011011000000000000000000000000000000000000000000000000011011100110010100000000000000000000000000000000000000000000000000000000
00000000000000000000000000000000000000000000000000000000000000000010011011000110000000000000000000000000000000000000000000000000100111101001100000000000000000000000000000000000000000000000000000000000
00000000000000000000000000000000000000000000000000000000000000000100100111010001000000000000000000000000000000000000000000000000010110000110000100000000000000000000000000000000000000000000000000000000
00000000000000000000000000000000000000000000000000000000000000000000000011010010000000000000000000000000000000000000000010101101001111000000000000000000000000000000001100000000000000000000000000000000
00000000000000000000000000000000000000000000000000000000000000000000000011100101000000000000000000000000000000000000000000010110001101110000000000000000000000000000001100000000000000000000000000000000
00000000000000000000000000000000000000000000000000000000000000000000000001110000000000000000000000000000000000000000000001101011011110000000000000000000000000000000001100000000000000000000000000000000
00000000000000000000000000000000000000000000000000000000000000000000000011111001000000000000000000000000000000000000000000001101111010110000000000000000000000000000001100000000000000000000000000000000
00000000000000000000000000000000000000000000000000000000000000000000000001111010000000000000000000000000000000000000000001101000110110000000000000000000000000000000001100000000000000000000000000000000
00000000000000000000000000000000000000000000000000000000000000000000000000011011000000000000000000000000000000000000000010110011110011000000000000000000000000000000011100000000000000000000000000000000
00000000000000000000000000000000000000000000000000000000000000000000000000111110000000000000000000000000000000000000000010001101101000110000000000000000000000000000011100000000000000000000000000000000
00000000000000000000000000000000000000000000000000000000000000000000000000011110000000000000000000000000000000000000000000001011110101000000000000000000000000000000011100000000000000000000000000000000
00000000000000000000000000000000000000000000000000000000000000000000000001100111000111000000000000000000000000000000000001011011000000000000000000000000000000000000001100000000000000000000000000000000
00000000000000000000000000000000000000000000000000000000000000000000000010001011110010110000000000000000000000000000000001010111000000000000000000000000000000000000001100000000000000000000000000000000
00000000000000000000000000000000000000000000000000000000000000000000000001010001100110100000000000000000000000000000000010001110000000000000000000000000000000000000001100000000000000000000000000000000
00000000000000000000000000000000000000000000000000000000000000000000000001101001111001010000000000000000000000000000000001100111000000000000000000000000000000000000001100000000000000000000000000000000
00000000000000000000000000000000000000000000000000000000000000000000000000100101110111010000000000000000000000000000000000001101000000000000000000000000000000000000001100000000000000000000000000000000
00000000000000000000000000000000000000000000000000000000000000000000000010011001110100100000000000000000000000000000000001101100000000000000000000000000000000000000001100000000000000000000000000000000
00000000000000000000000000000000000000000000000000000000000000000000000001010010111101100000000000000000000000000000000010011110000000000000000000000000000000000000001100000000000000000000000000000000
00000000000000000000000000000000000000000000000000000000000000000000000010010100111010000000000000000000000000000000000001011000000000000000000000000000000000000000001100000000000000000000000000000000
00000000000000001110000000000000000000000000000000000000000000000000000000000000011010000000000000000000000000000000000001011100000000000000000000000000000000000000001100000000000000000000000000000000
00000000000000001110000000000000000000000000000000000000000000000000000000000000011101000000000000000000000000000000000001111010000000000000000000000000000000000000001100000000000000000000000000000000
00000000000000001110000000000000000000000000000000000000000000000000000000000000111100000000000000000000000000000000000010110100000000000000000000000000000000000000001100000000000000000000000000000000
00000000000000001110000000000000000000000000000000000000000000000000000000000000011111000000000000000000000000000000000001101011000000000000000000000000000000000000001100000000000000000000000000000000
00000000000000001110000000000000000000000000000000000000000000000000000000000000001110110000000000000000000000000000000001101100000000000000000000000000000000000000001100000000000000000000000000000000
00000000000000001110000000000000000000000000000000000000000000000000000000000000010111100000000000000000000000000000000011100001000000000000000000000000000000000000001100000000000000000000000000000000
00000000000000001110000000000000000000000000000000000000000000000000000000000000100111010000000000000000000000000000000011100110000000000000000000000000000000000000001100000000000000000000000000000000
00000000000000001110000000000000000000000000000000000000000000000000000000000000000011000000000000000000000000000000000011010010000000000000000000000000000000000000001100000000000000000000000000000000
00000000000000001110000000000000000000000000000000000000000000000000000000000000101011110100100100000000000000000000101011010010000000000000000000000000000000000000011100000000000000000000000000000000
00000000000000001110000000000000000000000000000000000000000000000000000000000000011011100011001000000000000000000101010111100100000000000000000000000000000000000000000100000000000000000000000000000000
00000000000000001110000000000000000000000000000000000000000000000000000000000000000100111001010000000000000000000011101110101101000000000000000000000000000000000000000000000000000000000000000000000000
00000000000000001111000000000000000000000000000000000000000000000000000000000000001011110101010100000000000000001011010111010010000000000000000000000000000000000000001100000000000000000000000000000000
00000000000000001111100000000000000010000000000000000000000000000000000000000000010011111010100000000000000000000111111111101011000000000000000000000000000000001111111100000000000000000000000000000000
00000000000000001111111100000000000111000000000000000000000000000000000000000000001100011101001000000000000000000101101100011100000000000000000000000000000000001111111100000000000000000000000000000000
00000000000000001111111100000000000111110000000000000000000000000000000000000000011011011110010100000000000000000110011111110010000000000000000000000000000000001111111100000000000000000000000000000000
00000000000000001111111100000000001111110000000000000000000000000000000000000000101001000110100100000000000000000011001100101101000000000000000000000000000000001111111100000000000000000000000000000000
00000000000000000000000000000000000000000000000000000000000000000000000000000000000000001111110000000000000000000001011100000000000000000000000000000000000000000000000000000000000000000000000000000000
00000000000000000000000000000000000000000000000000000000000000000000000000000000000000000110010100000000000000000010111000000000000000000000000000000000000000000000000000000000000000000000000000000000
00000000000000000000000000000000000000000000000000000000000000000000000000000000000000001111101000000000000000000010110100000000000000000000000000000000000000000000000000000000000000000000000000000000
00000000000000000000000000000000000000000000000000000000000000000000000000000000000000000111110100000000000000001010110000000000000000000000000000000000000000000000000000000000000000000000000000000000
00000000000000000000000000000000000000000000000000000000000000000000000000000000000000000011100100000000000000000001111000000000000000000000000000000000000000000000000000000000000000000000000000000000
00000000000000000000000000000000000000000000000000000000000000000000000000000000000000001001111000000000000000000111110100000000000000000000000000000000000000000000000000000000000000000000000000000000
00000000000000000000000000000000000000000000000000000000000000000000000000000000000000000111110000000000000000000011111000000000000000000000000000000000000000000000000000000000000000000000000000000000
00000000000000000000000000000000000000000000000000000000000000000000000000000000000000000101111000000000000000000111000100000000000000000000000000000000000000000000000000000000000000000000000000000000
00000000000000000000000000000000000000000000000000000000000000000000000000000000000000001001011001000010101010001111001000000000000000000000000000000000000000000000000000000000000000000000000000000000
00000000000000000000000000000000000000000000000000000000000000000000000000000000000000001010011110101001010100111100100000000000000000000000000000000000000000000000000000000000000000000000000000000000
00000000000000000000000000000000000000000000000000000000000000000000000000000000000000000100101110000111000110011001101100000000000000000000000000000000000000000000000000000000000000000000000000000000
00000000000000000000000000000000000000000000000000000000000000000000000000000000000000000001010111010000110001111000101000000000000000000000000000000000000000000000000000000000000000000000000000000000
00000000000000000000000000000000000000000000000000000000000000000000000000000000000000001010101011101011011010111001010100000000000000000000000000000000000000000000000000000000000000000000000000000000
00000000000000000000000000000000000000000000000000000000000000000000000000000000000000000010100111110010000010110101100000000000000000000000000000000000000000000000000000000000000000000000000000000000
00000000000000000000000000000000000000000000000000000000000000000000000000000000000000000100110011110101010011110100001000000000000000000000000000000000000000000000000000000000000000000000000000000000
00000000000000000000000000000000000000000000000000000000000000000000000000000000000000001001001001110001101001110001110100000000000000000000000000000000000000000000000000000000000000000000000000000000
00000000000000000000000000000000000000000000000000000000000000000000000000000000000000000000000001011011001001110000000000000000000000000000000000000000000000000000000000000000000000000000000000000000
00000000000000000000000000000000000000000000000000000000000000000000000000000000000000000000000011011110110001100000000000000000000000000000000000000000000000000000000000000000000000000000000000000000
00000000000000000000000000000000000000000000000000000000000000000000000000000000000000000000000000001111000111110000000000000000000000000000000000000000000000000000000000000000000000000000000000000000
00000000000000000000000000000000000000000000000000000000000000000000000000000000000000000000000000110110101111000000000000000000000000000000000000000000000000000000000000000000000000000000000000000000
00000000000000000000000000000000000000000000000000000000000000000000000000000000000000000000000011001111011110010000000000000000000000000000000000000000000000000000000000000000000000000000000000000000
00000000000000000000000000000000000000000000000000000000000000000000000000000000000000000000000000010011111101000000000000000000000000000000000000000000000000000000000000000000000000000000000000000000
00000000000000000000000000000000000000000000000000000000000000000000000000000000000000000000000010100111111101000000000000000000000000000000000000000000000000000000000000000000000000000000000000000000
00000000000000000000000000000000000000000000000000000000000000000000000000000000000000000000000001001101101101000000000000000000000000000000000000000000000000000000000000000000000000000000000000000000
00000000000000000000000000000000000000000000000000000000000000000000000000000000000000000000000000000000000000000000000000000000000000000000000000000000000000000000000000000000000000000000000000000000
00000000000000000000000000000000000000000000000000000000000000000000000000000000000000000000000000000000000000000000000000000000000000000000000000000000000000000000000000000000000000000000000000000000
00000000000000000000000000000000000000000000000000000000000000000000000000000000000000000000000000000000000000000000000000000000000000000000000000000000000000000000000000000000000000000000000000000000
00000000000000000000000000000000000000000000000000000000000000000000000000000000000000000000000000000000000000000000000000000000000000000000000000000000000000000000000000000000000000000000000000000000
00000000000000000000000000000000000000000000000000000000000000000000000000000000000000000000000000000000000000000000000000000000000000000000000000000000000000000000000000000000000000000000000000000000
00000000000000000000000000000000000000000000000000000000000000000000000000000000000000000000000000000000000000000000000000000000000000000000000000000000000000000000000000000000000000000000000000000000
00000000000000000000000000000000000000000000000000000000000000000000000000000000000000000000000000000000000000000000000000000000000000000000000000000000000000000000000000000000000000000000000000000000
00000000000000000000000000000000000000000000000000000000000000000000000000000000000000000000000000000000000000000000000000000000000000000000000000000000000000000000000000000000000000000000000000000000
00000000000000000000000000000000000000000000000000000000000000000000000000000000000000000000000000000000000000000000000000000000000000000000000000000000000000000000000000000000000000000000000000000000
00000000000000000000000000000000000000000000000000000000000000000000000000000000000000000000000000000000000000000000000000000000000000000000000000000000000000000000000000000000000000000000000000000000
00000000000000000000000000000000000000000000000000000000000000000000000000000000000000000000000000000000000000000000000000000000000000000000000000000000000000000000000000000000000000000000000000000000
00000000000000000000000000000000000000000000000000000000000000000000000000000000000000000000000000000000000000000000000000000000000000000000000000000000000000000000000000000000000000000000000000000000
00000000000000000000000000000000000000000000000000000000000000000000000000000000000000000000000000000000000000000000000000000000000000000000000000000000000000000000000000000000000000000000000000000000
00000000000000000000000000000000000000000000000000000000000000000000000000000000000000000000000000000000000000000000000000000000000000000000000000000000000000000000000000000000000000000000000000000000
00000000000000000000000000000000000000000000000000000000000000000000000000000000000000000000000000000000000000000000000000000000000000000000000000000000000000000000000000000000000000000000000000000000
00000000000000000000000000000000000000000000000000000000000000000000000000000000000000000000000000000000000000000000000000000000000000000000000000000000000000000000000000000000000000000000000000000000
00000000000000000000000000000000000000000000000000000000000000000000000000000000000000000000000000000000000000000000000000000000000000000000000000000000000000000000000000000000000000000000000000000000
00000000000000000000000000000000000000000000000000000000000000000000000000000000000000000000000000000000000000000000000000000000000000000000000000000000000000000000000000000000000000000000000000000000
00000000000000000000000000000000000000000000000000000000000000000000000000000000000000000000000000000000000000000000000000000000000000000000000000000000000000000000000000000000000000000000000000000000
00000000000000000000000000000000000000000000000000000000000000000000000000000000000000000000000000000000000000000000000000000000000000000000000000000000000000000000000000000000000000000000000000000000
00000000000000000000000000000000000000000000000000000000000000000000000000000000000000000000000000000000000000000000000000000000000000000000000000000000000000000000000000000000000000000000000000000000
00000000000000000000000000000000000000000000000000000000000000000000000000000000000000000000000000000000000000000000000000000000000000000000000000000000000000000000000000000000000000000000000000000000
00000000000000000000000000000000000000000000000000000000000000000000000000000000000000000000000000000000000000000000000000000000000000000000000000000000000000000000000000000000000000000000000000000000
00000000000000000000000000000000000000000000000000000000000000000000000000000000000000000000000000000000000000000000000000000000000000000000000000000000000000000000000000000000000000000000000000000000
00000000000000000000000000000000000000000000000000000000000000000000000000000000000000000000000000000000000000000000000000000000000000000000000000000000000000000000000000000000000000000000000000000000
00000000000000000000000000000000000000000000000000000000000000000000000000000000000000000000000000000000000000000000000000000000000000000000000000000000000000000000000000000000000000000000000000000000
00000000000000000000000000000000000000000000000000000000000000000000000000000000000000000000000000000000000000000000000000000000000000000000000000000000000000000000000000000000000000000000000000000000
00000000000000000000000000000000000000000000000000000000000000000000000000000000000000000000000000000000000000000000000000000000000000000000000000000000000000000000000000000000000000000000000000000000
00000000000000000000000000000000000000000000000000000000000000000000000000000000000000000000000000000000000000000000000000000000000000000000000000000000000000000000000000000000000000000000000000000000
00000000000000000000000000000000000000000000000000000000000000000000000000000000000000000000000000000000000000000000000000000000000000000000000000000000000000000000000000000000000000000000000000000000
00000000000000000000000000000000000000000000000000000000000000000000000000000000000000000000000000000000000000000000000000000000000000000000000000000000000000000000000000000000000000000000000000000000
00000000000000000000000000000000000000000000000000000000000000000000000000000000000000000000000000000000000000000000000000000000000000000000000000000000000000000000000000000000000000000000000000000000
