200 200
00000000000000000000000000000000000000000000000000000000000000000000000000000000000000000000000000000000000000000000000000000000000000000000000000000000000000000000000000000000000000000000000000000000
00000000000000000000000000000000000000000000000000000000000000000000000000000000000000000000000000000000000000000000000000000000000000000000000000000000000000000000000000000000000000000000000000000000
00000000000000000000000000000000000000000000000000000000000000000000000000000000000000000000000000000000000000000000000000000000000000000000000000000000000000000000000000000000000000000000000000000000
00000000000000000000000000000000000000000000000000000000000000000000000000000000000000000000000000000000000000000000000000000000000000000000000000000000000000000000000000000000000000000000000000000000
00000000000000000000000000000000000000000000000000000000000000000000000000000000000000000000000000000000000000000000000000000000000000000000000000000000000000000000000000000000000000000000000000000000
00000000000000000000000000000000000000000000000000000000000000000000000000000000000000000000000000000000000000000000000000000000000000000000000000000000000000000000000000000000000000000000000000000000
00000000000000000000000000000000000000000000000000000000000000000000000000000000000000000000000000000000000000000000000000000000000000000000000000000000000000000000000000000000000000000000000000000000
00000000000000000000000000000000000000000000000000000000000000000000000000000000000000000000000000000000000000000000000000000000000000000000000000000000000000000000000000000000000000000000000000000000
00000000000000000000000000000000000000000000000000000000000000000000000000000000000000000000000000000000000000000000000000000000000000000000000000000000000000000000000000000000000000000000000000000000
00000000000000000000000000000000000000000000000000000000000000000000000000000000000000000000000000000000000000000000000000000000000000000000000000000000000000000000000000000000000000000000000000000000
00000000000000000000000000000000000000000000000000000000000000000000000000000000000000000000000000000000000000000000000000000000000000000000000000000000000000000000000000000000000000000000000000000000
00000000000000000000000000000000000000000000000000000000000000000000000000000000000000000000000000000000000000000000000000000000000000000000000000000000000000000000000000000000000000000000000000000000
00000000000000000000000000000000000000000000000000000000000000000000000000000000000000000000000000000000000000000000000000000000000000000000000000000000000000000000000000000000000000000000000000000000
00000000000000000000000000000000000000000000000000000000000000000000000000000000000000000000000000000000000000000000000000000000000000000000000000000000000000000000000000000000000000000000000000000000
00000000000000000000000000000000000000000000000000000000000000000000000000000000000000000000000000000000000000000000000000000000000000000000000000000000000000000000000000000000000000000000000000000000
00000000000000000000000000000000000000000000000000000000000000000000000000000000000000000000000000000000000000000000000000000000000000000000000000000000000000000000000000000000000000000000000000000000
00000000000000000000000000000000000000000000000000000000000000000000000000000000000000000000000000000000000000000000000000000000000000000000000000000000000000000000000000000000000000000000000000000000
00000000000000000000000000000000000000000000000000000000000000000000000000000000000000000000000000000000000000000000000000000000000000000000000000000000000000000000000000000000000000000000000000000000
00000000000000000000000000000000000000000000000000000000000000000000000000000000000000000000000000000000000000000000000000000000000000000000000000000000000000000000000000000000000000000000000000000000
00000000000000000000000000000000000000000000000000000000000000000000000000000000000000000000000000000000000000000000000000000000000000000000000000000000000000000000000000000000000000000000000000000000
00000000000000000000000000000000000000000000000000000000000000000000000000000000000000000000000000000000000000000000000000000000000000000000000000000000000000000000000000000000000000000000000000000000
00000000000000000000000000000000000000000000000000000000000000000000000000000000000000000000000000000000000000000000000000000000000000000000000000000000000000000000000000000000000000000000000000000000
00000000000000000000000000000000000000000000000000000000000000000000000000000000000000000000000000000000000000000000000000000000000000000000000000000000000000000000000000000000000000000000000000000000
00000000000000000000000000000000000000000000000000000000000000000000000000000000000000000000000000000000000000000000000000000000000000000000000000000000000000000000000000000000000000000000000000000000
00000000000000000000000000000000000000000000000000000000000000000000000000000000000000000000000000000000000000000000000000000000000000000000000000000000000000000000000000000000000000000000000000000000
00000000000000000000000000000000000000000000000000000000000000000000000000000000000000000000000000000000000000000000000000000000000000000000000000000000000000000000000000000000000000000000000000000000
00000000000000000000000000000000000000000000000000000000000000000000000000000000000000000000000000000000000000000000000000000000000000000000000000000000000000000000000000000000000000000000000000000000
00000000000000000000000000000000000000000000000000000000000000000000000000000000000000000000000000000000000000000000000000000000000000000000000000000000000000000000000000000000000000000000000000000000
00000000000000000000000000000000000000000000000000000000000000000000000000000000000000000000000000000000000000000000000000000000000000000000000000000000000000000000000000000000000000000000000000000000
00000000000000000000000000000000000000000000000000000000000000000000000000000000000000000000000000000000000000000000000000000000000000000000000000000000000000000000000000000000000000000000000000000000
00000000000000000000000000000000000000000000000000000000000000000000000000000000000000000000000000000000000000000000000000000000000000000000000000000000000000000000000000000000000000000000000000000000
00000000000000000000000000000000000000000000000000000000000000000000000000000000000000000000000000000000000000000000000000000000000000000000000000000000000000000000000000000000000000000000000000000000
00000000000000000000000000000000000000000000000000000000000000000000000000000000000000000000000000000000000000000000000000000000000000000000000000000000000000000000000000000000000000000000000000000000
00000000000000000000000000000000000000000000000000000000000000000000000000000000000000000000000000000000000000000000000000000000000000000000000000000000000000000000000000000000000000000000000000000000
00000000000000000000000000000000000000000000000000000000000000000000000000000000000000000000000000000000000000000000000000000000000000000000000000000000000000000000000000000000000000000000000000000000
00000000000000000000000000000000000000000000000000000000000000000000000000000000000000000000000000000000000000000000000000000000000000000000000000000000000000000000000000000000000000000000000000000000
00000000000000000000000000000000000000000000000000000000000000000000000000000000000000000000000000000000000000000000000000000000000000000000000000000000000000000000000000000000000000000000000000000000
00000000000000000000000000000000000000000000000000000000000000000000000000000000000000000000000000000000000000000000000000000000000000000000000000000000000000000000000000000000000000000000000000000000
00000000000000000000000000000000000000000000000000000000000000000000000000000000000000000000000000000000000000000000000000000000000000000000000000000000000000000000000000000000000000000000000000000000
00000000000000000000000000000000000000000000000000000000000000000000000000000000000000000000000000000000000000000000000000000000000000000000000000000000000000000000000000000000000000000000000000000000
00000000000000000000000000000000000000000000000000000000000000000000000000000000000000000000000000000000000000000000000000000000000000000000000000000000000000000000000000000000000000000000000000000000
00000000000000000000000000000000000000000000000000000000000000000000000000000000000000000000000000000000000000000000000000000000000000000000000000000000000000000000000000000000000000000000000000000000
00000000000000000000000000000000000000000000000000000000000000000000000000000000000000000000000000000000000000000000000000000000000000000000000000000000000000000000000000000000000000000000000000000000
00000000000000000000000000000000000000000000000000000000000000000000000000000000000000000000000000000000000000000000000000000000000000000000000000000000000000000000000000000000000000000000000000000000
00000000000000000000000000000000000000000000000000000000000000000000000000000000000000000000000000000000000000000000000000000000000000000000000000000000000000000000000000000000000000000000000000000000
00000000000000000000000000000000000000000000000000000000000000000000000000000000000000000000000000000000000000000000000000000000000000000000000000000000000000000000000000000000000000000000000000000000
00000000000000000000000000000000000000000000000000000000000000000000000000000000000000000000000000000000000000000000000000000000000000000000000000000000000000000000000000000000000000000000000000000000
00000000000000000000000000000000000000000000000000000000000000000000000000000000000000000000000000000000000000000000000000000000000000000000000000000000000000000000000000000000000000000000000000000000
00000000000000000000000000000000000000000000000000000000000000000000000000000000000000000000000000000000000000000000000000000000000000000000000000000000000000000000000000000000000000000000000000000000
00000000000000000000000000000000000000000000000000000000000000000000000000000000000000000000000000000000000000000000000000000000000000000000000000000000000000000000000000000000000000000000000000000000
00000000000000000000000000000000000000000000000000000000000000000000000000000000000000000000000000000000000000000000000000000000000000000000000000000000000000000000000000000000000000000000000000000000
00000000000000000000000000000000000000000000000000000000000000000000000000000000000000000000000000000000000000000000000000000000000000000000000000000000000000000000000000000000000000000000000000000000
00000000000000000000000000000000000000000000000000000000000000000000000000000000000000000000000000000000000000000000000000000000000000000000000000000000000000000000000000000000000000000000000000000000
00000000000000000000000000000000000000000000000000000000000000000000000000000000000000000000000000000000000000000000000000000000000000000000000000000000000000000000000000000000000000000000000000000000
00000000000000000000000000000000000000000000000000000000000000000000000000000000000000000000000000000000000000000000000000000000000000000000000000000000000000000000000000000000000000000000000000000000
00000000000000000000000000000000000000000000000000000000000000000000000000000000000000000000000000000000000000000000000000000000000000000000000000000000000000000000000000000000000000000000000000000000
00000000000000000000000000000000000000001000011111111111111111111111111111111110000000000110101100000000000000000000000000000000000000000000000000010011000000000000000000000000000000000000000000000000
00000000000000000000000000000000000000000000001111111111111111111111111111111111111111111000010000000000000000000000000000000000000000000000000001110000000000000000000000000000000000000000000000000000
00000000000000000000000000000000000000000001011011111111111111111111111101010011111111111111111000000000000000000000000000000000000000000000000010000110000000000000000000000000000000000000000000000000
00000000000000000000000000000000000000001011101100000000000000000000000010001000000000001111111111111111111111111111111111111111111111111111111111001001000000000000000000000000000000000000000000000000
00000000000000000000000000000000000000000101110000000000000000000000000000001101000000000010011111111111111111111111111111111111111111111111111111110100000000000000000000000000000000000000000000000000
00000000000000000000000000000000000000001101111100000000000000000000000010100101000000000000110100000000000000000000000000000000000000000000000000111111000000000000000000000000000000000000000000000000
00000000000000000000000000000000000000000010111100000000000000000000000001010000000000000001001000000000000000000000000000000000000000000000000011011100000000000000000000000000000000000000000000000000
00000000000000000000000000000000000000001101001100000000000000000000000010010010000000000011001000000000000000000000000000000000000000000000000000111100000000000000000000000000000000000000000000000000
00000000000000000000000000000000000000000100011111010010000000000000000000000000000000000000000000000000000000000000000000000000000000000000000000001110000000000000000000000000000000000000000000000000
00000000000000000000000000000000000000001001011011100101000000000000000000000000000000000000000000000000000000000000000000000000000000000000000000001110000000000000000000000000000000000000000000000000
00000000000000000000000000000000000000000001001101110100000000000000000000000000000000000000000000000000000000000000000000000000000000000000000000001110000000000000000000000000000000000000000000000000
00000000000000000000000000000000000000001010010101101101000000000000000000000000000000000000000000000000000000000000000000000000000000000000000000001110000000000000000000000000000000000000000000000000
00000000000000000000000000000000000000000101100011110010000000000000000000000000000000000000000000000000000000000000000000000000000000000000000000001110000000000000000000000000000000000000000000000000
00000000000000000000000000000000000000001010001100111010000000000000000000000000000000000000000000000000000000000000000000000000000000000000000000001110000000000000000000000000000000000000000000000000
00000000000000000000000000000000000000000101010010011101000000000000000000000000000000000000000000000000000000000000000000000000000000000000000000001110000000000000000000000000000000000000000000000000
00000000000000000000000000000000000000001000001000101110000000000000000000000000000000000000000000000000000000000000000000000000000000000000000000001110000000000000000000000000000000000000000000000000
00000000000000000000000000000000000000000000000000001111100010000000000000000000000000000000000000000000000000000000000000000000000000000000000000001110000000000000000000000000000000000000000000000000
00000000000000000000000000000000000000000000000000100011010100110000000000000000000000000000000000000000000000000000000000000000000000000000000000001110000000000000000000000000000000000000000000000000
00000000000000000000000000000000000000000000000011010111111000100000000000000000000000000000000000000000000000000000000000000000000000000000000000001110000000000000000000000000000000000000000000000000
00000000000000000000000000000000000000000000000001011001110110100000000000000000000000000000000000000000000000000000000000000000000000000000000000001110000000000000000000000000000000000000000000000000
00000000000000000000000000000000000000000000000010110101111010010000000000000000000000000000000000000000000000000000000000000000000000000000000000001110000000000000000000000000000000000000000000000000
00000000000000000000000000000000000000000000000001000001111101000000000000000000000000000000000000000000000000000000000000000000000000000000000000001110000000000000000000000000000000000000000000000000
00000000000000000000000000000000000000000000000010100010111101010000000000000000000000000000000000000000000000000000000000000000000000000000000000001110000000000000000000000000000000000000000000000000
00000000000000000000000000000000000000000000000010110110011111010000000000000000000000000000000000000000000000000000000000000000000000000000000000001110000000000000000000000000000000000000000000000000
00000000000000000000000000000000000000000000000000000000010111111000010100000000000000000000000000000000000000000000000000000000000000000000000000001110000000000000000000000000000000000000000000000000
00000000000000000000000000000000000000000000000000000000001111100101001100000000000000000000000000000000000000000000000000000000000000000000000000001110000000000000000000000000000000000000000000000000
00000000000000000000000000000000000000000000000000000000000111111100100000000000000000000000000000000000000000000000000000000000000000000000000000001110000000000000000000000000000000000000000000000000
00000000000000000000000000000000000000000000000000000000110000111110001100000000000000000000000000000000000000000000000000000000000000000000000000001110000000000000000000000000000000000000000000000000
00000000000000000000000000000000000000000000000000000000000101001111101000000000000000000000000000000000000000000000000000000000000000000000000000001110000000000000000000000000000000000000000000000000
00000000000000000000000000000000000000000000000000000000011000100110010000000000000000000000000000000000000000000000000000000000000000000000000000001110000000000000000000000000000000000000000000000000
00000000000000000000000000000000000000000000000000000000001110100111110100000000000000000000000000000000000000000000000000000000000000000000000000001110000000000000000000000000000000000000000000000000
00000000000000000000000000000000000000000000000000000000110001011011111000000000000000000000000000000000000000000000000000000000000000000000000000001110000000000000000000000000000000000000000000000000
00000000000000000000000000000000000000000000000000000000000000000100111110100000000000000000000000000000000000000000000000000000000000000000000000001110000000000000000000000000000000000000000000000000
00000000000000000000000000000000000000000000000000000000000000000010011111001010000000000000000000000000000000000000000000000000000000000000000000001110000000000000000000000000000000000000000000000000
00000000000000000000000000000000000000000000000000000000000000001101000011010100000000000000000000000000000000000000000000000000000000000000000000001110000000000000000000000000000000000000000000000000
00000000000000000000000000000000000000000000000000000000000000000000010001101011000000000000000000000000000000000000000000000000000000000000000000001110000000000000000000000000000000000000000000000000
00000000000000000000000000000000000000000000000000000000000000001010110001110100000000000000000000000000000000000000000000000000000000000000000000001110000000000000000000000000000000000000000000000000
00000000000000000000000000000000000000000000000000000000000000000101100110111110000000000000000000000000000000000000000000000000000000000000000000001110000000000000000000000000000000000000000000000000
00000000000000000000000000000000000000000000000000000000000000000110001001011101000000000000000000000000000000000000000000000000000000000000000000001110000000000000000000000000000000000000000000000000
00000000000000000000000000000000000000000000000000000000000000001001000100001110000000000000000000000000000000000000000000000000000000000000000000001110000000000000000000000000000000000000000000000000
00000000000000000000000000000000000000000000000000000000000000000000000001101111100101000000000000000000000000000000000000000000000000000000000000001110000000000000000000000000000000000000000000000000
00000000000000000000000000000000000000000000000000000000000000000000000001011011111010000000000000000000000000000000000000000000000000000000000000001110000000000000000000000000000000000000000000000000
00000000000000000000000000000000000000000000000000000000000000000000000010110101110101000000000000000000000000000000000000000000000000000000000000001110000000000000000000000000000000000000000000000000
00000000000000000000000000000000000000000000000000000000000000000000000000010001111010110000000000000000000000000000000000000000000000000000000000001110000000000000000000000000000000000000000000000000
00000000000000000000000000000000000000000000000000000000000000000000000000001110011100000000000000000000000000000000000000000000000000000000000000001110000000000000000000000000000000000000000000000000
00000000000000000000000000000000000000000000000000000000000000000000000010110010011111110000000000000000000000000000000000000000000000000000000000001110000000000000000000000000000000000000000000000000
00000000000000000000000000000000000000000000000000000000000000000000000001100111110111000000000000000000000000000000000000000000000000000000000000001110000000000000000000000000000000000000000000000000
00000000000000000000000000000000000000000000000000000000000000000000000010010100001011110000000000000000000000000000000000000000000000000000000000001110000000000000000000000000000000000000000000000000
00000000000000000000000000000000000000000000000000000000000000000000000000000000000110111010110010010100000000000000000000000000000000000000000000001110000000000000000000000000000000000000000000000000
00000000000000000000000000000000000000000000000000000000000000000000000000000000101001011101001000101010000000000000000000000000000000000000000000001110000000000000000000000000000000000000000000000000
00000000000000000000000000000000000000000000000000000000000000000000000000000000010000101110100100110100000000000000000000000000000000000000000000001110000000000000000000000000000000000000000000000000
00000000000000000000000000000000000000000000000000000000000000000000000000000000000110010111101000101001000000000000000000000000000000000000000000001110000000000000000000000000000000000000000000000000
00000000000000000000000000000000000000000000000000000000000000000000000000000000110010010001110100101110000000000000000000000000000000000000000000001110000000000000000000000000000000000000000000000000
00000000000000000000000000000000000000000000000000000000000000000000000000000000001101001010111100010010000000000000000000000000000000000000000000001110000000000000000000000000000000000000000000000000
00000000000000000000000000000000000000000000000000000000000000000000000000000000100001011011001111000101000000000000000000000000000000000000000000001110000000000000000000000000000000000000000000000000
00000000000000000000000000000000000000000000000000000000000000000000000000000000011000100100010110111000000000000000000000000000000000000000000000001110000000000000000000000000000000000000000000000000
00000000000000000000000000000000000000000000000000000000000000000000000000000000000000000100100111100100011000000000000000000000000000000000000000001110000000000000001100000000000000000000000000000000
00000000000000000000000000000000000000000000000000000000000000000000000000000000000000001001011011110000100010100000000000000000000000000000000000001110000000000000001100000000000000000000000000000000
00000000000000000000000000000000000000000000000000000000000000000000000000000000000000001110000101111101101001010000000000000000000000000000000000001110000000000000001100000000000000000000000000000000
00000000000000000000000000000000000000000000000000000000000000000000000000000000000000001001010101011111011011100000000000000000000000000000000000001110000000000000001100000000000000000000000000000000
00000000000000000000000000000000000000000000000000000000000000000000000000000000000000000101101010000111100010000000000000000000000000000000000000001110000000000000001100000000000000000000000000000000
00000000000000000000000000000000000000000000000000000000000000000000000000000000000000001010011010110101101111010000000000000000000000000000000000001110000000000000011100000000000000000000000000000000
00000000000000000000000000000000000000000000000000000000000000000000000000000000000000000001100100010101111010000000000000000000000000000000000000001110000000000000011100000000000000000000000000000000
00000000000000000000000000000000000000000000000000000000000000000000000000000000000000001000011001000000111110100000000000000000000000000000000000001110000000000000011100000000000000000000000000000000
00000000000000000000000000000000000000000000000000000000000000000000000000000000000000000000000000000000011111001010010000000000000000000000000000001110000000000000001100000000000000000000000000000000
00000000000000000000000000000000000000000000000000000000000000000000000000000000000000000000000000000000110111010110101100000000000000000000000000001110000000000000001100000000000000000000000000000000
00000000000000000000000000000000000000000000000000000000000000000000000000000000000000000000000000000000001001100101110000000000000000000000000000001110000000000000001100000000000000000000000000000000
00000000000000000000000000000000000000000000000000000000000000000000000000000000000000000000000000000000010001110000001000000000000000000000000000001110000000000000001100000000000000000000000000000000
00000000000000000000000000000000000000000000000000000000000000000000000000000000000000000000000000000000100110111110100000000000000000000000000000001110000000000000001100000000000000000000000000000000
00000000000000000000000000000000000000000000000000000000000000000000000000000000000000000000000000000000011001001111010100000000000000000000000000001110000000000000001100000000000000000000000000000000
00000000000000000000000000000000000000000000000000000000000000000000000000000000000000000000000000000000101000010110100000000000000000000000000000001110000000000000001100000000000000000000000000000000
00000000000000000000000000000000000000000000000000000000000000000000000000000000000000000000000000000000010101001011010100000000000000000000000000001110000000000000001100000000000000000000000000000000
00000000000000001110000000000000000000000000000000000000000000000000000000000000000000000000000000000000000000001011101001001001000000000000000000001110000000000000001100000000000000000000000000000000
00000000000000001110000000000000000000000000000000000000000000000000000000000000000000000000000000000000000000000001110100110010000000000000000000001110000000000000001100000000000000000000000000000000
00000000000000001110000000000000000000000000000000000000000000000000000000000000000000000000000000000000000000000110111010010100000000000000000000001110000000000000001100000000000000000000000000000000
00000000000000001110000000000000000000000000000000000000000000000000000000000000000000000000000000000000000000000001111101010101000000000000000000001110000000000000001100000000000000000000000000000000
00000000000000001110000000000000000000000000000000000000000000000000000000000000000000000000000000000000000000000100101110101000000000000000000000001110000000000000001100000000000000000000000000000000
00000000000000001110000000000000000000000000000000000000000000000000000000000000000000000000000000000000000000001010100111010010000000000000000000001110000000000000001100000000000000000000000000000000
00000000000000001110000000000000000000000000000000000000000000000000000000000000000000000000000000000000000000000111110111100101000000000000000000001110000000000000001100000000000000000000000000000000
00000000000000001110000000000000000000000000000000000000000000000000000000000000000000000000000000000000000000001010001001101001000000000000000000001110000000000000001100000000000000000000000000000000
00000000000000001110000000000000000000000000000000000000000000000000000000000000000000000000000000000000000000000000000010111010001010010000000000001110000000000000011100000000000000000000000000000000
00000000000000001110000000000000000000000000000000000000000000000000000000000000000000000000000000000000000000000000000010111001101001100000000000001110000000000000000100000000000000000000000000000000
00000000000000001110000000000000000000000000000000000000000000000000000000000000000000000000000000000000000000000000000001011110010011010000000000001110000000000000000000000000000000000000000000000000
00000000000000001111000000000000000000000000000000000000000000000000000000000000000000000000000000000000000000000000000001001110011100100000000000001110000000000000001100000000000000000000000000000000
00000000000000001111100000000000000010000000000000000000000000000000000000000000000000000000000000000000000000001111111110010111000010000000000000001110000000001111111100000000000000000000000000000000
00000000000000001111111100000000000111000000000000000000000000000000000000000000000000000000000000000000000000001111111110100011101011010000000000001110000000001111111100000000000000000000000000000000
00000000000000001111111100000000000111110000000000000000000000000000000000000000000000000000000000000000000000000001111100011101110110100000000000001110000000001111111100000000000000000000000000000000
00000000000000001111111100000000001111110000000000000000000000000000000000000000000000000000000000000000000000000000111110110010111101100000000000001110000000001111111100000000000000000000000000000000
00000000000000000000000000000000000000000000000000000000000000000000000000000000000000000000000000000000000000000000000000000000011100011010010000001110000000000000000000000000000000000000000000000000
00000000000000000000000000000000000000000000000000000000000000000000000000000000000000000000000000000000000000000000000000000000001111100010100000001110000000000000000000000000000000000000000000000000
00000000000000000000000000000000000000000000000000000000000000000000000000000000000000000000000000000000000000000000000000000000111111010101011000001110000000000000000000000000000000000000000000000000
00000000000000000000000000000000000000000000000000000000000000000000000000000000000000000000000000000000000000000000000000000000000011101100100000001110000000000000000000000000000000000000000000000000
00000000000000000000000000000000000000000000000000000000000000000000000000000000000000000000000000000000000000000000000000000000110111110011110100001110000000000000000000000000000000000000000000000000
00000000000000000000000000000000000000000000000000000000000000000000000000000000000000000000000000000000000000000000000000000000001001111110000100001110000000000000000000000000000000000000000000000000
00000000000000000000000000000000000000000000000000000000000000000000000000000000000000000000000000000000000000000000000000000000100000111101101000001110000000000000000000000000000000000000000000000000
00000000000000000000000000000000000000000000000000000000000000000000000000000000000000000000000000000000000000000000000000000000010110111010010100001110000000000000000000000000000000000000000000000000
00000000000000000000000000000000000000000000000000000000000000000000000000000000000000000000000000000000000000000000000000000000010010011100001000001110000000000000000000000000000000000000000000000000
00000000000000000000000000000000000000000000000000000000000000000000000000000000000000000000000000000000000000000000000000000000100101101111000100001110000000000000000000000000000000000000000000000000
00000000000000000000000000000000000000000000000000000000000000000000000000000000000000000000000000000000000000000000000000000000111000010110101000001110000000000000000000000000000000000000000000000000
00000000000000000000000000000000000000000000000000000000000000000000000000000000000000000000000000000000000000000000000000000000100101010110010000001110000000000000000000000000000000000000000000000000
00000000000000000000000000000000000000000000000000000000000000000000000000000000000000000000000000000000000000000000000000000000010110101111101100001110000000000000000000000000000000000000000000000000
00000000000000000000000000000000000000000000000000000000000000000000000000000000000000000000000000000000000000000000000000000000101001101111001000001110000000000000000000000000000000000000000000000000
00000000000000000000000000000000000000000000000000000000000000000000000000000000000000000000000000000000000000000000000000000000000110010011110100001110000000000000000000000000000000000000000000000000
00000000000000000000000000000000000000000000000000000000000000000000000000000000000000000000000000000000000000000000000000000000100001101011110100001110000000000000000000000000000000000000000000000000
00000000000000000000000000000000000000000000000000000000000000000000000000000000000000000000000000000000000000000000000000000000000000000101110110011100000000000000000000000000000000000000000000000000
00000000000000000000000000000000000000000000000000000000000000000000000000000000000000000000000000000000000000000000000000000000000000000111111000101110000000000000000000000000000000000000000000000000
00000000000000000000000000000000000000000000000000000000000000000000000000000000000000000000000000000000000000000000000000000000000000001001011100011100000000000000000000000000000000000000000000000000
00000000000000000000000000000000000000000000000000000000000000000000000000000000000000000000000000000000000000000000000000000000000000000110111000001101000000000000000000000000000000000000000000000000
00000000000000000000000000000000000000000000000000000000000000000000000000000000000000000000000000000000000000000000000000000000000000001001011101001110000000000000000000000000000000000000000000000000
00000000000000000000000000000000000000000000000000000000000000000000000000000000000000000000000000000000000000000000000000000000000000000010101101011110000000000000000000000000000000000000000000000000
00000000000000000000000000000000000000000000000000000000000000000000000000000000000000000000000000000000000000000000000000000000000000001001011111001101000000000000000000000000000000000000000000000000
00000000000000000000000000000000000000000000000000000000000000000000000000000000000000000000000000000000000000000000000000000000000000000111100110011100000000000000000000000000000000000000000000000000
00000000000000000000000000000000000000000000000000000000000000000000000000000000000000000000000000000000000000000000000000000000000000000000000011001101000000000000000000000000000000000000000000000000
00000000000000000000000000000000000000000000000000000000000000000000000000000000000000000000000000000000000000000000000000000000000000000000000011101110000000000000000000000000000000000000000000000000
00000000000000000000000000000000000000000000000000000000000000000000000000000000000000000000000000000000000000000000000000000000000000000000000001111110000000000000000000000000000000000000000000000000
00000000000000000000000000000000000000000000000000000000000000000000000000000000000000000000000000000000000000000000000000000000000000000000000000111110000000000000000000000000000000000000000000000000
00000000000000000000000000000000000000000000000000000000000000000000000000000000000000000000000000000000000000000000000000000000000000000000000000111110000000000000000000000000000000000000000000000000
00000000000000000000000000000000000000000000000000000000000000000000000000000000000000000000000000000000000000000000000000000000000000000000000000001001000000000000000000000000000000000000000000000000
00000000000000000000000000000000000000000000000000000000000000000000000000000000000000000000000000000000000000000000000000000000000000000000000001001010000000000000000000000000000000000000000000000000
00000000000000000000000000000000000000000000000000000000000000000000000000000000000000000000000000000000000000000000000000000000000000000000000000001100000000000000000000000000000000000000000000000000
00000000000000000000000000000000000000000000000000000000000000000000000000000000000000000000000000000000000000000000000000000000000000000000000000000000000000000000000000000000000000000000000000000000
00000000000000000000000000000000000000000000000000000000000000000000000000000000000000000000000000000000000000000000000000000000000000000000000000000000000000000000000000000000000000000000000000000000
00000000000000000000000000000000000000000000000000000000000000000000000000000000000000000000000000000000000000000000000000000000000000000000000000000000000000000000000000000000000000000000000000000000
00000000000000000000000000000000000000000000000000000000000000000000000000000000000000000000000000000000000000000000000000000000000000000000000000000000000000000000000000000000000000000000000000000000
00000000000000000000000000000000000000000000000000000000000000000000000000000000000000000000000000000000000000000000000000000000000000000000000000000000000000000000000000000000000000000000000000000000
00000000000000000000000000000000000000000000000000000000000000000000000000000000000000000000000000000000000000000000000000000000000000000000000000000000000000000000000000000000000000000000000000000000
00000000000000000000000000000000000000000000000000000000000000000000000000000000000000000000000000000000000000000000000000000000000000000000000000000000000000000000000000000000000000000000000000000000
00000000000000000000000000000000000000000000000000000000000000000000000000000000000000000000000000000000000000000000000000000000000000000000000000000000000000000000000000000000000000000000000000000000
00000000000000000000000000000000000000000000000000000000000000000000000000000000000000000000000000000000000000000000000000000000000000000000000000000000000000000000000000000000000000000000000000000000
00000000000000000000000000000000000000000000000000000000000000000000000000000000000000000000000000000000000000000000000000000000000000000000000000000000000000000000000000000000000000000000000000000000
00000000000000000000000000000000000000000000000000000000000000000000000000000000000000000000000000000000000000000000000000000000000000000000000000000000000000000000000000000000000000000000000000000000
00000000000000000000000000000000000000000000000000000000000000000000000000000000000000000000000000000000000000000000000000000000000000000000000000000000000000000000000000000000000000000000000000000000
00000000000000000000000000000000000000000000000000000000000000000000000000000000000000000000000000000000000000000000000000000000000000000000000000000000000000000000000000000000000000000000000000000000
00000000000000000000000000000000000000000000000000000000000000000000000000000000000000000000000000000000000000000000000000000000000000000000000000000000000000000000000000000000000000000000000000000000
00000000000000000000000000000000000000000000000000000000000000000000000000000000000000000000000000000000000000000000000000000000000000000000000000000000000000000000000000000000000000000000000000000000
00000000000000000000000000000000000000000000000000000000000000000000000000000000000000000000000000000000000000000000000000000000000000000000000000000000000000000000000000000000000000000000000000000000
00000000000000000000000000000000000000000000000000000000000000000000000000000000000000000000000000000000000000000000000000000000000000000000000000000000000000000000000000000000000000000000000000000000
00000000000000000000000000000000000000000000000000000000000000000000000000000000000000000000000000000000000000000000000000000000000000000000000000000000000000000000000000000000000000000000000000000000
00000000000000000000000000000000000000000000000000000000000000000000000000000000000000000000000000000000000000000000000000000000000000000000000000000000000000000000000000000000000000000000000000000000
00000000000000000000000000000000000000000000000000000000000000000000000000000000000000000000000000000000000000000000000000000000000000000000000000000000000000000000000000000000000000000000000000000000
00000000000000000000000000000000000000000000000000000000000000000000000000000000000000000000000000000000000000000000000000000000000000000000000000000000000000000000000000000000000000000000000000000000
00000000000000000000000000000000000000000000000000000000000000000000000000000000000000000000000000000000000000000000000000000000000000000000000000000000000000000000000000000000000000000000000000000000
00000000000000000000000000000000000000000000000000000000000000000000000000000000000000000000000000000000000000000000000000000000000000000000000000000000000000000000000000000000000000000000000000000000
00000000000000000000000000000000000000000000000000000000000000000000000000000000000000000000000000000000000000000000000000000000000000000000000000000000000000000000000000000000000000000000000000000000
