200 200
00000000000000000000000000000000000000000000000000000000000000000000000000000000000000000000000000000000000000000000000000000000000000000000000000000000000000000000000000000000000000000000000000000000
00000000000000000000000000000000000000000000000000000000000000000000000000000000000000000000000000000000000000000000000000000000000000000000000000000000000000000000000000000000000000000000000000000000
00000000000000000000000000000000000000000000000000000000000000000000000000000000000000000000000000000000000000000000000000000000000000000000000000000000000000000000000000000000000000000000000000000000
00000000000000000000000000000000000000000000000000000000000000000000000000000000000000000000000000000000000000000000000000000000000000000000000000000000000000000000000000000000000000000000000000000000
00000000000000000000000000000000000000000000000000000000000000000000000000000000000000000000000000000000000000000000000000000000000000000000000000000000000000000000000000000000000000000000000000000000
00000000000000000000000000000000000000000000000000000000000000000000000000000000000000000000000000000000000000000000000000000000000000000000000000000000000000000000000000000000000000000000000000000000
00000000000000000000000000000000000000000000000000000000000000000000000000000000000000000000000000000000000000000000000000000000000000000000000000000000000000000000000000000000000000000000000000000000
00000000000000000000000000000000000000000000000000000000000000000000000000000000000000000000000000000000000000000000000000000000000000000000000000000000000000000000000000000000000000000000000000000000
00000000000000000000000000000000000000000000000000000000000000000000000000000000000000000000000000000000000000000000000000000000000000000000000000000000000000000000000000000000000000000000000000000000
00000000000000000000000000000000000000000000000000000000000000000000000000000000000000000000000000000000000000000000000000000000000000000000000000000000000000000000000000000000000000000000000000000000
00000000000000000000000000000000000000000000000000000000000000000000000000000000000000000000000000000000000000000000000000000000000000000000000000000000000000000000000000000000000000000000000000000000
00000000000000000000000000000000000000000000000000000000000000000000000000000000000000000000000000000000000000000000000000000000000000000000000000000000000000000000000000000000000000000000000000000000
00000000000000000000000000000000000000000000000000000000000000000000000000000000000000000000000000000000000000000000000000000000000000000000000000000000000000000000000000000000000000000000000000000000
00000000000000000000000000000000000000000000000000000000000000000000000000000000000000000000000000000000000000000000000000000000000000000000000000000000000000000000000000000000000000000000000000000000
00000000000000000000000000000000000000000000000000000000000000000000000000000000000000000000000000000000000000000000000000000000000000000000000000000000000000000000000000000000000000000000000000000000
00000000000000000000000000000000000000000000000000000000000000000000000000000000000000000000000000000000000000000000000000000000000000000000000000000000000000000000000000000000000000000000000000000000
00000000000000000000000000000000000000000000000000000000000000000000000000000000000000000000000000000000000000000000000000000000000000000000000000000000000000000000000000000000000000000000000000000000
00000000000000000000000000000000000000000000000000000000000000000000000000000000000000000000000000000000000000000000000000000000000000000000000000000000000000000000000000000000000000000000000000000000
00000000000000000000000000000000000000000000000000000000000000000000000000000000000000000000000000000000000000000000000000000000000000000000000000000000000000000000000000000000000000000000000000000000
00000000000000000000000000000000000000000000000000000000000000000000000000000000000000000000000000000000000000000000000000000000000000000000000000000000000000000000000000000000000000000000000000000000
00000000000000000000000000000000000000000000000000000000000000000000000000000000000000000000000000000000000000000000000000000000000000000000000000000000000000000000000000000000000000000000000000000000
00000000000000000000000000000000000000000000000000000000000000000000000000000000000000000000000000000000000000000000000000000000000000000000000000000000000000000000000000000000000000000000000000000000
00000000000000000000000000000000000000000000000000000000000000000000000000000000000000000000000000000000000000000000000000000000000000000000000000000000000000000000000000000000000000000000000000000000
00000000000000000000000000000000000000000000000000000000000000000000000000000000000000000000000000000000000000000000000000000000000000000000000000000000000000000000000000000000000000000000000000000000
00000000000000000000000000000000000000000000000000000000000000000000000000000000000000001010011000110000010011100000000000000000000000000000000000000000000000000000000000000000000000000000000000000000
00000000000000000000000000000000000000000000000000000000000000000000000000000000000000000001100101111111010100010000000000000000000000000000000000000000000000000000000000000000000000000000000000000000
00000000000000000000000000000000000000000000000000000000000000000000000000000000000000001010011001110011101001000000000000000000000000000000000000000000000000000000000000000000000000000000000000000000
00000000000000000000000000000000000000000000000000000000000000000000000000000000000000000101101001110001111010100000000000000000000000000000000000000000000000000000000000000000000000000000000000000000
00000000000000000000000000000000000000000000000000000000000000000000000000000000000000001001010111101100011111010000000000000000000000000000000000000000000000000000000000000000000000000000000000000000
00000000000000000000000000000000000000000000000000000000000000000000000000000000000000001110100111100010101110000000000000000000000000000000000000000000000000000000000000000000000000000000000000000000
00000000000000000000000000000000000000000000000000000000000000000000000000000000000000001001011011011001000110110000000000000000000000000000000000000000000000000000000000000000000000000000000000000000
00000000000000000000000000000000000000000000000000000000000000000000000000000000000000000100100111110000010111010000000000000000000000000000000000000000000000000000000000000000000000000000000000000000
00000000000000000000000000000000000000000000000000000000000000000000000000000000010000100010001110010010010011101010001000000000000000000000000000000000000000000000000000000000000000000000000000000000
00000000000000000000000000000000000000000000000000000000000000000000000000000000100001010101111101101001001001111101110100000000000000000000000000000000000000000000000000000000000000000000000000000000
00000000000000000000000000000000000000000000000000000000000000000000000000000000001101000101111010000111101110110111001000000000000000000000000000000000000000000000000000000000000000000000000000000000
00000000000000000000000000000000000000000000000000000000000000000000000000000000110010011011110110101001010001111100010000000000000000000000000000000000000000000000000000000000000000000000000000000000
00000000000000000000000000000000000000000000000000000000000000000000000000000000000110011111100101011010101001011110010100000000000000000000000000000000000000000000000000000000000000000000000000000000
00000000000000000000000000000000000000000000000000000000000000000000000000000000011000101111011001100101010101011101000000000000000000000000000000000000000000000000000000000000000000000000000000000000
00000000000000000000000000000000000000000000000000000000000000000000000000000000101001011100100110011000010010101110010100000000000000000000000000000000000000000000000000000000000000000000000000000000
00000000000000000000000000000000000000000000000000000000000000000000000000000000010100111000001101100001101001000111100100000000000000000000000000000000000000000000000000000000000000000000000000000000
00000000000000000000000000000000000000000000000000000000000000000000000010100110011001110000000000000000000000000111000000000000000000000000000000000000000000000000000000000000000000000000000000000000
00000000000000000000000000000000000000000000000000000000000000000000000000011001011111100000000000000000000000000011110000000000000000000000000000000000000000000000000000000000000000000000000000000000
00000000000000000000000000000000000000000000000000000000000000000000000010100110010111010000000000000000000000001011000100000000000000000000000000000000000000000000000000000000000000000000000000000000
00000000000000000000000000000000000000000000000000000000000000000000000001011010001111100000000000000000000000001011111000000000000000000000000000000000000000000000000000000000000000000000000000000000
00000000000000000000000000000000000000000000000000000000000000000000000010010101111110010000000000000000000000000001100000000000000000000000000000000000000000000000000000000000000000000000000000000000
00000000000000000000000000000000000000000000000000000000000000000000000011101001011010100000000000000000000000001001101100000000000000000000000000000000000000000000000000000000000000000000000000000000
00000000000000000000000000000000000000000000000000000000000000000000000010010110111000100000000000000000000000000011110100000000000000000000000000000000000000000000000000000000000000000000000000000000
00000000000000000000000000000000000000000000000000000000000000000000000001001001110010000000000000000000000000000101111000000000000000000000000000000000000000000000000000000000000000000000000000000000
00000000000000000000000000000000000000000000000000000000000000001010011000000101101110000000000000000000000000000001111011101000000000000000000000000000000000000000000000000000000000000000000000000000
00000000000000000000000000000000000000000000000000000000000000000001100101011011110001010000000000000000000000000010111010001110000000000000000000000000000000000000000000000000000000000000000000000000
00000000000000000000000000000000000000000000000000000000000000001010011001101111000100100000000000000000000000001000011100110000000000000000000000000000000000000000000000000000000000000000000000000000
00000000000000000000000000000000000000000000000000000000000000000101101001011111001011100000000000000000000000000010101110001101000000000000000000000000000000000000000000000000000000000000000000000000
00000000000000000000000000000000000000000000000000000000000000001001010101011011001010010000000000000000000000001100100110111100000000000000000000000000000000000000000000000000000000000000000000000000
00000000000000000000000000000000000000000000000000000000000000001110100110111100001101000000000000000000000000000010010111110101000000000000000000000000000000000000000000000000000000000000000000000000
00000000000000000000000000000000000000000000000000000000000000001001011011110011001010100000000000000000000000000101101011001010000000000000000000000000000000000000000000000000000000000000000000000000
00000000000000000000000000000000000000000000000000000000000000000100100111101100100101000000000000000000000000000010001011110110000000000000000000000000000000000000000000000000000000000000000000000000
00000000000000000000000000000000000000000000000000000000010000100100010110010010000000000000000000000000000000000000000011001000000000000000000000000000000000000000000000000000000000000000000000000000
00000000000000000000000000000000000000000000000000000000100001011001001101101001000000000000000000000000000000000000000011100101000000000000000000000000000000000000000000000000000000000000000000000000
00000000000000000000000000000000000000000000000000000000001101000100111110000111000000000000000000000000000000000000000001110101000000000000000000000000000000000000000000000000000000000000000000000000
00000000000000000000000000000000000000000000000000000000110010011001111010101001000000000000000000000000000000000000000001111000000000000000000000000000000000000000000000000000000000000000000000000000
00000000000000000000000000000000000000000000000000000000000110010111110101011010000000000000000000000000000000000000000000110101000000000000000000000000000000000000000000000000000000000000000000000000
00000000000000000000000000000000000000000000000000000000011000101111001001100101000000000000000000000000000000000000000010111010000000000000000000000000000000000000000000000000000000000000000000000000
00000000000000000000000000000000000000000000000000000000101001011111101110011000000000000000000000000000000000000000000010011010000000000000000000000000000000000000000000000000000000000000000000000000
00000000000000000000000000000000000000000000000000000000010100111100100001100001000000000000000000000000000000000000000000011101000000000000000000000000000000000000000000000000000000000000000000000000
00000000000000000000000000000000000000000000000001000010100111110000000000000000000000000000000000000000000000000000000010001101100100100000000000000000000000000000000000000000000000000000000000000000
00000000000000000000000000000000000000000000000010000101010011100000000000000000000000000000000000000000000000000000000001101111011001000000000000000000000000000000000000000000000000000000000000000000
00000000000000000000000000000000000000000000000000110100000111010000000000000000000000000000000000000000000000000000000010001011110010100000000000000000000000000000000000000000000000000000000000000000
00000000000000000000000000000000000000000000000011001001101111100000000000000000000000000000000000000000000000000000000001101101111000110000000000000000000000000000000000000000000000000000000000000000
00000000000000000000000000000000000000000000000000011001011101000000000000000000000000000000000000000000000000000000000010110011110101000000000000000000000000000000000000000000000000000000000000000000
00000000000000000000000000000000000000000000000001100010111010110000000000000000000000000000000000000000000000000000000010001010111010110000000000000000000000000000000000000000000000000000000000000000
00000000000000000000000000000000000000000000000010100101111110100000000000000000000000000000000000000000000000000000000001010010011001000000000000000000000000000000000000000000000000000000000000000000
00000000000000000000000000000000000000000000000001010011101001010000000000000000000000000000000000000000000000000000000011000101111101010000000000000000000000000000000000000000000000000000000000000000
00000000000000000000000000000000000000000000000001110011000000000000000000000000000000000000000000000000000000000000000000000000101110011001010000000000000000000000000000000000000000000000000000000000
00000000000000000000000000000000000000000000000010110110000000000000000000000000000000000000000000000000000000000000000000000000010111000010101000000000000000000000000000000000000000000000000000000000
00000000000000000000000000000000000000000000000001001110000000000000000000000000000000000000000000000000000000000000000000000000000011110011010000000000000000000000000000000000000000000000000000000000
00000000000000000000000000000000000000000000000010111101000000000000000000000000000000000000000000000000000000000000000000000000110111100010100100000000000000000000000000000000000000000000000000000000
00000000000000000000000000000000000000000000000001111110000000000000000000000000000000000000000000000000000000000000000000000000001101110010111000000000000000000000000000000000000000000000000000000000
00000000000000000000000000000000000000000000000011110101000000000000000000000000000000000000000000000000000000000000000000000000101010110001001000000000000000000000000000000000000000000000000000000000
00000000000000000000000000000000000000000000000001100111000000000000000000000000000000000000000000000000000000000000000000000000010110111100010100000000000000000000000000000000000000000000000000000000
00000000000000000000000000000000000000000000000011110000000000000000000000000000000000000000000000000000000000000000000000000000001001011011100000000000000000000000000000000000000000000000000000000000
00000000000000000000000000000000100101010001010111100010000000000000000000000000000000000000000000000000000000000000000000000000000111011101001100000000000000000000000000000000000000000000000000000000
00000000000000000000000000000000010101100000111111010001000000000000000000000000000000000000000000000000000000000000000000000000101000111110010000000000000000000000000000000000000000000000000000000000
00000000000000000000000000000000100111100100111101101010000000000000000000000000000000000000000000000000000000000000000000000000010010000111101000000000000000000000000000000000000000000000000000000000
00000000000000000000000000000000101001000010111000010110000000000000000000000000000000000000000000000000000000000000000000000000011101001110010000000000000000000000000000000000000000000000000000000000
00000000000000000000000000000000011010011111110110100100000000000000000000000000000000000000000000000000000000000000000000000000100101000110011100000000000000000000000000000000000000000000000000000000
00000000000000000000000000000000010101101111001001111001000000000000000000000000000000000000000000000000000000000000000000000000001011001111001000000000000000000000000000000000000000000000000000000000
00000000000000000000000000000000101010111110010100101010000000000000000000000000000000000000000000000000000000000000000000000000010101000111111000000000000000000000000000000000000000000000000000000000
00000000000000000000000000000000010001111010010010101001000000000000000000000000000000000000000000000000000000000000000000000000001010010101100100000000000000000000000000000000000000000000000000000000
00000000000000000000000000001011010011110000000000000000000000000000000000000000000000000000000000000000000000000000000000000000000000000101110110001010000000000000000000000000000000000000000000000000
00000000000000000000000001100100101111010000000000000000000000000000000000000000000000000000000000000000000000000000000000000000000000000100111110101100000000000000000000000000000000000000000000000000
00000000000000000000000000011011011110100000000000000000000000000000000000000000000000000000000000000000000000000000000000000000000000001010011010100011000000000000000000000000000000000000000000000000
00000000000000000000000010100100111100010000000000000000000000000000000000000000000000000000000000000000000000000000000000000000000000000101011111000100000000000000000000000000000000000000000000000000
00000000000000000000000000110011111011100000000000000000000000000000000000000000000000000000000000000000000000000000000000000000000000001110011110101101000000000000000000000000000000000000000000000000
00000000000000000000000000111011111010010000000000000000000000000000000000000000000000000000000000000000000000000000000000000000000000000000000111110010000000000000000000000000000000000000000000000000
00000000000000000000000010000111110101000000000000000000000000000000000000000000000000000000000000000000000000000000000000000000000000000101000011100101000000000000000000000000000000000000000000000000
00000000000000000000000010111111010010100000000000000000000000000000000000000000000000000000000000000000000000000000000000000000000000001010011111111010000000000000000000000000000000000000000000000000
00000000000000001000010101111110000000000000000000000000000000000000000000000000000000000000000000000000000000000000000000000000000000000000000010111110010000100000000000000000000000000000000000000000
00000000000000000110100010111101000000000000000000000000000000000000000000000000000000000000000000000000000000000000000000000000000000000000000001011110101000010000000000000000000000000000000000000000
00000000000000000000111100111010000000000000000000000000000000000000000000000000000000000000000000000000000000000000000000000000000000000000000001001111001011000000000000000000000000000000000000000000
00000000000000000110000011111010000000000000000000000000000000000000000000000000000000000000000000000000000000000000000000000000000000000000000010010110100100110000000000000000000000000000000000000000
00000000000000000100111111101000000000000000000000000000000000000000000000000000000000000000000000000000000000000000000000000000000000000000000000000111100110000000000000000000000000000000000000000000
00000000000000001000101111101001000000000000000000000000000000000000000000000000000000000000000000000000000000000000000000000000000000000000000010110111010001100000000000000000000000000000000000000000
00000000000000000011111100110010000000000000000000000000000000000000000000000000000000000000000000000000000000000000000000000000000000000000000001011111101001010000000000000000000000000000000000000000
00000000000000001001111101011001000000000000000000000000000000000000000000000000000000000000000000000000000000000000000000000000000000000000000010100011110010100000000000000000000000000000000000000000
00000000100101000011100000000000000000000000000000000000000000000000000000000000000000000000000000000000000000000000000000000000000000000000000000010101111011010000000000000000000000000000000000000000
00000000011001010111010100000000000000000000000000000000000000000000000000000000000000000000000000000000000000000000000000000000000000000000000000110000011100000000000000000000000000000000000000000000
00000000101100100110100000000000000000000000000000000000000000000000000000000000000000000000000000000000000000000000000000000000000000000000000001001101111100100000000000000000000000000000000000000000
00000000010011101111001100000000000000000000000000000000000000000000000000000000000000000000000000000000000000000000000000000000000000001111111101011010001110100000000000000000000000000000000000000000
00000000000100001100011000000000000000000000000000000000000000000000000000000000000000000000000000000000000000000000000000000000000000000000000010110011110110100000000000000000000000000000000000000000
00000000101101011100100100000000000000000000000000000000000000000000000000000000000000000000000000000000000000000000000000000000000000000000000000000000001110100000000000000000000000000000000000000000
00000000010110111010010100000000000000000000000000000000000000000000000000000000000000000000000000000000000000000000000000000000000000000000000001111111111110010000000000000000000000000000000000000000
00000000011011111011100000000000000000000000000000000000000000000000000000000000000000000000000000000000000000000000000000000000000000001111111111111111111101000000000000000000000000000000000000000000
00000000111011110000000010100101000000000000000000000000000000000000000000000000000000001010010101011001000000000000000000000000010011111111111111100010000000000000001100000000000000000000000000000000
00000000001111100000000000011000000000000000000000000000000000000000000000000000000000000001011011111111111111111111111111111111111111111011000100010100000000000000001100000000000000000000000000000000
00000000110111010000000000000110000000000000000000000000000000000000000000000000000000000000111111111111111111111111111111111111111111110101010010100011000000000000001100000000000000000000000000000000
00000000001111010000000001111111111111111111111111111111111111111111111111111111111111111111111111110010000000000000000000000000010100101001000101000101000000000000001100000000000000000000000000000000
00000000001110000000000001111111111111111111111111111111111111111111111111111111111111111111111110110111000000000000000000000000001001010000010111011010000000000000001100000000000000000000000000000000
00000000111111111111111111111100000000000000000000000000000000000000000000000000000000001001000000111000000000000000000000000000100100000111101010110001000000000000011100000000000000000000000000000000
00000000011111111111111110010010000000000000000000000000000000000000000000000000000000000101011011000101000000000000000000000000011010001000100101101010000000000000011100000000000000000000000000000000
00000000011000010000000001101100000000000000000000000000000000000000000000000000000000001001000101011010000000000000000000000000010111000010011010010101000000000000011100000000000000000000000000000000
00000000000000000000000000000000000000000000000000000000000000000000000000000000000000000000000000000000000000000000000000000000000000000000000000000000000000000000001100000000000000000000000000000000
00000000000000000000000000000000000000000000000000000000000000000000000000000000000000000000000000000000000000000000000000000000000000000000000000000000000000000000001100000000000000000000000000000000
00000000000000000000000000000000000000000000000000000000000000000000000000000000000000000000000000000000000000000000000000000000000000000000000000000000000000000000001100000000000000000000000000000000
00000000000000000000000000000000000000000000000000000000000000000000000000000000000000000000000000000000000000000000000000000000000000000000000000000000000000000000001100000000000000000000000000000000
00000000000000000000000000000000000000000000000000000000000000000000000000000000000000000000000000000000000000000000000000000000000000000000000000000000000000000000001100000000000000000000000000000000
00000000000000000000000000000000000000000000000000000000000000000000000000000000000000000000000000000000000000000000000000000000000000000000000000000000000000000000001100000000000000000000000000000000
00000000000000000000000000000000000000000000000000000000000000000000000000000000000000000000000000000000000000000000000000000000000000000000000000000000000000000000001100000000000000000000000000000000
00000000000000000000000000000000000000000000000000000000000000000000000000000000000000000000000000000000000000000000000000000000000000000000000000000000000000000000001100000000000000000000000000000000
00000000000000001110000000000000000000000000000000000000000000000000000000000000000000000000000000000000000000000000000000000000000000000000000000000000000000000000001100000000000000000000000000000000
00000000000000001110000000000000000000000000000000000000000000000000000000000000000000000000000000000000000000000000000000000000000000000000000000000000000000000000001100000000000000000000000000000000
00000000000000001110000000000000000000000000000000000000000000000000000000000000000000000000000000000000000000000000000000000000000000000000000000000000000000000000001100000000000000000000000000000000
00000000000000001110000000000000000000000000000000000000000000000000000000000000000000000000000000000000000000000000000000000000000000000000000000000000000000000000001100000000000000000000000000000000
00000000000000001110000000000000000000000000000000000000000000000000000000000000000000000000000000000000000000000000000000000000000000000000000000000000000000000000001100000000000000000000000000000000
00000000000000001110000000000000000000000000000000000000000000000000000000000000000000000000000000000000000000000000000000000000000000000000000000000000000000000000001100000000000000000000000000000000
00000000000000001110000000000000000000000000000000000000000000000000000000000000000000000000000000000000000000000000000000000000000000000000000000000000000000000000001100000000000000000000000000000000
00000000000000001110000000000000000000000000000000000000000000000000000000000000000000000000000000000000000000000000000000000000000000000000000000000000000000000000001100000000000000000000000000000000
00000000000000001110000000000000000000000000000000000000000000000000000000000000000000000000000000000000000000000000000000000000000000000000000000000000000000000000011100000000000000000000000000000000
00000000000000001110000000000000000000000000000000000000000000000000000000000000000000000000000000000000000000000000000000000000000000000000000000000000000000000000000100000000000000000000000000000000
00000000000000001110000000000000000000000000000000000000000000000000000000000000000000000000000000000000000000000000000000000000000000000000000000000000000000000000000000000000000000000000000000000000
00000000000000001111000000000000000000000000000000000000000000000000000000000000000000000000000000000000000000000000000000000000000000000000000000000000000000000000001100000000000000000000000000000000
00000000000000001111100000000000000010000000000000000000000000000000000000000000000000000000000000000000000000001111111100000000000000000000000000000000000000001111111100000000000000000000000000000000
00000000000000001111111100000000000111000000000000000000000000000000000000000000000000000000000000000000000000001111111100000000000000000000000000000000000000001111111100000000000000000000000000000000
00000000000000001111111100000000000111110000000000000000000000000000000000000000000000000000000000000000000000000001111100000000000000000000000000000000000000001111111100000000000000000000000000000000
00000000000000001111111100000000001111110000000000000000000000000000000000000000000000000000000000000000000000000000111100000000000000000000000000000000000000001111111100000000000000000000000000000000
00000000000000000000000000000000000000000000000000000000000000000000000000000000000000000000000000000000000000000000000000000000000000000000000000000000000000000000000000000000000000000000000000000000
00000000000000000000000000000000000000000000000000000000000000000000000000000000000000000000000000000000000000000000000000000000000000000000000000000000000000000000000000000000000000000000000000000000
00000000000000000000000000000000000000000000000000000000000000000000000000000000000000000000000000000000000000000000000000000000000000000000000000000000000000000000000000000000000000000000000000000000
00000000000000000000000000000000000000000000000000000000000000000000000000000000000000000000000000000000000000000000000000000000000000000000000000000000000000000000000000000000000000000000000000000000
00000000000000000000000000000000000000000000000000000000000000000000000000000000000000000000000000000000000000000000000000000000000000000000000000000000000000000000000000000000000000000000000000000000
00000000000000000000000000000000000000000000000000000000000000000000000000000000000000000000000000000000000000000000000000000000000000000000000000000000000000000000000000000000000000000000000000000000
00000000000000000000000000000000000000000000000000000000000000000000000000000000000000000000000000000000000000000000000000000000000000000000000000000000000000000000000000000000000000000000000000000000
00000000000000000000000000000000000000000000000000000000000000000000000000000000000000000000000000000000000000000000000000000000000000000000000000000000000000000000000000000000000000000000000000000000
00000000000000000000000000000000000000000000000000000000000000000000000000000000000000000000000000000000000000000000000000000000000000000000000000000000000000000000000000000000000000000000000000000000
00000000000000000000000000000000000000000000000000000000000000000000000000000000000000000000000000000000000000000000000000000000000000000000000000000000000000000000000000000000000000000000000000000000
00000000000000000000000000000000000000000000000000000000000000000000000000000000000000000000000000000000000000000000000000000000000000000000000000000000000000000000000000000000000000000000000000000000
00000000000000000000000000000000000000000000000000000000000000000000000000000000000000000000000000000000000000000000000000000000000000000000000000000000000000000000000000000000000000000000000000000000
00000000000000000000000000000000000000000000000000000000000000000000000000000000000000000000000000000000000000000000000000000000000000000000000000000000000000000000000000000000000000000000000000000000
00000000000000000000000000000000000000000000000000000000000000000000000000000000000000000000000000000000000000000000000000000000000000000000000000000000000000000000000000000000000000000000000000000000
00000000000000000000000000000000000000000000000000000000000000000000000000000000000000000000000000000000000000000000000000000000000000000000000000000000000000000000000000000000000000000000000000000000
00000000000000000000000000000000000000000000000000000000000000000000000000000000000000000000000000000000000000000000000000000000000000000000000000000000000000000000000000000000000000000000000000000000
00000000000000000000000000000000000000000000000000000000000000000000000000000000000000000000000000000000000000000000000000000000000000000000000000000000000000000000000000000000000000000000000000000000
00000000000000000000000000000000000000000000000000000000000000000000000000000000000000000000000000000000000000000000000000000000000000000000000000000000000000000000000000000000000000000000000000000000
00000000000000000000000000000000000000000000000000000000000000000000000000000000000000000000000000000000000000000000000000000000000000000000000000000000000000000000000000000000000000000000000000000000
00000000000000000000000000000000000000000000000000000000000000000000000000000000000000000000000000000000000000000000000000000000000000000000000000000000000000000000000000000000000000000000000000000000
00000000000000000000000000000000000000000000000000000000000000000000000000000000000000000000000000000000000000000000000000000000000000000000000000000000000000000000000000000000000000000000000000000000
00000000000000000000000000000000000000000000000000000000000000000000000000000000000000000000000000000000000000000000000000000000000000000000000000000000000000000000000000000000000000000000000000000000
00000000000000000000000000000000000000000000000000000000000000000000000000000000000000000000000000000000000000000000000000000000000000000000000000000000000000000000000000000000000000000000000000000000
00000000000000000000000000000000000000000000000000000000000000000000000000000000000000000000000000000000000000000000000000000000000000000000000000000000000000000000000000000000000000000000000000000000
00000000000000000000000000000000000000000000000000000000000000000000000000000000000000000000000000000000000000000000000000000000000000000000000000000000000000000000000000000000000000000000000000000000
00000000000000000000000000000000000000000000000000000000000000000000000000000000000000000000000000000000000000000000000000000000000000000000000000000000000000000000000000000000000000000000000000000000
00000000000000000000000000000000000000000000000000000000000000000000000000000000000000000000000000000000000000000000000000000000000000000000000000000000000000000000000000000000000000000000000000000000
00000000000000000000000000000000000000000000000000000000000000000000000000000000000000000000000000000000000000000000000000000000000000000000000000000000000000000000000000000000000000000000000000000000
00000000000000000000000000000000000000000000000000000000000000000000000000000000000000000000000000000000000000000000000000000000000000000000000000000000000000000000000000000000000000000000000000000000
00000000000000000000000000000000000000000000000000000000000000000000000000000000000000000000000000000000000000000000000000000000000000000000000000000000000000000000000000000000000000000000000000000000
00000000000000000000000000000000000000000000000000000000000000000000000000000000000000000000000000000000000000000000000000000000000000000000000000000000000000000000000000000000000000000000000000000000
00000000000000000000000000000000000000000000000000000000000000000000000000000000000000000000000000000000000000000000000000000000000000000000000000000000000000000000000000000000000000000000000000000000
00000000000000000000000000000000000000000000000000000000000000000000000000000000000000000000000000000000000000000000000000000000000000000000000000000000000000000000000000000000000000000000000000000000
00000000000000000000000000000000000000000000000000000000000000000000000000000000000000000000000000000000000000000000000000000000000000000000000000000000000000000000000000000000000000000000000000000000
00000000000000000000000000000000000000000000000000000000000000000000000000000000000000000000000000000000000000000000000000000000000000000000000000000000000000000000000000000000000000000000000000000000
00000000000000000000000000000000000000000000000000000000000000000000000000000000000000000000000000000000000000000000000000000000000000000000000000000000000000000000000000000000000000000000000000000000
00000000000000000000000000000000000000000000000000000000000000000000000000000000000000000000000000000000000000000000000000000000000000000000000000000000000000000000000000000000000000000000000000000000
00000000000000000000000000000000000000000000000000000000000000000000000000000000000000000000000000000000000000000000000000000000000000000000000000000000000000000000000000000000000000000000000000000000
00000000000000000000000000000000000000000000000000000000000000000000000000000000000000000000000000000000000000000000000000000000000000000000000000000000000000000000000000000000000000000000000000000000
00000000000000000000000000000000000000000000000000000000000000000000000000000000000000000000000000000000000000000000000000000000000000000000000000000000000000000000000000000000000000000000000000000000
00000000000000000000000000000000000000000000000000000000000000000000000000000000000000000000000000000000000000000000000000000000000000000000000000000000000000000000000000000000000000000000000000000000
00000000000000000000000000000000000000000000000000000000000000000000000000000000000000000000000000000000000000000000000000000000000000000000000000000000000000000000000000000000000000000000000000000000
00000000000000000000000000000000000000000000000000000000000000000000000000000000000000000000000000000000000000000000000000000000000000000000000000000000000000000000000000000000000000000000000000000000
00000000000000000000000000000000000000000000000000000000000000000000000000000000000000000000000000000000000000000000000000000000000000000000000000000000000000000000000000000000000000000000000000000000
00000000000000000000000000000000000000000000000000000000000000000000000000000000000000000000000000000000000000000000000000000000000000000000000000000000000000000000000000000000000000000000000000000000
00000000000000000000000000000000000000000000000000000000000000000000000000000000000000000000000000000000000000000000000000000000000000000000000000000000000000000000000000000000000000000000000000000000
00000000000000000000000000000000000000000000000000000000000000000000000000000000000000000000000000000000000000000000000000000000000000000000000000000000000000000000000000000000000000000000000000000000
00000000000000000000000000000000000000000000000000000000000000000000000000000000000000000000000000000000000000000000000000000000000000000000000000000000000000000000000000000000000000000000000000000000
00000000000000000000000000000000000000000000000000000000000000000000000000000000000000000000000000000000000000000000000000000000000000000000000000000000000000000000000000000000000000000000000000000000
00000000000000000000000000000000000000000000000000000000000000000000000000000000000000000000000000000000000000000000000000000000000000000000000000000000000000000000000000000000000000000000000000000000
00000000000000000000000000000000000000000000000000000000000000000000000000000000000000000000000000000000000000000000000000000000000000000000000000000000000000000000000000000000000000000000000000000000
00000000000000000000000000000000000000000000000000000000000000000000000000000000000000000000000000000000000000000000000000000000000000000000000000000000000000000000000000000000000000000000000000000000
00000000000000000000000000000000000000000000000000000000000000000000000000000000000000000000000000000000000000000000000000000000000000000000000000000000000000000000000000000000000000000000000000000000
00000000000000000000000000000000000000000000000000000000000000000000000000000000000000000000000000000000000000000000000000000000000000000000000000000000000000000000000000000000000000000000000000000000
00000000000000000000000000000000000000000000000000000000000000000000000000000000000000000000000000000000000000000000000000000000000000000000000000000000000000000000000000000000000000000000000000000000
00000000000000000000000000000000000000000000000000000000000000000000000000000000000000000000000000000000000000000000000000000000000000000000000000000000000000000000000000000000000000000000000000000000
