200 200
00000000000000000000000000000000000000000000000000000000000000000000000000000000000000000000000000000000000000000000000000000000000000000000000000000000000000000000000000000000000000000000000000000000
00000000000000000000000000000000000000000000000000000000000000000000000000000000000000000000000000000000000000000000000000000000000000000000000000000000000000000000000000000000000000000000000000000000
00000000000000000000000000000000000000000000000000000000000000000000000000000000000000000000000000000000000000000000000000000000000000000000000000000000000000000000000000000000000000000000000000000000
00000000000000000000000000000000000000000000000000000000000000000000000000000000000000000000000000000000000000000000000000000000000000000000000000000000000000000000000000000000000000000000000000000000
00000000000000000000000000000000000000000000000000000000000000000000000000000000000000000000000000000000000000000000000000000000000000000000000000000000000000000000000000000000000000000000000000000000
00000000000000000000000000000000000000000000000000000000000000000000000000000000000000000000000000000000000000000000000000000000000000000000000000000000000000000000000000000000000000000000000000000000
00000000000000000000000000000000000000000000000000000000000000000000000000000000000000000000000000000000000000000000000000000000000000000000000000000000000000000000000000000000000000000000000000000000
00000000000000000000000000000000000000000000000000000000000000000000000000000000000000000000000000000000000000000000000000000000000000000000000000000000000000000000000000000000000000000000000000000000
00000000000000000000000000000000000000000000000000000000000000000000000000000000000000000000000000000000000000000000000000000000000000000000000000000000000000000000000000000000000000000000000000000000
00000000000000000000000000000000000000000000000000000000000000000000000000000000000000000000000000000000000000000000000000000000000000000000000000000000000000000000000000000000000000000000000000000000
00000000000000000000000000000000000000000000000000000000000000000000000000000000000000000000000000000000000000000000000000000000000000000000000000000000000000000000000000000000000000000000000000000000
00000000000000000000000000000000000000000000000000000000000000000000000000000000000000000000000000000000000000000000000000000000000000000000000000000000000000000000000000000000000000000000000000000000
00000000000000000000000000000000000000000000000000000000000000000000000000000000000000000000000000000000000000000000000000000000000000000000000000000000000000000000000000000000000000000000000000000000
00000000000000000000000000000000000000000000000000000000000000000000000000000000000000000000000000000000000000000000000000000000000000000000000000000000000000000000000000000000000000000000000000000000
00000000000000000000000000000000000000000000000000000000000000000000000000000000000000000000000000000000000000000000000000000000000000000000000000000000000000000000000000000000000000000000000000000000
00000000000000000000000000000000000000000000000000000000000000000000000000000000000000000000000000000000000000000000000000000000000000000000000000000000000000000000000000000000000000000000000000000000
00000000000000000000000000000000000000000000000000000000000000000000000000000000000000000000000000000000000000000000000000000000000000000000000000000000000000000000000000000000000000000000000000000000
00000000000000000000000000000000000000000000000000000000000000000000000000000000000000000000000000000000000000000000000000000000000000000000000000000000000000000000000000000000000000000000000000000000
00000000000000000000000000000000000000000000000000000000000000000000000000000000000000000000000000000000000000000000000000000000000000000000000000000000000000000000000000000000000000000000000000000000
00000000000000000000000000000000000000000000000000000000000000000000000000000000000000000000000000000000000000000000000000000000000000000000000000000000000000000000000000000000000000000000000000000000
00000000000000000000000000000000000000000000000000000000000000000000000000000000000000000000000000000000000000000000000000000000000000000000000000000000000000000000000000000000000000000000000000000000
00000000000000000000000000000000000000000000000000000000000000000000000000000000000000000000000000000000000000000000000000000000000000000000000000000000000000000000000000000000000000000000000000000000
00000000000000000000000000000000000000000000000000000000000000000000000000000000000000000000000000000000000000000000000000000000000000000000000000000000000000000000000000000000000000000000000000000000
00000000000000000000000000000000000000000000000000000000000000000000000000000000000000000000000000000000000000000000000000000000000000000000000000000000000000000000000000000000000000000000000000000000
00000000000000000000000000000000000000000000000000000000000000000000000000000000000000000000000000000000000000000000000000000000000000000000000000000000000000000000000000000000000000000000000000000000
00000000000000000000000000000000000000000000000000000000000000000000000000000000000000000000000000000000000000000000000000000000000000000000000000000000000000000000000000000000000000000000000000000000
00000000000000000000000000000000000000000000000000000000000000000000000000000000000000000000000000000000000000000000000000000000000000000000000000000000000000000000000000000000000000000000000000000000
00000000000000000000000000000000000000000000000000000000000000000000000000000000000000000000000000000000000000000000000000000000000000000000000000000000000000000000000000000000000000000000000000000000
00000000000000000000000000000000000000000000000000000000000000000000000000000000000000000000000000000000000000000000000000000000000000000000000000000000000000000000000000000000000000000000000000000000
00000000000000000000000000000000000000000000000000000000000000000000000000000000000000000000000000000000000000000000000000000000000000000000000000000000000000000000000000000000000000000000000000000000
00000000000000000000000000000000000000000000000000000000000000000000000000000000000000000000000000000000000000000000000000000000000000000000000000000000000000000000000000000000000000000000000000000000
00000000000000000000000000000000000000000000000000000000000000000000000000000000000000000000000000000000000000000000000000000000000000000000000000000000000000000000000000000000000000000000000000000000
00000000000000000000000000000000000000000000000000000000000000000000000000000000000000000000000000000000000000000000000000000000000000000000000000000000000000000000000000000000000000000000000000000000
00000000000000000000000000000000000000000000000000000000000000000000000000000000000000000000000000000000000000000000000000000000000000000000000000000000000000000000000000000000000000000000000000000000
00000000000000000000000000000000000000000000000000000000000000000000000000000000000000000000000000000000000000000000000000000000000000000000000000000000000000000000000000000000000000000000000000000000
00000000000000000000000000000000000000000000000000000000000000000000000000000000000000000000000000000000000000000000000000000000000000000000000000000000000000000000000000000000000000000000000000000000
00000000000000000000000000000000000000000000000000000000000000000000000000000000000000000000000000000000000000000000000000000000000000000000000000000000000000000000000000000000000000000000000000000000
00000000000000000000000000000000000000000000000000000000000000000000000000000000000000000000000000000000000000000000000000000000000000000000000000000000000000000000000000000000000000000000000000000000
00000000000000000000000000000000000000000000000000000000000000000000000000000000000000000000000000000000000000000000000000000000000000000000000000000000000000000000000000000000000000000000000000000000
00000000000000000000000000000000000000000000000000000000000000000000000000000000000000000000000000000000000000000000000000000000000000000000000000000000000000000000000000000000000000000000000000000000
00000000000000000000000000000000000000000000000000000000000000000000000010000010010101100000000000000000101010110000000000000000000000000000000000000000000000000000000000000000000000000000000000000000
00000000000000000000000000000000000000000000000000000000000000000000000001010100100000100000000000000000001001100000000000000000000000000000000000000000000000000000000000000000000000000000000000000000
00000000000000000000000000000000000000000000000000000000000000000000000010100011010011010000000000000000010110100000000000000000000000000000000000000000000000000000000000000000000000000000000000000000
00000000000000000000000000000000000000000000000000000000000000000000000001011000101001010000000000000000010000110000000000000000000000000000000000000000000000000000000000000000000000000000000000000000
00000000000000000000000000000000000000000000000000000000000000000000000010100101000100100000000000000000001001000000000000000000000000000000000000000000000000000000000000000000000000000000000000000000
00000000000000000000000000000000000000000000000000000000000000000000000000010011000010101111111111111111110111110000000000000000000000000000000000000000000000000000000000000000000000000000000000000000
00000000000000000000000000000000000000000000000000000000000000000000000010010110111000111111111111111111111000000000000000000000000000000000000000000000000000000000000000000000000000000000000000000000
00000000000000000000000000000000000000000000000000000000000000000000000001000111111111111111111111111111111111010000000000000000000000000000000000000000000000000000000000000000000000000000000000000000
00000000000000000000000000000000000000000000000010100110010100010000100111111111111111100000000001011100001111101000010100001010000000000000000000000000000000000000000000000000000000000000000000000000
00000000000000000000000000000000000000000000000000011001100111101001011111111111010010010000000000100011010001111111000001110001000000000000000000000000000000000000000000000000000000000000000000000000
00000000000000000000000000000000000000000000000010100110010000111111111110010000000101100000000010000100001110111111010110000110000000000000000000000000000000000000000000000000000000000000000000000000
00000000000000000000000000000000000000000000000001011010100001111111110001110110011010000000000001011010110001100011111101101000000000000000000000000000000000000000000000000000000000000000000000000000
00000000000000000000000000000000000000000000000010010101011111100000010101000000101001010000000010100011011011011100111111011101000000000000000000000000000000000000000000000000000000000000000000000000
00000000000000000000000000000000000000000000000011101001011111000010001010100001010110010000000000110000100010000001101111100011000000000000000000000000000000000000000000000000000000000000000000000000
00000000000000000000000000000000000000000000000010010110111111111000101101101100001001100000000010010011100001100110011001111100000000000000000000000000000000000000000000000000000000000000000000000000
00000000000000000000000000000000000000000000000001001001110100000110010000011010010100010000000001101001000110011001000010111110000000000000000000000000000000000000000000000000000000000000000000000000
00000000000000000000000000000000000000000000000010000011100100100000000000000000000000000000000000000000000000000000000001001111100100101001000000000000000000000000000000000000000000000000000000000000
00000000000000000000000000000000000000000000000000000111011010010000000000000000000000000000000000000000000000000000000010100011111001000111101100000000000000000000000000000000000000000000000000000000
00000000000000000000000000000000000000000000000001101111100001110000000000000000000000000000000000000000000000000000000001010100111100000000100000000000000000000000000000000000000000000000000000000000
00000000000000000000000000000000000000000000000001011110101010010000000000000000000000000000000000000000000000000000000000101010011110010101010100000000000000000000000000000000000000000000000000000000
00000000000000000000000000000000000000000000000010111010010110100000000000000000000000000000000000000000000000000000000010000101001111111010011100000000000000000000000000000000000000000000000000000000
00000000000000000000000000000000000000000000000001110101011001010000000000000000000000000000000000000000000000000000000011111100111011111011100000000000000000000000000000000000000000000000000000000000
00000000000000000000000000000000000000000000000010110010100110000000000000000000000000000000000000000000000000000000000010000010001001011100011100000000000000000000000000000000000000000000000000000000
00000000000000000000000000000000000000000000000001111010011000010000000000000000000000000000000000000000000000000000000001001001110010101111100000000000000000000000000000000000000000000000000000000000
00000000000000000000000000000000000000001010100011110010000000000000000000000000000000000000000000000000000000000000000000000000000000001111101001000010000000000000000000000000000000000000000000000000
00000000000000000000000000000000000000000101001111001000000000000000000000000000000000000000000000000000000000000000000000000000000000000101110010100001000000000000000000000000000000000000000000000000
00000000000000000000000000000000000000000001100110011011000000000000000000000000000000000000000000000000000000000000000000000000000000001100111100101100000000000000000000000000000000000000000000000000
00000000000000000000000000000000000000001100011110001010000000000000000000000000000000000000000000000000000000000000000000000000000000000010011010010011000000000000000000000000000000000000000000000000
00000000000000000000000000000000000000000110101110010101000000000000000000000000000000000000000000000000000000000000000000000000000000000000111110011000000000000000000000000000000000000000000000000000
00000000000000000000000000000000000000000000101101011000000000000000000000000000000000000000000000000000000000000000000000000000000000001101001101000110000000000000000000000000000000000000000000000000
00000000000000000000000000000000000000000100111101000010000000000000000000000000000000000000000000000000000000000000000000000000000000001010001110100101000000000000000000000000000000000000000000000000
00000000000000000000000000000000000000001010011100011101000000000000000000000000000000000000000000000000000000000000000000000000000000001000100111001010000000000000000000000000000000000000000000000000
00000000000000000000000000000000000000000110111100000000000000000000000000000000000000000000000000000000000000000000000000000000000000000000000011010010000000000000000000000000000000000000000000000000
00000000000000000000000000000000000000001011110000000000000000000000000000000000000000000000000000000000000000000000000000000000000000000000000011001100000000000000000000000000000000000000000000000000
00000000000000000000000000000000000000000100110100000000000000000000000000000000000000000000000000000000000000000000000000000000000000000000000011101001000000000000000000000000000000000000000000000000
00000000000000000000000000000000000000001011110100000000000000000000000000000000000000000000000000000000000000000000000000000000000000000000000001101111000000000000000000000000000000000000000000000000
00000000000000000000000000000000000000000101111000000000000000000000000000000000000000000000000000000000000000000000000000000000000000000000000011111010000000000000000000000000000000000000000000000000
00000000000000000000000000000000000000001001100100000000000000000000000000000000000000000000000000000000000000000000000000000000000000000000000000111101000000000000000000000000000000000000000000000000
00000000000000000000000000000000000000000011100100000000000000000000000000000000000000000000000000000000000000000000000000000000000000000000000001111010000000000000000000000000000000000000000000000000
00000000000000000000000000000000000000001101111000000000000000000000000000000000000000000000000000000000000000000000000000000000000000000000000010110100000000000000000000000000000000000000000000000000
00000000000000000000000000000000000000000001100000000000000000000000000000000000000000000000000000000000000000000000000000000000000000000000000010111110000000000000000000000000000000000000000000000000
00000000000000000000000000000000000000000001100000000000000000000000000000000000000000000000000000000000000000000000000000000000000000000000000001011001000000000000000000000000000000000000000000000000
00000000000000000000000000000000000000000001100000000000000000000000000000000000000000000000000000000000000000000000000000000000000000000000000011111000000000000000000000000000000000000000000000000000
00000000000000000000000000000000000000000001100000000000000000000000000000000000000000000000000000000000000000000000000000000000000000000000000000011110000000000000000000000000000000000000000000000000
00000000000000000000000000000000000000000001100000000000000000000000000000000000000000000000000000000000000000000000000000000000000000000000000011111101000000000000000000000000000000000000000000000000
00000000000000000000000000000000000000000001100000000000000000000000000000000000000000000000000000000000000000000000000000000000000000000000000000011101000000000000000000000000000000000000000000000000
00000000000000000000000000000000000000000001100000000000000000000000000000000000000000000000000000000000000000000000000000000000000000000000000001111010000000000000000000000000000000000000000000000000
00000000000000000000000000000000000000000001100000000000000000000000000000000000000000000000000000000000000000000000000000000000000000000000000010111101000000000000000000000000000000000000000000000000
00000000000000000000000000000000000000000001100100000000000000000000000000000000000000000000000000000000000000000000000000000000000000000000000000011000000000000000000000000000000000000000000000000000
00000000000000000000000000000000000000000101100000000000000000000000000000000000000000000000000000000000000000000000000000000000000000000000000000011000000000000000000000000000000000000000000000000000
00000000000000000000000000000000000000001011101100000000000000000000000000000000000000000000000000000000000000000000000000000000000000000000000000011000000000000000000000000000000000000000000000000000
00000000000000000000000000000000000000000101101100000000000000000000000000000000000000000000000000000000000000000000000000000000000000000000000000011000000000000000000000000000000000000000000000000000
00000000000000000000000000000000000000000111110000000000000000000000000000000000000000000000000000000000000000000000000000000000000000000000000000011000000000000000000000000000000000000000000000000000
00000000000000000000000000000000000000001000111100000000000000000000000000000000000000000000000000000000000000000000000000000000000000000000000000011000000000000000000000000000000000000000000000000000
00000000000000000000000000000000000000000001111000000000000000000000000000000000000000000000000000000000000000000000000000000000000000000000000000011000000000000000000000000000000000000000000000000000
00000000000000000000000000000000000000001010110100000000000000000000000000000000000000000000000000000000000000000000000000000000000000000000000000011000000000000000000000000000000000000000000000000000
00000000000000000000000000000000000000001001110010000101000000000000000000000000000000000000000000000000000000000000000000000000000000000000000010111110000000000000000000000000000000000000000000000000
00000000000000000000000000000000000000000000111000101010000000000000000000000000000000000000000000000000000000000000000000000000000000000000000011111000000000000000000000000000000000000000000000000000
00000000000000000000000000000000000000001010011110011011000000000000000000000000000000000000000000000000000000000000000000000000000000000000000000111010000000000000000000000000000000000000000000000000
00000000000000000000000000000000000000000001001101000110000000000000000000000000000000000000000000000000000000000000000000000000000000000000000000111001000000000000000000000000000000000000000000000000
00000000000000000000000000000000000000000110011101101101000000000000000000000000000000000000000000000000000000000000000000000000000000000000000010111100000000000000000000000000000000000000000000000000
00000000000000000000000000000000000000000001111110100011000000000000000000000000000000000000000000000000000000000000000000000000000000000000000001110010000000000000000000000000000000000000000000000000
00000000000000000000000000000000000000001010000111011010000000000000000000000000000000000000000000000000000000000000000000000000000000000000000010110001000000000000000000000000000000000000000000000000
00000000000000000000000000000000000000000100100111100001000000000000000000000000000000000000000000000000000000000000000000000000000000000000000001111110000000000000000000000000000000000000000000000000
00000000000000000000000000000000000000000000000001101100000000000000000000000000000000000000000000000000000000000000000000000000000000000010010101101001000000000000000000000000000000000000000000000000
00000000000000000000000000000000000000000000000011100010000000000000000000000000000000000000000000000000000000000000000000000000000000000001010011110010000000000000000000000000000000000000000000000000
00000000000000000000000000000000000000000000000001111100000000000000000000000000000000000000000000000000000000000000000000000000000000000110101011101001000000000000000000000000000000000000000000000000
00000000000000000000000000000000000000000000000001111010000000000000000000000000000000000000000000000000000000000000000000000000000000000001001111100110000000000000000000000000000000000000000000000000
00000000000000000000000000000000000000000000000010111000000000000000000000000000000000000000000000000000000000000000000000000000000000001011110011010101000000000000000000000000000000000000000000000000
00000000000000000000000000000000000000000000000001111100000000000000000000000000000000000000000000000000000000000000000000000000000000001000011111001010000000000000000000000000000000000000000000000000
00000000000000000000000000000000000000000000000011011110000000000000000000000000000000000000000000000000000000000000000000000000000000000101101111110010000000000000000000000000000000000000000000000000
00000000000000000000000000000000000000000000000000100110000000000000000000000000000000000000000000000000000000000000000000000000000000001010010110001000000000000000000000000000000000000000000000000000
00000000000000000000000000000000000000000000000001101111100001010110010100000000000000000000000000000000000000000000000000000000000000001001001110010010000000000000001100000000000000000000000000000000
00000000000000000000000000000000000000000000000001011011111101101001100000000000000000000000000000000000000000000000000000000000000000000010111101101001000000000000001100000000000000000000000000000000
00000000000000000000000000000000000000000000000010110101111110010110010100000000000000000000000000000000000000000000000000000000000000001010011010000111000000000000001100000000000000000000000000000000
00000000000000000000000000000000000000000000000000010001111101000101101000000000000000000000000000000000000000000000000000000000000000000101011010101001000000000000001100000000000000000000000000000000
00000000000000000000000000000000000000000000000000001110001110101010100100000000000000000000000000000000000000000000000000000000000000001010111101011010000000000000001100000000000000000000000000000000
00000000000000000000000000000000000000000000000010110010010110101001011100000000000000000000000000000000000000000000000000000000000000000111110101100101000000000000011100000000000000000000000000000000
00000000000000000000000000000000000000000000000001100111101111100110100100000000000000000000000000000000000000000000000000000000000000001001100110011000000000000000011100000000000000000000000000000000
00000000000000000000000000000000000000000000000010010100000011111001001000000000000000000000000000000000000000000000000000000000000000000011011001100001000000000000011100000000000000000000000000000000
00000000000000000000000000000000000000000000000000000000010001111101001010101000000000000000000000000000000000000000000000000000100110101111011000000000000000000000001100000000000000000000000000000000
00000000000000000000000000000000000000000000000000000000100101101110100101100111000000000000000000000000000000000000000000000000001001001110001100000000000000000000001100000000000000000000000000000000
00000000000000000000000000000000000000000000000000000000000100111111001010011010000000000000000000000000000000000000000000000000111010011100100000000000000000000000001100000000000000000000000000000000
00000000000000000000000000000000000000000000000000000000101001010011111100110011000000000000000000000000000000000000000000000000000101111111100100000000000000000000001100000000000000000000000000000000
00000000000000000000000000000000000000000000000000000000010110000110111110100010000000000000000000000000000000000000000000000000101011111100010000000000000000000000001100000000000000000000000000000000
00000000000000000000000000000000000000000000000000000000101000111000011111001101000000000000000000000000000000000000000000000000001111000001101100000000000000000000001100000000000000000000000000000000
00000000000000000000000000000000000000000000000000000000010101000100001111110110000000000000000000000000000000000000000000000000011110011010010000000000000000000000001100000000000000000000000000000000
00000000000000000000000000000000000000000000000000000000100000101001100011111100000000000000000000000000000000000000000000000000111010010101101000000000000000000000001100000000000000000000000000000000
00000000000000001110000000000000000000000000000000000000000000000000000001011111110001011010100000000000000000001001010010010011110110000000000000000000000000000000001100000000000000000000000000000000
00000000000000001110000000000000000000000000000000000000000000000000000010101011111100101000111000000000000000000100001101010111101001010000000000000000000000000000001100000000000000000000000000000000
00000000000000001110000000000000000000000000000000000000000000000000000001010010111111011111001000000000000000001011010000111110010000100000000000000000000000000000001100000000000000000000000000000000
00000000000000001110000000000000000000000000000000000000000000000000000011001001000011100000110000000000000000000100110101111111100110000000000000000000000000000000001100000000000000000000000000000000
00000000000000001110000000000000000000000000000000000000000000000000000010110011110111111111010100000000000000001010111111100110100100110000000000000000000000000000001100000000000000000000000000000000
00000000000000001110000000000000000000000000000000000000000000000000000010100110001001111111110111111111111111110101111111001011001011000000000000000000000000000000001100000000000000000000000000000000
00000000000000001110000000000000000000000000000000000000000000000000000001010001110110010111111111111111111111111111100010101000101000010000000000000000000000000000001100000000000000000000000000000000
00000000000000001110000000000000000000000000000000000000000000000000000000100100011010010010001111111111111111111111001010010010010001100000000000000000000000000000001100000000000000000000000000000000
00000000000000001110000000000000000000000000000000000000000000000000000000000000000000000000000000000000000000000000000000000000000000000000000000000000000000000000011100000000000000000000000000000000
00000000000000001110000000000000000000000000000000000000000000000000000000000000000000000000000000000000000000000000000000000000000000000000000000000000000000000000000100000000000000000000000000000000
00000000000000001110000000000000000000000000000000000000000000000000000000000000000000000000000000000000000000000000000000000000000000000000000000000000000000000000000000000000000000000000000000000000
00000000000000001111000000000000000000000000000000000000000000000000000000000000000000000000000000000000000000000000000000000000000000000000000000000000000000000000001100000000000000000000000000000000
00000000000000001111100000000000000010000000000000000000000000000000000000000000000000000000000000000000000000001111111100000000000000000000000000000000000000001111111100000000000000000000000000000000
00000000000000001111111100000000000111000000000000000000000000000000000000000000000000000000000000000000000000001111111100000000000000000000000000000000000000001111111100000000000000000000000000000000
00000000000000001111111100000000000111110000000000000000000000000000000000000000000000000000000000000000000000000001111100000000000000000000000000000000000000001111111100000000000000000000000000000000
00000000000000001111111100000000001111110000000000000000000000000000000000000000000000000000000000000000000000000000111100000000000000000000000000000000000000001111111100000000000000000000000000000000
00000000000000000000000000000000000000000000000000000000000000000000000000000000000000000000000000000000000000000000000000000000000000000000000000000000000000000000000000000000000000000000000000000000
00000000000000000000000000000000000000000000000000000000000000000000000000000000000000000000000000000000000000000000000000000000000000000000000000000000000000000000000000000000000000000000000000000000
00000000000000000000000000000000000000000000000000000000000000000000000000000000000000000000000000000000000000000000000000000000000000000000000000000000000000000000000000000000000000000000000000000000
00000000000000000000000000000000000000000000000000000000000000000000000000000000000000000000000000000000000000000000000000000000000000000000000000000000000000000000000000000000000000000000000000000000
00000000000000000000000000000000000000000000000000000000000000000000000000000000000000000000000000000000000000000000000000000000000000000000000000000000000000000000000000000000000000000000000000000000
00000000000000000000000000000000000000000000000000000000000000000000000000000000000000000000000000000000000000000000000000000000000000000000000000000000000000000000000000000000000000000000000000000000
00000000000000000000000000000000000000000000000000000000000000000000000000000000000000000000000000000000000000000000000000000000000000000000000000000000000000000000000000000000000000000000000000000000
00000000000000000000000000000000000000000000000000000000000000000000000000000000000000000000000000000000000000000000000000000000000000000000000000000000000000000000000000000000000000000000000000000000
00000000000000000000000000000000000000000000000000000000000000000000000000000000000000000000000000000000000000000000000000000000000000000000000000000000000000000000000000000000000000000000000000000000
00000000000000000000000000000000000000000000000000000000000000000000000000000000000000000000000000000000000000000000000000000000000000000000000000000000000000000000000000000000000000000000000000000000
00000000000000000000000000000000000000000000000000000000000000000000000000000000000000000000000000000000000000000000000000000000000000000000000000000000000000000000000000000000000000000000000000000000
00000000000000000000000000000000000000000000000000000000000000000000000000000000000000000000000000000000000000000000000000000000000000000000000000000000000000000000000000000000000000000000000000000000
00000000000000000000000000000000000000000000000000000000000000000000000000000000000000000000000000000000000000000000000000000000000000000000000000000000000000000000000000000000000000000000000000000000
00000000000000000000000000000000000000000000000000000000000000000000000000000000000000000000000000000000000000000000000000000000000000000000000000000000000000000000000000000000000000000000000000000000
00000000000000000000000000000000000000000000000000000000000000000000000000000000000000000000000000000000000000000000000000000000000000000000000000000000000000000000000000000000000000000000000000000000
00000000000000000000000000000000000000000000000000000000000000000000000000000000000000000000000000000000000000000000000000000000000000000000000000000000000000000000000000000000000000000000000000000000
00000000000000000000000000000000000000000000000000000000000000000000000000000000000000000000000000000000000000000000000000000000000000000000000000000000000000000000000000000000000000000000000000000000
00000000000000000000000000000000000000000000000000000000000000000000000000000000000000000000000000000000000000000000000000000000000000000000000000000000000000000000000000000000000000000000000000000000
00000000000000000000000000000000000000000000000000000000000000000000000000000000000000000000000000000000000000000000000000000000000000000000000000000000000000000000000000000000000000000000000000000000
00000000000000000000000000000000000000000000000000000000000000000000000000000000000000000000000000000000000000000000000000000000000000000000000000000000000000000000000000000000000000000000000000000000
00000000000000000000000000000000000000000000000000000000000000000000000000000000000000000000000000000000000000000000000000000000000000000000000000000000000000000000000000000000000000000000000000000000
00000000000000000000000000000000000000000000000000000000000000000000000000000000000000000000000000000000000000000000000000000000000000000000000000000000000000000000000000000000000000000000000000000000
00000000000000000000000000000000000000000000000000000000000000000000000000000000000000000000000000000000000000000000000000000000000000000000000000000000000000000000000000000000000000000000000000000000
00000000000000000000000000000000000000000000000000000000000000000000000000000000000000000000000000000000000000000000000000000000000000000000000000000000000000000000000000000000000000000000000000000000
00000000000000000000000000000000000000000000000000000000000000000000000000000000000000000000000000000000000000000000000000000000000000000000000000000000000000000000000000000000000000000000000000000000
00000000000000000000000000000000000000000000000000000000000000000000000000000000000000000000000000000000000000000000000000000000000000000000000000000000000000000000000000000000000000000000000000000000
00000000000000000000000000000000000000000000000000000000000000000000000000000000000000000000000000000000000000000000000000000000000000000000000000000000000000000000000000000000000000000000000000000000
00000000000000000000000000000000000000000000000000000000000000000000000000000000000000000000000000000000000000000000000000000000000000000000000000000000000000000000000000000000000000000000000000000000
00000000000000000000000000000000000000000000000000000000000000000000000000000000000000000000000000000000000000000000000000000000000000000000000000000000000000000000000000000000000000000000000000000000
00000000000000000000000000000000000000000000000000000000000000000000000000000000000000000000000000000000000000000000000000000000000000000000000000000000000000000000000000000000000000000000000000000000
00000000000000000000000000000000000000000000000000000000000000000000000000000000000000000000000000000000000000000000000000000000000000000000000000000000000000000000000000000000000000000000000000000000
00000000000000000000000000000000000000000000000000000000000000000000000000000000000000000000000000000000000000000000000000000000000000000000000000000000000000000000000000000000000000000000000000000000
00000000000000000000000000000000000000000000000000000000000000000000000000000000000000000000000000000000000000000000000000000000000000000000000000000000000000000000000000000000000000000000000000000000
00000000000000000000000000000000000000000000000000000000000000000000000000000000000000000000000000000000000000000000000000000000000000000000000000000000000000000000000000000000000000000000000000000000
00000000000000000000000000000000000000000000000000000000000000000000000000000000000000000000000000000000000000000000000000000000000000000000000000000000000000000000000000000000000000000000000000000000
00000000000000000000000000000000000000000000000000000000000000000000000000000000000000000000000000000000000000000000000000000000000000000000000000000000000000000000000000000000000000000000000000000000
00000000000000000000000000000000000000000000000000000000000000000000000000000000000000000000000000000000000000000000000000000000000000000000000000000000000000000000000000000000000000000000000000000000
00000000000000000000000000000000000000000000000000000000000000000000000000000000000000000000000000000000000000000000000000000000000000000000000000000000000000000000000000000000000000000000000000000000
00000000000000000000000000000000000000000000000000000000000000000000000000000000000000000000000000000000000000000000000000000000000000000000000000000000000000000000000000000000000000000000000000000000
00000000000000000000000000000000000000000000000000000000000000000000000000000000000000000000000000000000000000000000000000000000000000000000000000000000000000000000000000000000000000000000000000000000
00000000000000000000000000000000000000000000000000000000000000000000000000000000000000000000000000000000000000000000000000000000000000000000000000000000000000000000000000000000000000000000000000000000
00000000000000000000000000000000000000000000000000000000000000000000000000000000000000000000000000000000000000000000000000000000000000000000000000000000000000000000000000000000000000000000000000000000
00000000000000000000000000000000000000000000000000000000000000000000000000000000000000000000000000000000000000000000000000000000000000000000000000000000000000000000000000000000000000000000000000000000
00000000000000000000000000000000000000000000000000000000000000000000000000000000000000000000000000000000000000000000000000000000000000000000000000000000000000000000000000000000000000000000000000000000
00000000000000000000000000000000000000000000000000000000000000000000000000000000000000000000000000000000000000000000000000000000000000000000000000000000000000000000000000000000000000000000000000000000
00000000000000000000000000000000000000000000000000000000000000000000000000000000000000000000000000000000000000000000000000000000000000000000000000000000000000000000000000000000000000000000000000000000
00000000000000000000000000000000000000000000000000000000000000000000000000000000000000000000000000000000000000000000000000000000000000000000000000000000000000000000000000000000000000000000000000000000
00000000000000000000000000000000000000000000000000000000000000000000000000000000000000000000000000000000000000000000000000000000000000000000000000000000000000000000000000000000000000000000000000000000
00000000000000000000000000000000000000000000000000000000000000000000000000000000000000000000000000000000000000000000000000000000000000000000000000000000000000000000000000000000000000000000000000000000
00000000000000000000000000000000000000000000000000000000000000000000000000000000000000000000000000000000000000000000000000000000000000000000000000000000000000000000000000000000000000000000000000000000
00000000000000000000000000000000000000000000000000000000000000000000000000000000000000000000000000000000000000000000000000000000000000000000000000000000000000000000000000000000000000000000000000000000
00000000000000000000000000000000000000000000000000000000000000000000000000000000000000000000000000000000000000000000000000000000000000000000000000000000000000000000000000000000000000000000000000000000
00000000000000000000000000000000000000000000000000000000000000000000000000000000000000000000000000000000000000000000000000000000000000000000000000000000000000000000000000000000000000000000000000000000
00000000000000000000000000000000000000000000000000000000000000000000000000000000000000000000000000000000000000000000000000000000000000000000000000000000000000000000000000000000000000000000000000000000
00000000000000000000000000000000000000000000000000000000000000000000000000000000000000000000000000000000000000000000000000000000000000000000000000000000000000000000000000000000000000000000000000000000
00000000000000000000000000000000000000000000000000000000000000000000000000000000000000000000000000000000000000000000000000000000000000000000000000000000000000000000000000000000000000000000000000000000
