200 200
00000000000000000000000000000000000000000000000000000000000000000000000000000000000000000000000000000000000000000000000000000000000000000000000000000000000000000000000000000000000000000000000000000000
00000000000000000000000000000000000000000000000000000000000000000000000000000000000000000000000000000000000000000000000000000000000000000000000000000000000000000000000000000000000000000000000000000000
00000000000000000000000000000000000000000000000000000000000000000000000000000000000000000000000000000000000000000000000000000000000000000000000000000000000000000000000000000000000000000000000000000000
00000000000000000000000000000000000000000000000000000000000000000000000000000000000000000000000000000000000000000000000000000000000000000000000000000000000000000000000000000000000000000000000000000000
00000000000000000000000000000000000000000000000000000000000000000000000000000000000000000000000000000000000000000000000000000000000000000000000000000000000000000000000000000000000000000000000000000000
00000000000000000000000000000000000000000000000000000000000000000000000000000000000000000000000000000000000000000000000000000000000000000000000000000000000000000000000000000000000000000000000000000000
00000000000000000000000000000000000000000000000000000000000000000000000000000000000000000000000000000000000000000000000000000000000000000000000000000000000000000000000000000000000000000000000000000000
00000000000000000000000000000000000000000000000000000000000000000000000000000000000000000000000000000000000000000000000000000000000000000000000000000000000000000000000000000000000000000000000000000000
00000000000000000000000000000000000000000000000000000000000000000000000000000000000000000000000000000000000000000000000000000000000000000000000000000000000000000000000000000000000000000000000000000000
00000000000000000000000000000000000000000000000000000000000000000000000000000000000000000000000000000000000000000000000000000000000000000000000000000000000000000000000000000000000000000000000000000000
00000000000000000000000000000000000000000000000000000000000000000000000000000000000000000000000000000000000000000000000000000000000000000000000000000000000000000000000000000000000000000000000000000000
00000000000000000000000000000000000000000000000000000000000000000000000000000000000000000000000000000000000000000000000000000000000000000000000000000000000000000000000000000000000000000000000000000000
00000000000000000000000000000000000000000000000000000000000000000000000000000000000000000000000000000000000000000000000000000000000000000000000000000000000000000000000000000000000000000000000000000000
00000000000000000000000000000000000000000000000000000000000000000000000000000000000000000000000000000000000000000000000000000000000000000000000000000000000000000000000000000000000000000000000000000000
00000000000000000000000000000000000000000000000000000000000000000000000000000000000000000000000000000000000000000000000000000000000000000000000000000000000000000000000000000000000000000000000000000000
00000000000000000000000000000000000000000000000000000000000000000000000000000000000000000000000000000000000000000000000000000000000000000000000000000000000000000000000000000000000000000000000000000000
00000000000000000000000000000000000000000000000000000000000000000000000000000000000000000000000000000000000000000000000000000000000000000000000000000000000000000000000000000000000000000000000000000000
00000000000000000000000000000000000000000000000000000000000000000000000000000000000000000000000000000000000000000000000000000000000000000000000000000000000000000000000000000000000000000000000000000000
00000000000000000000000000000000000000000000000000000000000000000000000000000000000000000000000000000000000000000000000000000000000000000000000000000000000000000000000000000000000000000000000000000000
00000000000000000000000000000000000000000000000000000000000000000000000000000000000000000000000000000000000000000000000000000000000000000000000000000000000000000000000000000000000000000000000000000000
00000000000000000000000000000000000000000000000000000000000000000000000000000000000000000000000000000000000000000000000000000000000000000000000000000000000000000000000000000000000000000000000000000000
00000000000000000000000000000000000000000000000000000000000000000000000000000000000000000000000000000000000000000000000000000000000000000000000000000000000000000000000000000000000000000000000000000000
00000000000000000000000000000000000000000000000000000000000000000000000000000000000000000000000000000000000000000000000000000000000000000000000000000000000000000000000000000000000000000000000000000000
00000000000000000000000000000000000000000000000000000000000000000000000000000000000000000000000000000000000000000000000000000000000000000000000000000000000000000000000000000000000000000000000000000000
00000000000000000000000000000000000000000000000000000000000000000000000000000000000000000000000000000000000000000000000000000000000000000000000000000000000000000000000000000000000000000000000000000000
00000000000000000000000000000000000000000000000000000000000000000000000000000000000000000000000000000000000000000000000000000000000000000000000000000000000000000000000000000000000000000000000000000000
00000000000000000000000000000000000000000000000000000000000000000000000000000000000000000000000000000000000000000000000000000000000000000000000000000000000000000000000000000000000000000000000000000000
00000000000000000000000000000000000000000000000000000000000000000000000000000000000000000000000000000000000000000000000000000000000000000000000000000000000000000000000000000000000000000000000000000000
00000000000000000000000000000000000000000000000000000000000000000000000000000000000000000000000000000000000000000000000000000000000000000000000000000000000000000000000000000000000000000000000000000000
00000000000000000000000000000000000000000000000000000000000000000000000000000000000000000000000000000000000000000000000000000000000000000000000000000000000000000000000000000000000000000000000000000000
00000000000000000000000000000000000000000000000000000000000000000000000000000000000000000000000000000000000000000000000000000000000000000000000000000000000000000000000000000000000000000000000000000000
00000000000000000000000000000000000000000000000000000000000000000000000000000000000000000000000000000000000000000000000000000000000000000000000000000000000000000000000000000000000000000000000000000000
00000000000000000000000000000000000000000000000000000000000000000000000000000000000000000000000000000000000000000000000000000000000000000000000000000000000000000000000000000000000000000000000000000000
00000000000000000000000000000000000000000000000000000000000000000000000000000000000000000000000000000000000000000000000000000000000000000000000000000000000000000000000000000000000000000000000000000000
00000000000000000000000000000000000000000000000000000000000000000000000000000000000000000000000000000000000000000000000000000000000000000000000000000000000000000000000000000000000000000000000000000000
00000000000000000000000000000000000000000000000000000000000000000000000000000000000000000000000000000000000000000000000000000000000000000000000000000000000000000000000000000000000000000000000000000000
00000000000000000000000000000000000000000000000000000000000000000000000000000000000000000000000000000000000000000000000000000000000000000000000000000000000000000000000000000000000000000000000000000000
00000000000000000000000000000000000000000000000000000000000000000000000000000000000000000000000000000000000000000000000000000000000000000000000000000000000000000000000000000000000000000000000000000000
00000000000000000000000000000000000000000000000000000000000000000000000000000000000000000000000000000000000000000000000000000000000000000000000000000000000000000000000000000000000000000000000000000000
00000000000000000000000000000000000000000000000000000000000000000000000000000000000000000000000000000000000000000000000000000000000000000000000000000000000000000000000000000000000000000000000000000000
00000000000000000000000000000000000000000000000000000000000000000000000000000000000000000000000000000000000000000000000000000000000000000000000000000000000000000000000000000000000000000000000000000000
00000000000000000000000000000000000000000000000000000000000000000000000000000000000000000000000000000000000000000000000000000000000000000000000000000000000000000000000000000000000000000000000000000000
00000000000000000000000000000000000000000000000000000000000000000000000000000000000000000000000000000000000000000000000000000000000000000000000000000000000000000000000000000000000000000000000000000000
00000000000000000000000000000000000000000000000000000000000000000000000000000000000000000000000000000000000000000000000000000000000000000000000000000000000000000000000000000000000000000000000000000000
00000000000000000000000000000000000000000000000000000000000000000000000000000000000000000000000000000000000000000000000000000000000000000000000000000000000000000000000000000000000000000000000000000000
00000000000000000000000000000000000000000000000000000000000000000000000000000000000000000000000000000000000000000000000000000000000000000000000000000000000000000000000000000000000000000000000000000000
00000000000000000000000000000000000000000000000000000000000000000000000000000000000000000000000000000000000000000000000000000000000000000000000000000000000000000000000000000000000000000000000000000000
00000000000000000000000000000000000000000000000000000000000000000000000000000000000000000000000000000000000000000000000000000000000000000000000000000000000000000000000000000000000000000000000000000000
00000000000000000000000000000000000000000000000000000000000000000000000000000000000101010110101001000100000100000100000100000000000000000000000000000000000000000000000000000000000000000000000000000000
00000000000000000000000000000000000000000000000000000000000000000000000000000000010011011001110110101001010010000010101000000000000000000000000000000000000000000000000000000000000000000000000000000000
00000000000000000000000000000000000000000000000000000000000000000000000000000000000100001011010001010010010101011100010100000000000000000000000000000000000000000000000000000000000000000000000000000000
00000000000000000000000000000000000000000000000000000000000000000000000000000000101010101101101110000100001000100001101000000000000000000000000000000000000000000000000000000000000000000000000000000000
00000000000000000000000000000000000000000000000000000000000000000000000000000000101100100101100101010001000010101010010100000000000000000000000000000000000000000000000000000000000000000000000000000000
00000000000000000000000000000000000000000000000000000000000000000000000000000000001010010010111111111111101000001100100000000000000000000000000000000000000000000000000000000000000000000000000000000000
00000000000000000000000000000000000000000000000000000000000000000000000000000000110101100101111111111111111111010110100100000000000000000000000000000000000000000000000000000000000000000000000000000000
00000000000000000000000000000000000000000000000000000000000000000000000000000000001011111111111111111000111111111110001000000000000000000000000000000000000000000000000000000000000000000000000000000000
00000000000000000000000000000000000000000000000000000000001001011110010001010101111111111111111111111100010001111111100010100100101010010000000000000000000000000000000000000000000000000000000000000000
00000000000000000000000000000000000000000000000000000000010011000001100111111111111110010000000001101001100101100011111100010001011010100000000000000000000000000000000000000000000000000000000000000000
00000000000000000000000000000000000000000000000000000000101001011010011111111111101000100000000010001100000100110100111111110100011110010000000000000000000000000000000000000000000000000000000000000000
00000000000000000000000000000000000000000000000000000000011011001111111100100110110110000000000001011010101001010001010111111011001001010000000000000000000000000000000000000000000000000000000000000000
00000000000000000000000000000000000000000000000000000000010000111111111100110001000100111111111110100111010110001000011001111110100101100000000000000000000000000000000000000000000000000000000000000000
00000000000000000000000000000000000000000000000000000000101011111101000100001010101001000000000001011100101000110101000110011111011010100000000000000000000000000000000000000000000000000000000000000000
00000000000000000000000000000000000000000000000000000000001111110100100101100100000111010000000010100011010101000010011001001011110101010000000000000000000000000000000000000000000000000000000000000000
00000000000000000000000000000000000000000000000000000000111110101010010010100001011000100000000001010000100000101100000101100100111000100000000000000000000000000000000000000000000000000000000000000000
00000000000000000000000000000000000000000000000001100101111110000000000000000000000000000000000000000000000000000000000000000000011111000100000100000000000000000000000000000000000000000000000000000000
00000000000000000000000000000000000000000000000001011101110001110000000000000000000000000000000000000000000000000000000000000000101111101001010000000000000000000000000000000000000000000000000000000000
00000000000000000000000000000000000000000000000000000011101110000000000000000000000000000000000000000000000000000000000000000000011101100100101000000000000000000000000000000000000000000000000000000000
00000000000000000000000000000000000000000000000000110111101001110000000000000000000000000000000000000000000000000000000000000000010011111010110100000000000000000000000000000000000000000000000000000000
00000000000000000000000000000000000000000000000001011011010101010000000000000000000000000000000000000000000000000000000000000000100100111110010000000000000000000000000000000000000000000000000000000000
00000000000000000000000000000000000000000000000011010111000010000000000000000000000000000000000000000000000000000000000000000000011000111101101100000000000000000000000000000000000000000000000000000000
00000000000000000000000000000000000000000000000000011110011110110000000000000000000000000000000000000000000000000000000000000000101011001100011000000000000000000000000000000000000000000000000000000000
00000000000000000000000000000000000000000000000001111110100100000000000000000000000000000000000000000000000000000000000000000000010000001101000100000000000000000000000000000000000000000000000000000000
00000000000000000000000000000000000000000000000000111101000000000000000000000000000000000000000000000000000000000000000000000000000000001111000000000000000000000000000000000000000000000000000000000000
00000000000000000000000000000000000000000000000010011110000000000000000000000000000000000000000000000000000000000000000000000000000000001110010000000000000000000000000000000000000000000000000000000000
00000000000000000000000000000000000000000000000001111001000000000000000000000000000000000000000000000000000000000000000000000000000000000111011000000000000000000000000000000000000000000000000000000000
00000000000000000000000000000000000000000000000000011000000000000000000000000000000000000000000000000000000000000000000000000000000000000011101000000000000000000000000000000000000000000000000000000000
00000000000000000000000000000000000000000000000001011010000000000000000000000000000000000000000000000000000000000000000000000000000000000111100100000000000000000000000000000000000000000000000000000000
00000000000000000000000000000000000000000000000010111101000000000000000000000000000000000000000000000000000000000000000000000000000000000001110100000000000000000000000000000000000000000000000000000000
00000000000000000000000000000000000000000000000000110110000000000000000000000000000000000000000000000000000000000000000000000000000000000110111100000000000000000000000000000000000000000000000000000000
00000000000000000000000000000000000000000000000001111000000000000000000000000000000000000000000000000000000000000000000000000000000000000001011000000000000000000000000000000000000000000000000000000000
00000000000000000000000000000000000000001010011011110000000000000000000000000000000000000000000000000000000000000000000000000000000000001001011001000010000000000000000000000000000000000000000000000000
00000000000000000000000000000000000000000001100101110110000000000000000000000000000000000000000000000000000000000000000000000000000000001010011110101001000000000000000000000000000000000000000000000000
00000000000000000000000000000000000000001010011011101101000000000000000000000000000000000000000000000000000000000000000000000000000000000100101110000111000000000000000000000000000000000000000000000000
00000000000000000000000000000000000000000101101011110100000000000000000000000000000000000000000000000000000000000000000000000000000000000001010111010000000000000000000000000000000000000000000000000000
00000000000000000000000000000000000000001001010111010010000000000000000000000000000000000000000000000000000000000000000000000000000000001010101011101011000000000000000000000000000000000000000000000000
00000000000000000000000000000000000000001110100111101000000000000000000000000000000000000000000000000000000000000000000000000000000000000010100111110010000000000000000000000000000000000000000000000000
00000000000000000000000000000000000000001001011011010011000000000000000000000000000000000000000000000000000000000000000000000000000000000100110011110101000000000000000000000000000000000000000000000000
00000000000000000000000000000000000000000100100111101100000000000000000000000000000000000000000000000000000000000000000000000000000000001001001001110001000000000000000000000000000000000000000000000000
00000000000000000000000000000000000000000000110110100101000000000000000000000000000000000000000000000000000000000000000000000000000000000000000010110000000000000000000000000000000000000000000000000000
00000000000000000000000000000000000000001111001110011010000000000000000000000000000000000000000000000000000000000000000000000000000000000000000000011100000000000000000000000000000000000000000000000000
00000000000000000000000000000000000000000001101111100001000000000000000000000000000000000000000000000000000000000000000000000000000000000000000010111000000000000000000000000000000000000000000000000000
00000000000000000000000000000000000000000101011100111101000000000000000000000000000000000000000000000000000000000000000000000000000000000000000001011111000000000000000000000000000000000000000000000000
00000000000000000000000000000000000000001111001110001000000000000000000000000000000000000000000000000000000000000000000000000000000000000000000010001100000000000000000000000000000000000000000000000000
00000000000000000000000000000000000000000010111101010110000000000000000000000000000000000000000000000000000000000000000000000000000000000000000010011111000000000000000000000000000000000000000000000000
00000000000000000000000000000000000000000101001100101001000000000000000000000000000000000000000000000000000000000000000000000000000000000000000001101110000000000000000000000000000000000000000000000000
00000000000000000000000000000000000000000000011110100100000000000000000000000000000000000000000000000000000000000000000000000000000000000000000010010111000000000000000000000000000000000000000000000000
00000000000000000000000000000000000000000010001100000000000000000000000000000000000000000000000000000000000000000000000000000000000000000000000001001011010010000000000000000000000000000000000000000000
00000000000000000000000000000000000000000010001100000000000000000000000000000000000000000000000000000000000000000000000000000000000000000000000000100111101000010000000000000000000000000000000000000000
00000000000000000000000000000000000000000010001100000000000000000000000000000000000000000000000000000000000000000000000000000000000000000000000010110101110011000000000000000000000000000000000000000000
00000000000000000000000000000000000000000010001100000000000000000000000000000000000000000000000000000000000000000000000000000000000000000000000001001011100010100000000000000000000000000000000000000000
00000000000000000000000000000000000000000010001100000000000000000000000000000000000000000000000000000000000000000000000000000000000000000000000011010111111101100000000000000000000000000000000000000000
00000000000000000000000000000000000000000010001100000000000000000000000000000000000000000000000000000000000000000000000000000000000000000000000000111000110011000000000000000000000000000000000000000000
00000000000000000000000000000000000000000010001100000000000000000000000000000000000000000000000000000000000000000000000000000000000000000000000001001111110000100000000000000000000000000000000000000000
00000000000000000000000000000000000000000010001100000000000000000000000000000000000000000000000000000000000000000000000000000000000000000000000010110100111101000000000000000000000000000000000000000000
00000000000000000000000000000000000000000010001100000000000000000000000000000000000000000000000000000000000000000000000000000000000000000000000000000000011100100000000000000000000000000000000000000000
00000000000000000000000000000000000000000010001100000000000000000000000000000000000000000000000000000000000000000000000000000000000000000000000000000000101101010000000000000000000000000000000000000000
00000000000000000000000000000000000000000010001100000000000000000000000000000000000000000000000000000000000000000000000000000000000000000000000000000000101110100000000000000000000000000000000000000000
00000000000000000000000000000000000000000010001100000000000000000000000000000000000000000000000000000000000000000000000000000000000000000000000000000000010111100000000000000000000000000000000000000000
00000000000000000000000000000000000000000010001100000000000000000000000000000000000000000000000000000000000000000000000000000000000000000000000000000000101111110000000000000000000000000000000000000000
00000000000000000000000000000000000000000010001100000000000000000000000000000000000000000000000000000000000000000000000000000000000000000000000000000000001011000000000000000000000000000000000000000000
00000000000000000000000000000000000000000010001100000000000000000000000000000000000000000000000000000000000000000000000000000000000000000000000000000000101011100000000000000000000000000000000000000000
00000000000000000000000000000000000000000010001100000000000000000000000000000000000000000000000000000000000000000000000000000000000000000000000000000000001011100000000000000000000000000000000000000000
00000000000000000000000000000000000000000010001100000000000000000000000000000000000000000000000000000000000000000000000000000000000000000000000000000000000001100000001100000000000000000000000000000000
00000000000000000000000000000000000000000010001100000000000000000000000000000000000000000000000000000000000000000000000000000000000000000000000000000000000001100000001100000000000000000000000000000000
00000000000000000000000000000000000000000010001100000000000000000000000000000000000000000000000000000000000000000000000000000000000000000000000000000000000001100000001100000000000000000000000000000000
00000000000000000000000000000000000000000010001100000000000000000000000000000000000000000000000000000000000000000000000000000000000000000000000000000000000001100000001100000000000000000000000000000000
00000000000000000000000000000000000000000010001100000000000000000000000000000000000000000000000000000000000000000000000000000000000000000000000000000000000001100000001100000000000000000000000000000000
00000000000000000000000000000000000000000010001100000000000000000000000000000000000000000000000000000000000000000000000000000000000000000000000000000000000001100000011100000000000000000000000000000000
00000000000000000000000000000000000000000010001100000000000000000000000000000000000000000000000000000000000000000000000000000000000000000000000000000000000001100000011100000000000000000000000000000000
00000000000000000000000000000000000000000010001100000000000000000000000000000000000000000000000000000000000000000000000000000000000000000000000000000000000001100000011100000000000000000000000000000000
00000000000000000000000000000000000000001100101110100000000000000000000000000000000000000000000000000000000000000000000000000000000000000000000000000000000001100000001100000000000000000000000000000000
00000000000000000000000000000000000000000010011111001010000000000000000000000000000000000000000000000000000000000000000000000000000000000000000000000000000001100000001100000000000000000000000000000000
00000000000000000000000000000000000000001001001110001101000000000000000000000000000000000000000000000000000000000000000000000000000000000000000000000000000001100000001100000000000000000000000000000000
00000000000000000000000000000000000000000110111111011010000000000000000000000000000000000000000000000000000000000000000000000000000000000000000000000000000001100000001100000000000000000000000000000000
00000000000000000000000000000000000000000001001111100000000000000000000000000000000000000000000000000000000000000000000000000000000000000000000000000000000001100000001100000000000000000000000000000000
00000000000000000000000000000000000000001000111011001110000000000000000000000000000000000000000000000000000000000000000000000000000000000000000000000000000001100000001100000000000000000000000000000000
00000000000000000000000000000000000000000010000111101000000000000000000000000000000000000000000000000000000000000000000000000000000000000000000000000000000001100000001100000000000000000000000000000000
00000000000000000000000000000000000000001100101001100101000000000000000000000000000000000000000000000000000000000000000000000000000000000000000000000000000001100000001100000000000000000000000000000000
00000000000000001110000000000000000000000000000011100100000000000000000000000000000000000000000000000000000000000000000000000000000000000000000000000000000001100000001100000000000000000000000000000000
00000000000000001110000000000000000000000000000001110001000000000000000000000000000000000000000000000000000000000000000000000000000000000000000000000000000001100000001100000000000000000000000000000000
00000000000000001110000000000000000000000000000001111010000000000000000000000000000000000000000000000000000000000000000000000000000000000000000000000000000001100000001100000000000000000000000000000000
00000000000000001110000000000000000000000000000000111011000000000000000000000000000000000000000000000000000000000000000000000000000000000000000000000000000001100000001100000000000000000000000000000000
00000000000000001110000000000000000000000000000000111100000000000000000000000000000000000000000000000000000000000000000000000000000000000000000000000000000001100000001100000000000000000000000000000000
00000000000000001110000000000000000000000000000011111101000000000000000000000000000000000000000000000000000000000000000000000000000000000000000000000000000001100000001100000000000000000000000000000000
00000000000000001110000000000000000000000000000010111010000000000000000000000000000000000000000000000000000000000000000000000000000000000000000000000000000001100000001100000000000000000000000000000000
00000000000000001110000000000000000000000000000001011100000000000000000000000000000000000000000000000000000000000000000000000000000000000000000000000000000001100000001100000000000000000000000000000000
00000000000000001110000000000000000000000000000001111001100101000000000000000000000000000000000000000000000000000000000000000000000000000000000000000000101011110000011100000000000000000000000000000000
00000000000000001110000000000000000000000000000000011110001010100000000000000000000000000000000000000000000000000000000000000000000000000000000000000000111001100000000100000000000000000000000000000000
00000000000000001110000000000000000000000000000010011100001101000000000000000000000000000000000000000000000000000000000000000000000000000000000000000000000111110000000000000000000000000000000000000000
00000000000000001111000000000000000000000000000010001111001010010000000000000000000000000000000000000000000000000000000000000000000000000000000000000000011011100000001100000000000000000000000000000000
00000000000000001111100000000000000010000000000000110111001011100000000000000000000000000000000000000000000000001111111100000000000000000000000000000000010111011111111100000000000000000000000000000000
00000000000000001111111100000000000111000000000010100111000100100000000000000000000000000000000000000000000000001111111100000000000000000000000000000000101111011111111100000000000000000000000000000000
00000000000000001111111100000000000111110000000001011011110001010000000000000000000000000000000000000000000000000001111100000000000000000000000000000000101111101111111100000000000000000000000000000000
00000000000000001111111100000000001111110000000000101101101110000000000000000000000000000000000000000000000000000000111100000000000000000000000000000000011110011111111100000000000000000000000000000000
00000000000000000000000000000000000000000000000001001001110010100110010100000000000000000000000000000000000000000000000000000000000000000000000010100100111101010000000000000000000000000000000000000000
00000000000000000000000000000000000000000000000010010110111000011001100000000000000000000000000000000000000000000000000000000000000000000000000001110011011001000000000000000000000000000000000000000000
00000000000000000000000000000000000000000000000011100001011100100110010100000000000000000000000000000000000000000000000000000000000000000000000010001110111010110000000000000000000000000000000000000000
00000000000000000000000000000000000000000000000010010101101111000101101000000000000000000000000000000000000000000000000000000000000000000000000011100000110101000000000000000000000000000000000000000000
00000000000000000000000000000000000000000000000001011010001111011010100100000000000000000000000000000000000000000000000000000000000000000000000000010101111001110000000000000000000000000000000000000000
00000000000000000000000000000000000000000000000010100110010011101001011100000000000000000000000000000000000000000000000000000000000000000000000000111011110010100000000000000000000000000000000000000000
00000000000000000000000000000000000000000000000000011001100001110110100100000000000000000000000000000000000000000000000000000000000000000000000001101111011001000000000000000000000000000000000000000000
00000000000000000000000000000000000000000000000010000110010100111001001000000000000000000000000000000000000000000000000000000000000000000000000010011110100100100000000000000000000000000000000000000000
00000000000000000000000000000000000000000000000000000000010010011110100010101001000000000000000000000000000000000000000000000000000000000101011001111100000000000000000000000000000000000000000000000000
00000000000000000000000000000000000000000000000000000000100101101110010101101010000000000000000000000000000000000000000000000000000000000011001010111011000000000000000000000000000000000000000000000000
00000000000000000000000000000000000000000000000000000000111000010111110001111001000000000000000000000000000000000000000000000000000000001000101011111110000000000000000000000000000000000000000000000000
00000000000000000000000000000000000000000000000000000000100101010011100100100101000000000000000000000000000000000000000000000000000000000000000111111001000000000000000000000000000000000000000000000000
00000000000000000000000000000000000000000000000000000000010110100011111110010110000000000000000000000000000000000000000000000000000000000111011110101110000000000000000000000000000000000000000000000000
00000000000000000000000000000000000000000000000000000000101001100101011101101010000000000000000000000000000000000000000000000000000000001000111000110100000000000000000000000000000000000000000000000000
00000000000000000000000000000000000000000000000000000000000110011000001111010101000000000000000000000000000000000000000000000000000000000111111010100001000000000000000000000000000000000000000000000000
00000000000000000000000000000000000000000000000000000000100001100110010111100010000000000000000000000000000000000000000000000000000000001111110100000010000000000000000000000000000000000000000000000000
00000000000000000000000000000000000000000000000000000000000000000000000001111000011001110000000000000000000000000000000000000000001000111110110000000000000000000000000000000000000000000000000000000000
00000000000000000000000000000000000000000000000000000000000000000000000000011111000100000000000000000000000000000000000000000000010111111000001000000000000000000000000000000000000000000000000000000000
00000000000000000000000000000000000000000000000000000000000000000000000001001111111001010000000000000000000000000000000000000000011111100100100000000000000000000000000000000000000000000000000000000000
00000000000000000000000000000000000000000000000000000000000000000000000010010101111111111111111111111111111111111111111111111111111100100001010100000000000000000000000000000000000000000000000000000000
00000000000000000000000000000000000000000000000000000000000000000000000010010010001111111111111111111111111111111111111111111111111100110110000000000000000000000000000000000000000000000000000000000000
00000000000000000000000000000000000000000000000000000000000000000000000001001000011000100000000000000000000000000000000000000000101011000011110100000000000000000000000000000000000000000000000000000000
00000000000000000000000000000000000000000000000000000000000000000000000010001110100100100000000000000000000000000000000000000000000000110101010000000000000000000000000000000000000000000000000000000000
00000000000000000000000000000000000000000000000000000000000000000000000001100010011001010000000000000000000000000000000000000000001001000011000100000000000000000000000000000000000000000000000000000000
00000000000000000000000000000000000000000000000000000000000000000000000000000000000000000000000000000000000000000000000000000000000000000000000000000000000000000000000000000000000000000000000000000000
00000000000000000000000000000000000000000000000000000000000000000000000000000000000000000000000000000000000000000000000000000000000000000000000000000000000000000000000000000000000000000000000000000000
00000000000000000000000000000000000000000000000000000000000000000000000000000000000000000000000000000000000000000000000000000000000000000000000000000000000000000000000000000000000000000000000000000000
00000000000000000000000000000000000000000000000000000000000000000000000000000000000000000000000000000000000000000000000000000000000000000000000000000000000000000000000000000000000000000000000000000000
00000000000000000000000000000000000000000000000000000000000000000000000000000000000000000000000000000000000000000000000000000000000000000000000000000000000000000000000000000000000000000000000000000000
00000000000000000000000000000000000000000000000000000000000000000000000000000000000000000000000000000000000000000000000000000000000000000000000000000000000000000000000000000000000000000000000000000000
00000000000000000000000000000000000000000000000000000000000000000000000000000000000000000000000000000000000000000000000000000000000000000000000000000000000000000000000000000000000000000000000000000000
00000000000000000000000000000000000000000000000000000000000000000000000000000000000000000000000000000000000000000000000000000000000000000000000000000000000000000000000000000000000000000000000000000000
00000000000000000000000000000000000000000000000000000000000000000000000000000000000000000000000000000000000000000000000000000000000000000000000000000000000000000000000000000000000000000000000000000000
00000000000000000000000000000000000000000000000000000000000000000000000000000000000000000000000000000000000000000000000000000000000000000000000000000000000000000000000000000000000000000000000000000000
00000000000000000000000000000000000000000000000000000000000000000000000000000000000000000000000000000000000000000000000000000000000000000000000000000000000000000000000000000000000000000000000000000000
00000000000000000000000000000000000000000000000000000000000000000000000000000000000000000000000000000000000000000000000000000000000000000000000000000000000000000000000000000000000000000000000000000000
00000000000000000000000000000000000000000000000000000000000000000000000000000000000000000000000000000000000000000000000000000000000000000000000000000000000000000000000000000000000000000000000000000000
00000000000000000000000000000000000000000000000000000000000000000000000000000000000000000000000000000000000000000000000000000000000000000000000000000000000000000000000000000000000000000000000000000000
00000000000000000000000000000000000000000000000000000000000000000000000000000000000000000000000000000000000000000000000000000000000000000000000000000000000000000000000000000000000000000000000000000000
00000000000000000000000000000000000000000000000000000000000000000000000000000000000000000000000000000000000000000000000000000000000000000000000000000000000000000000000000000000000000000000000000000000
00000000000000000000000000000000000000000000000000000000000000000000000000000000000000000000000000000000000000000000000000000000000000000000000000000000000000000000000000000000000000000000000000000000
00000000000000000000000000000000000000000000000000000000000000000000000000000000000000000000000000000000000000000000000000000000000000000000000000000000000000000000000000000000000000000000000000000000
00000000000000000000000000000000000000000000000000000000000000000000000000000000000000000000000000000000000000000000000000000000000000000000000000000000000000000000000000000000000000000000000000000000
00000000000000000000000000000000000000000000000000000000000000000000000000000000000000000000000000000000000000000000000000000000000000000000000000000000000000000000000000000000000000000000000000000000
00000000000000000000000000000000000000000000000000000000000000000000000000000000000000000000000000000000000000000000000000000000000000000000000000000000000000000000000000000000000000000000000000000000
00000000000000000000000000000000000000000000000000000000000000000000000000000000000000000000000000000000000000000000000000000000000000000000000000000000000000000000000000000000000000000000000000000000
00000000000000000000000000000000000000000000000000000000000000000000000000000000000000000000000000000000000000000000000000000000000000000000000000000000000000000000000000000000000000000000000000000000
00000000000000000000000000000000000000000000000000000000000000000000000000000000000000000000000000000000000000000000000000000000000000000000000000000000000000000000000000000000000000000000000000000000
00000000000000000000000000000000000000000000000000000000000000000000000000000000000000000000000000000000000000000000000000000000000000000000000000000000000000000000000000000000000000000000000000000000
00000000000000000000000000000000000000000000000000000000000000000000000000000000000000000000000000000000000000000000000000000000000000000000000000000000000000000000000000000000000000000000000000000000
00000000000000000000000000000000000000000000000000000000000000000000000000000000000000000000000000000000000000000000000000000000000000000000000000000000000000000000000000000000000000000000000000000000
00000000000000000000000000000000000000000000000000000000000000000000000000000000000000000000000000000000000000000000000000000000000000000000000000000000000000000000000000000000000000000000000000000000
00000000000000000000000000000000000000000000000000000000000000000000000000000000000000000000000000000000000000000000000000000000000000000000000000000000000000000000000000000000000000000000000000000000
00000000000000000000000000000000000000000000000000000000000000000000000000000000000000000000000000000000000000000000000000000000000000000000000000000000000000000000000000000000000000000000000000000000
00000000000000000000000000000000000000000000000000000000000000000000000000000000000000000000000000000000000000000000000000000000000000000000000000000000000000000000000000000000000000000000000000000000
00000000000000000000000000000000000000000000000000000000000000000000000000000000000000000000000000000000000000000000000000000000000000000000000000000000000000000000000000000000000000000000000000000000
