200 200
00000000000000000000000000000000000000000000000000000000000000000000000000000000000000000000000000000000000000000000000000000000000000000000000000000000000000000000000000000000000000000000000000000000
00000000000000000000000000000000000000000000000000000000000000000000000000000000000000000000000000000000000000000000000000000000000000000000000000000000000000000000000000000000000000000000000000000000
00000000000000000000000000000000000000000000000000000000000000000000000000000000000000000000000000000000000000000000000000000000000000000000000000000000000000000000000000000000000000000000000000000000
00000000000000000000000000000000000000000000000000000000000000000000000000000000000000000000000000000000000000000000000000000000000000000000000000000000000000000000000000000000000000000000000000000000
00000000000000000000000000000000000000000000000000000000000000000000000000000000000000000000000000000000000000000000000000000000000000000000000000000000000000000000000000000000000000000000000000000000
00000000000000000000000000000000000000000000000000000000000000000000000000000000000000000000000000000000000000000000000000000000000000000000000000000000000000000000000000000000000000000000000000000000
00000000000000000000000000000000000000000000000000000000000000000000000000000000000000000000000000000000000000000000000000000000000000000000000000000000000000000000000000000000000000000000000000000000
00000000000000000000000000000000000000000000000000000000000000000000000000000000000000000000000000000000000000000000000000000000000000000000000000000000000000000000000000000000000000000000000000000000
00000000000000000000000000000000000000000000000000000000000000000000000000000000000000000000000000000000000000000000000000000000000000000000000000000000000000000000000000000000000000000000000000000000
00000000000000000000000000000000000000000000000000000000000000000000000000000000000000000000000000000000000000000000000000000000000000000000000000000000000000000000000000000000000000000000000000000000
00000000000000000000000000000000000000000000000000000000000000000000000000000000000000000000000000000000000000000000000000000000000000000000000000000000000000000000000000000000000000000000000000000000
00000000000000000000000000000000000000000000000000000000000000000000000000000000000000000000000000000000000000000000000000000000000000000000000000000000000000000000000000000000000000000000000000000000
00000000000000000000000000000000000000000000000000000000000000000000000000000000000000000000000000000000000000000000000000000000000000000000000000000000000000000000000000000000000000000000000000000000
00000000000000000000000000000000000000000000000000000000000000000000000000000000000000000000000000000000000000000000000000000000000000000000000000000000000000000000000000000000000000000000000000000000
00000000000000000000000000000000000000000000000000000000000000000000000000000000000000000000000000000000000000000000000000000000000000000000000000000000000000000000000000000000000000000000000000000000
00000000000000000000000000000000000000000000000000000000000000000000000000000000000000000000000000000000000000000000000000000000000000000000000000000000000000000000000000000000000000000000000000000000
00000000000000000000000000000000000000000000000000000000000000000000000000000000000000000000000000000000000000000000000000000000000000000000000000000000000000000000000000000000000000000000000000000000
00000000000000000000000000000000000000000000000000000000000000000000000000000000000000000000000000000000000000000000000000000000000000000000000000000000000000000000000000000000000000000000000000000000
00000000000000000000000000000000000000000000000000000000000000000000000000000000000000000000000000000000000000000000000000000000000000000000000000000000000000000000000000000000000000000000000000000000
00000000000000000000000000000000000000000000000000000000000000000000000000000000000000000000000000000000000000000000000000000000000000000000000000000000000000000000000000000000000000000000000000000000
00000000000000000000000000000000000000000000000000000000000000000000000000000000000000000000000000000000000000000000000000000000000000000000000000000000000000000000000000000000000000000000000000000000
00000000000000000000000000000000000000000000000000000000000000000000000000000000000000000000000000000000000000000000000000000000000000000000000000000000000000000000000000000000000000000000000000000000
00000000000000000000000000000000000000000000000000000000000000000000000000000000000000000000000000000000000000000000000000000000000000000000000000000000000000000000000000000000000000000000000000000000
00000000000000000000000000000000000000000000000000000000000000000000000000000000000000000000000000000000000000000000000000000000000000000000000000000000000000000000000000000000000000000000000000000000
00000000000000000000000000000000000000000000000000000000000000000000000000000000000000000000000000000000000000000000000000000000000000000000000000000000000000000000000000000000000000000000000000000000
00000000000000000000000000000000000000000000000000000000000000000000000000000000000000000000000000000000000000000000000000000000000000000000000000000000000000000000000000000000000000000000000000000000
00000000000000000000000000000000000000000000000000000000000000000000000000000000000000000000000000000000000000000000000000000000000000000000000000000000000000000000000000000000000000000000000000000000
00000000000000000000000000000000000000000000000000000000000000000000000000000000000000000000000000000000000000000000000000000000000000000000000000000000000000000000000000000000000000000000000000000000
00000000000000000000000000000000000000000000000000000000000000000000000000000000000000000000000000000000000000000000000000000000000000000000000000000000000000000000000000000000000000000000000000000000
00000000000000000000000000000000000000000000000000000000000000000000000000000000000000000000000000000000000000000000000000000000000000000000000000000000000000000000000000000000000000000000000000000000
00000000000000000000000000000000000000000000000000000000000000000000000000000000000000000000000000000000000000000000000000000000000000000000000000000000000000000000000000000000000000000000000000000000
00000000000000000000000000000000000000000000000000000000000000000000000000000000000000000000000000000000000000000000000000000000000000000000000000000000000000000000000000000000000000000000000000000000
00000000000000000000000000000000000000000000000000000000000000000000000000000000000000000000000000000000000000000000000000000000000000000000000000000000000000000000000000000000000000000000000000000000
00000000000000000000000000000000000000000000000000000000000000000000000000000000000000000000000000000000000000000000000000000000000000000000000000000000000000000000000000000000000000000000000000000000
00000000000000000000000000000000000000000000000000000000000000000000000000000000000000000000000000000000000000000000000000000000000000000000000000000000000000000000000000000000000000000000000000000000
00000000000000000000000000000000000000000000000000000000000000000000000000000000000000000000000000000000000000000000000000000000000000000000000000000000000000000000000000000000000000000000000000000000
00000000000000000000000000000000000000000000000000000000000000000000000000000000000000000000000000000000000000000000000000000000000000000000000000000000000000000000000000000000000000000000000000000000
00000000000000000000000000000000000000000000000000000000000000000000000000000000000000000000000000000000000000000000000000000000000000000000000000000000000000000000000000000000000000000000000000000000
00000000000000000000000000000000000000000000000000000000000000000000000000000000000000000000000000000000000000000000000000000000000000000000000000000000000000000000000000000000000000000000000000000000
00000000000000000000000000000000000000000000000000000000000000000000000000000000000000000000000000000000000000000000000000000000000000000000000000000000000000000000000000000000000000000000000000000000
00000000000000000000000000000000000000000000000000000000000000000000000000000000000000000000000000000000000000000000000000000000000000000000000000000000000000000000000000000000000000000000000000000000
00000000000000000000000000000000000000000000000000000000000000000000000000000000000000000000000000000000000000000000000000000000000000000000000000000000000000000000000000000000000000000000000000000000
00000000000000000000000000000000000000000000000000000000000000000000000000000000000000000000000000000000000000000000000000000000000000000000000000000000000000000000000000000000000000000000000000000000
00000000000000000000000000000000000000000000000000000000000000000000000000000000000000000000000000000000000000000000000000000000000000000000000000000000000000000000000000000000000000000000000000000000
00000000000000000000000000000000000000000000000000000000000000000000000000000000000000000000000000000000000000000000000000000000000000000000000000000000000000000000000000000000000000000000000000000000
00000000000000000000000000000000000000000000000000000000000000000000000000000000000000000000000000000000000000000000000000000000000000000000000000000000000000000000000000000000000000000000000000000000
00000000000000000000000000000000000000000000000000000000000000000000000000000000000000000000000000000000000000000000000000000000000000000000000000000000000000000000000000000000000000000000000000000000
00000000000000000000000000000000000000000000000000000000000000000000000000000000000000000000000000000000000000000000000000000000000000000000000000000000000000000000000000000000000000000000000000000000
00000000000000000000000000000000000000000000000000000000000000000000000000000000010110101001011000000000000000000000000000000000000000000000000000000000000000000000000000000000000000000000000000000000
00000000000000000000000000000000000000000000000000000000000000000000000000000000000101000100000100000000000000000000000000000000000000000000000000000000000000000000000000000000000000000000000000000000
00000000000000000000000000000000000000000000000000000000000000000000000000000000101000100001111000000000000000000000000000000000000000000000000000000000000000000000000000000000000000000000000000000000
00000000000000000000000000000000000000000000000000000000000000000000000000000000101000001010000100000000000000000000000000000000000000000000000000000000000000000000000000000000000000000000000000000000
00000000000000000000000000000000000000000000000000000000000000000000000000000000101011110101010000000000000000000000000000000000000000000000000000000000000000000000000000000000000000000000000000000000
00000000000000000000000000000000000000000000000000000000000000000000000000000000010010000010101000000000000000000000000000000000000000000000000000000000000000000000000000000000000000000000000000000000
00000000000000000000000000000000000000000000000000000000000000000000000000000000100011111100010100000000000000000000000000000000000000000000000000000000000000000000000000000000000000000000000000000000
00000000000000000000000000000000000000000000000000000000000000000000000000000000000100111111001000000000000000000000000000000000000000000000000000000000000000000000000000000000000000000000000000000000
00000000000000000000000000000000000000000000000000000000000000000000000000000000000100100111111100100110101010001011001100000000000000000000000000000000000000000000000000000000000000000000000000000000
00000000000000000000000000000000000000000000000000000000000000000000000000000000010001011010111111111111111111111100100000000000000000000000000000000000000000000000000000000000000000000000000000000000
00000000000000000000000000000000000000000000000000000000000000000000000000000000111000110011111111111111111111111111111100000000000000000000000000000000000000000000000000000000000000000000000000000000
00000000000000000000000000000000000000000000000000000000000000000000000000000000001010101111110111111110000101000111110000000000000000000000000000000000000000000000000000000000000000000000000000000000
00000000000000000000000000000000000000000000000000000000000000000000000000000000100101011111001010111111101000100100111100000000000000000000000000000000000000000000000000000000000000000000000000000000
00000000000000000000000000000000000000000000000000000000000000000000000000000000011010111100101100000011100011001011011100000000000000000000000000000000000000000000000000000000000000000000000000000000
00000000000000000000000000000000000000000000000000000000000000000000000000000000110011111010000011001101111111011000011000000000000000000000000000000000000000000000000000000000000000000000000000000000
00000000000000000000000000000000000000000000000000000000000000000000000000000000001111100100110000010101111111110101110100000000000000000000000000000000000000000000000000000000000000000000000000000000
00000000000000000000000000000000000000000000000000000000000000000000000000000000000111010000000000000000001011111111111111111110100000100010001001001100100101000000000000000000000000000000000000000000
00000000000000000000000000000000000000000000000000000000000000000000000000000000100110100000000000000000110101101111111111111111111111001101010010110001001010100000000000000000000000000000000000000000
00000000000000000000000000000000000000000000000000000000000000000000000000000000101110100000000000000000001010011111111101010011111111111100100101000010001101000000000000000000000000000000000000000000
00000000000000000000000000000000000000000000000000000000000000000000000000000000001101010000000000000000101100100000000010001000110010111111111111011010001010010000000000000000000000000000000000000000
00000000000000000000000000000000000000000000000000000000000000000000000000000000011110000000000000000000101010100000000000001101000100111111111111111110001011100000000000000000000000000000000000000000
00000000000000000000000000000000000000000000000000000000000000000000000000000000011101010000000000000000000100000000000010100101000011000100111000111111000100100000000000000000000000000000000000000000
00000000000000000000000000000000000000000000000000000000000000000000000000000000111001010000000000000000010011010000000001010000010110110001000110000111110001010000000000000000000000000000000000000000
00000000000000000000000000000000000000000000000000000000000000000000000000000000110010000000000000000000000101010000000010010010101001000100011001001001101110000000000000000000000000000000000000000000
00000000000000000000000000000000000000000000000000000000000000000000000010100101101110000000000000000000000000000000000000000000000000000000000001001001111100100000000000000000000000000000000000000000
00000000000000000000000000000000000000000000000000000000000000000000000001000011110001010000000000000000000000000000000000000000000000000000000010010110111100010000000000000000000000000000000000000000
00000000000000000000000000000000000000000000000000000000000000000000000000110111000100100000000000000000000000000000000000000000000000000000000011100001011010100000000000000000000000000000000000000000
00000000000000000000000000000000000000000000000000000000000000000000000011000011001011100000000000000000000000000000000000000000000000000000000010010101011101010000000000000000000000000000000000000000
00000000000000000000000000000000000000000000000000000000000000000000000001011011001010010000000000000000000000000000000000000000000000000000000001011010111111100000000000000000000000000000000000000000
00000000000000000000000000000000000000000000000000000000000000000000000000110011001101000000000000000000000000000000000000000000000000000000000010100110010110010000000000000000000000000000000000000000
00000000000000000000000000000000000000000000000000000000000000000000000011001111001010100000000000000000000000000000000000000000000000000000000000011001011111100000000000000000000000000000000000000000
00000000000000000000000000000000000000000000000000000000000000000000000001010011100101000000000000000000000000000000000000000000000000000000000010000110100011010000000000000000000000000000000000000000
00000000000000000000000000000000000000000000000000000000000000000000000000010011000000000000000000000000000000000000000000000000000000000000000000000000101111000000000000000000000000000000000000000000
00000000000000000000000000000000000000000000000000000000000000000000000010001011000000000000000000000000000000000000000000000000000000000000000000000000010011110000000000000000000000000000000000000000
00000000000000000000000000000000000000000000000000000000000000000000000000100111000000000000000000000000000000000000000000000000000000000000000000000000001001100000000000000000000000000000000000000000
00000000000000000000000000000000000000000000000000000000000000000000000001010011000000000000000000000000000000000000000000000000000000000000000000000000101011110000000000000000000000000000000000000000
00000000000000000000000000000000000000000000000000000000000000000000000010100111000000000000000000000000000000000000000000000000000000000000000000000000011101100000000000000000000000000000000000000000
00000000000000000000000000000000000000000000000000000000000000000000000010001111000000000000000000000000000000000000000000000000000000000000000000000000010101110000000000000000000000000000000000000000
00000000000000000000000000000000000000000000000000000000000000000000000001110110000000000000000000000000000000000000000000000000000000000000000000000000100110110000000000000000000000000000000000000000
00000000000000000000000000000000000000000000000000000000000000000000000010100111000000000000000000000000000000000000000000000000000000000000000000000000010101110000000000000000000000000000000000000000
00000000000000000000000000000000000000000000000000000000000000000000000011001110000000000000000000000000000000000000000000000000000000000000000000000000000000011000000000000000000000000000000000000000
00000000000000000000000000000000000000000000000000000000000000000000000000001101000000000000000000000000000000000000000000000000000000000000000000000000000000011000000000000000000000000000000000000000
00000000000000000000000000000000000000000000000000000000000000000000000010111110000000000000000000000000000000000000000000000000000000000000000000000000000000011000000000000000000000000000000000000000
00000000000000000000000000000000000000000000000000000000000000000000000001101100000000000000000000000000000000000000000000000000000000000000000000000000000000011000000000000000000000000000000000000000
00000000000000000000000000000000000000000000000000000000000000000000000001111101000000000000000000000000000000000000000000000000000000000000000000000000000000011000000000000000000000000000000000000000
00000000000000000000000000000000000000000000000000000000000000000000000010011100000000000000000000000000000000000000000000000000000000000000000000000000000000011000000000000000000000000000000000000000
00000000000000000000000000000000000000000000000000000000000000000000000000101100000000000000000000000000000000000000000000000000000000000000000000000000000000011000000000000000000000000000000000000000
00000000000000000000000000000000000000000000000000000000000000000000000011011100000000000000000000000000000000000000000000000000000000000000000000000000000000011000000000000000000000000000000000000000
00000000000000000000000000000000000000000000000000000000000000000000000000001110000000000000000000000000000000000000000000000000000000000000000000000000000000011000000000000000000000000000000000000000
00000000000000000000000000000000000000000000000000000000000000000000000000001110000000000000000000000000000000000000000000000000000000000000000000000000000000011000000000000000000000000000000000000000
00000000000000000000000000000000000000000000000000000000000000000000000000001110000000000000000000000000000000000000000000000000000000000000000000000000000000011000000000000000000000000000000000000000
00000000000000000000000000000000000000000000000000000000000000000000000000001110000000000000000000000000000000000000000000000000000000000000000000000000000000011000000000000000000000000000000000000000
00000000000000000000000000000000000000000000000000000000000000000000000000001110000000000000000000000000000000000000000000000000000000000000000000000000000000011000000000000000000000000000000000000000
00000000000000000000000000000000000000000000000000000000000000000000000000001110000000000000000000000000000000000000000000000000000000000000000000000000000000011000000000000000000000000000000000000000
00000000000000000000000000000000000000000000000000000000000000000000000000001110000000000000000000000000000000000000000000000000000000000000000000000000000000011000000000000000000000000000000000000000
00000000000000000000000000000000000000000000000000000000000000000000000000001110000000000000000000000000000000000000000000000000000000000000000000000000000000011000000000000000000000000000000000000000
00000000000000000000000000000000000000000000000000000000000000000000000011011100000000000000000000000000000000000000000000000000000000000000000000000000000000011000000000000000000000000000000000000000
00000000000000000000000000000000000000000000000000000000000000000000000000101100000000000000000000000000000000000000000000000000000000000000000000000000000000011000000000000000000000000000000000000000
00000000000000000000000000000000000000000000000000000000000000000000000010011100000000000000000000000000000000000000000000000000000000000000000000000000000000011000000000000000000000000000000000000000
00000000000000000000000000000000000000000000000000000000000000000000000001111101000000000000000000000000000000000000000000000000000000000000000000000000000000011000000000000000000000000000000000000000
00000000000000000000000000000000000000000000000000000000000000000000000001101100000000000000000000000000000000000000000000000000000000000000000000000000000000011000000000000000000000000000000000000000
00000000000000000000000000000000000000000000000000000000000000000000000010111110000000000000000000000000000000000000000000000000000000000000000000000000000000011000000000000000000000000000000000000000
00000000000000000000000000000000000000000000000000000000000000000000000000001101000000000000000000000000000000000000000000000000000000000000000000000000000000011000000000000000000000000000000000000000
00000000000000000000000000000000000000000000000000000000000000000000000001001110000000000000000000000000000000000000000000000000000000000000000000000000000000011000000000000000000000000000000000000000
00000000000000000000000000000000000000000000000000000000000000000000000000011111000000000000000000000000000000000000000000000000000000000000000000000000000000011000000100000000000000000000000000000000
00000000000000000000000000000000000000000000000000000000000000000000000000100110000000000000000000000000000000000000000000000000000000000000000000000000000000011000000100000000000000000000000000000000
00000000000000000000000000000000000000000000000000000000000000000000000001100111000000000000000000000000000000000000000000000000000000000000000000000000000000011000000100000000000000000000000000000000
00000000000000000000000000000000000000000000000000000000000000000000000000101110000000000000000000000000000000000000000000000000000000000000000000000000000000011000001100000000000000000000000000000000
00000000000000000000000000000000000000000000000000000000000000000000000001010111000000000000000000000000000000000000000000000000000000000000000000000000000000011000001100000000000000000000000000000000
00000000000000000000000000000000000000000000000000000000000000000000000010010110000000000000000000000000000000000000000000000000000000000000000000000000000000011000001100000000000000000000000000000000
00000000000000000000000000000000000000000000000000000000000000000000000010101011000000000000000000000000000000000000000000000000000000000000000000000000000000011000001100000000000000000000000000000000
00000000000000000000000000000000000000000000000000000000000000000000000001101011000000000000000000000000000000000000000000000000000000000000000000000000000000011000011100000000000000000000000000000000
00000000000000000000000000000000000000000000000000000000000000000000000011001011000101010000000000000000000000000000000000000000000000000000000000000000100110111000001100000000000000000000000000000000
00000000000000000000000000000000000000000000000000000000000000000000000000100111101000110000000000000000000000000000000000000000000000000000000000000000011011011000001100000000000000000000000000000000
00000000000000000000000000000000000000000000000000000000000000000000000010010011100011000000000000000000000000000000000000000000000000000000000000000000101000011000001100000000000000000000000000000000
00000000000000000000000000000000000000000000000000000000000000000000000001101111111101010000000000000000000000000000000000000000000000000000000000000000010001111000001100000000000000000000000000000000
00000000000000000000000000000000000000000000000000000000000000000000000000010011110001100000000000000000000000000000000000000000000000000000000000000000010000111000001100000000000000000000000000000000
00000000000000000000000000000000000000000000000000000000000000000000000010001110110110010000000000000000000000000000000000000000000000000000000000000000110101011000001100000000000000000000000000000000
00000000000000000000000000000000000000000000000000000000000000000000000000100001111001000000000000000000000000000000000000000000000000000000000000000000010100111000001100000000000000000000000000000000
00000000000000000000000000000000000000000000000000000000000000000000000011001010111000010000000000000000000000000000000000000000000000000000000000000000110011011000001100000000000000000000000000000000
00000000000000001110000000000000000000000000000000000000000000000000000000000000011100100000000000000000000000000000000000000000000000000000000000000000101100011100010000000000000000000000000000000000
00000000000000001110000000000000000000000000000000000000000000000000000000000000111100000000000000000000000000000000000000000000000000000000000000000000000010111101011000000000000000000000000000000000
00000000000000001110000000000000000000000000000000000000000000000000000000000000011110110000000000000000000000000000000000000000000000000000000000000000010100111100101000000000000000000000000000000000
00000000000000001110000000000000000000000000000000000000000000000000000000000000101110100000000000000000000000000000000000000000000000000000000000000000011011011011010100000000000000000000000000000000
00000000000000001110000000000000000000000000000000000000000000000000000000000000001111110000000000000000000000000000000000000000000000000000000000000000101100111000000100000000000000000000000000000000
00000000000000001110000000000000000000000000000000000000000000000000000000000000101110100000000000000000000000000000000000000000000000000000000000000000101100110101011000000000000000000000000000000000
00000000000000001110000000000000000000000000000000000000000000000000000000000000110011010000000000000000000000000000000000000000000000000000000000000000010010111000000100000000000000000000000000000000
00000000000000001110000000000000000000000000000000000000000000000000000000000000001011010000000000000000000000000000000000000000000000000000000000000000001001110001110000000000000000000000000000000000
00000000000000001110000000000000000000000000000000000000000000000000000000000000100111100110010000000000000000000000000000000000000000000000000000000000010101100000011100000000000000000000000000000000
00000000000000001110000000000000000000000000000000000000000000000000000000000000001001101100100100000000000000000000000000000000000000000000000000000000010111100000000100000000000000000000000000000000
00000000000000001110000000000000000000000000000000000000000000000000000000000000110000110010010100000000000000000000000000000000000000000000000000000000100001110000000000000000000000000000000000000000
00000000000000001111000000000000000000000000000000000000000000000000000000000000001010111001111000000000000000000000000000000000000000000000000000000000001011000000001100000000000000000000000000000000
00000000000000001111100000000000000010000000000000000000000000000000000000000000010110011110010000000000000000001111111100000000000000000000000000000000100111111111111100000000000000000000000000000000
00000000000000001111111100000000000111000000000000000000000000000000000000000000101001011110111100000000000000001111111100000000000000000000000000000000010011001111111100000000000000000000000000000000
00000000000000001111111100000000000111110000000000000000000000000000000000000000011110101101000000000000000000000001111100000000000000000000000000000000101011001111111100000000000000000000000000000000
00000000000000001111111100000000001111110000000000000000000000000000000000000000000010101110100100000000000000000000111100000000000000000000000000000000010111011111111100000000000000000000000000000000
00000000000000000000000000000000000000000000000000000000000000000000000000000000000000000111110101100101000000000000000000000000000000000000000010100110101011000000000000000000000000000000000000000000
00000000000000000000000000000000000000000000000000000000000000000000000000000000000000001111101010011000000000000000000000000000000000000000000000011001010111010000000000000000000000000000000000000000
00000000000000000000000000000000000000000000000000000000000000000000000000000000000000000011110101100101000000000000000000000000000000000000000010100110011110110000000000000000000000000000000000000000
00000000000000000000000000000000000000000000000000000000000000000000000000000000000000001101110101011010000000000000000000000000000000000000000001011010101101010000000000000000000000000000000000000000
00000000000000000000000000000000000000000000000000000000000000000000000000000000000000000010111010101001000000000000000000000000000000000000000010010101011101000000000000000000000000000000000000000000
00000000000000000000000000000000000000000000000000000000000000000000000000000000000000001001011010010111000000000000000000000000000000000000000011101001111011010000000000000000000000000000000000000000
00000000000000000000000000000000000000000000000000000000000000000000000000000000000000000100101101101001000000000000000000000000000000000000000010010110110100110000000000000000000000000000000000000000
00000000000000000000000000000000000000000000000000000000000000000000000000000000000000001010111110010010000000000000000000000000000000000000000001001001110011000000000000000000000000000000000000000000
00000000000000000000000000000000000000000000000000000000000000000000000000000000000000000100100111001010011001010000000000000000000000001000001001100101101110000000000000000000000000000000000000000000
00000000000000000000000000000000000000000000000000000000000000000000000000000000000000001001011011100001100110010000000000000000000000000101010010011011110001010000000000000000000000000000000000000000
00000000000000000000000000000000000000000000000000000000000000000000000000000000000000001110000111111000010100100000000000000000000000001010001110100111000100100000000000000000000000000000000000000000
00000000000000000000000000000000000000000000000000000000000000000000000000000000000000001001010101110010101011000000000000000000000000000101100000001110001011100000000000000000000000000000000000000000
00000000000000000000000000000000000000000000000000000000000000000000000000000000000000000101101010011100000111010000000000000000000000001010010100111101001010010000000000000000000000000000000000000000
00000000000000000000000000000000000000000000000000000000000000000000000000000000000000001010011011101101011000100000000000000000000000000001001111111010001101000000000000000000000000000000000000000000
00000000000000000000000000000000000000000000000000000000000000000000000000000000000000000001100110111111101010010000000000000000000000001001011011100001001010100000000000000000000000000000000000000000
00000000000000000000000000000000000000000000000000000000000000000000000000000000000000001000011001001111111100100000000000000000000000000100011111010000100101000000000000000000000000000000000000000000
00000000000000000000000000000000000000000000000000000000000000000000000000000000000000000000000000000000111111110100110100000000101000011101111100000000000000000000000000000000000000000000000000000000
00000000000000000000000000000000000000000000000000000000000000000000000000000000000000000000000000000000100111111111000111111111010101100111111000000000000000000000000000000000000000000000000000000000
00000000000000000000000000000000000000000000000000000000000000000000000000000000000000000000000000000000010001011111111111111111111110111111101000000000000000000000000000000000000000000000000000000000
00000000000000000000000000000000000000000000000000000000000000000000000000000000000000000000000000000000000110111001111111111111111111111101010100000000000000000000000000000000000000000000000000000000
00000000000000000000000000000000000000000000000000000000000000000000000000000000000000000000000000000000110010001100111100000000101011000001101000000000000000000000000000000000000000000000000000000000
00000000000000000000000000000000000000000000000000000000000000000000000000000000000000000000000000000000001001011011000000000000000100111010010000000000000000000000000000000000000000000000000000000000
00000000000000000000000000000000000000000000000000000000000000000000000000000000000000000000000000000000101110000101110100000000000010001001100000000000000000000000000000000000000000000000000000000000
00000000000000000000000000000000000000000000000000000000000000000000000000000000000000000000000000000000010001101010001000000000100001010010110100000000000000000000000000000000000000000000000000000000
00000000000000000000000000000000000000000000000000000000000000000000000000000000000000000000000000000000000000000000000000000000000000000000000000000000000000000000000000000000000000000000000000000000
00000000000000000000000000000000000000000000000000000000000000000000000000000000000000000000000000000000000000000000000000000000000000000000000000000000000000000000000000000000000000000000000000000000
00000000000000000000000000000000000000000000000000000000000000000000000000000000000000000000000000000000000000000000000000000000000000000000000000000000000000000000000000000000000000000000000000000000
00000000000000000000000000000000000000000000000000000000000000000000000000000000000000000000000000000000000000000000000000000000000000000000000000000000000000000000000000000000000000000000000000000000
00000000000000000000000000000000000000000000000000000000000000000000000000000000000000000000000000000000000000000000000000000000000000000000000000000000000000000000000000000000000000000000000000000000
00000000000000000000000000000000000000000000000000000000000000000000000000000000000000000000000000000000000000000000000000000000000000000000000000000000000000000000000000000000000000000000000000000000
00000000000000000000000000000000000000000000000000000000000000000000000000000000000000000000000000000000000000000000000000000000000000000000000000000000000000000000000000000000000000000000000000000000
00000000000000000000000000000000000000000000000000000000000000000000000000000000000000000000000000000000000000000000000000000000000000000000000000000000000000000000000000000000000000000000000000000000
00000000000000000000000000000000000000000000000000000000000000000000000000000000000000000000000000000000000000000000000000000000000000000000000000000000000000000000000000000000000000000000000000000000
00000000000000000000000000000000000000000000000000000000000000000000000000000000000000000000000000000000000000000000000000000000000000000000000000000000000000000000000000000000000000000000000000000000
00000000000000000000000000000000000000000000000000000000000000000000000000000000000000000000000000000000000000000000000000000000000000000000000000000000000000000000000000000000000000000000000000000000
00000000000000000000000000000000000000000000000000000000000000000000000000000000000000000000000000000000000000000000000000000000000000000000000000000000000000000000000000000000000000000000000000000000
00000000000000000000000000000000000000000000000000000000000000000000000000000000000000000000000000000000000000000000000000000000000000000000000000000000000000000000000000000000000000000000000000000000
00000000000000000000000000000000000000000000000000000000000000000000000000000000000000000000000000000000000000000000000000000000000000000000000000000000000000000000000000000000000000000000000000000000
00000000000000000000000000000000000000000000000000000000000000000000000000000000000000000000000000000000000000000000000000000000000000000000000000000000000000000000000000000000000000000000000000000000
00000000000000000000000000000000000000000000000000000000000000000000000000000000000000000000000000000000000000000000000000000000000000000000000000000000000000000000000000000000000000000000000000000000
00000000000000000000000000000000000000000000000000000000000000000000000000000000000000000000000000000000000000000000000000000000000000000000000000000000000000000000000000000000000000000000000000000000
00000000000000000000000000000000000000000000000000000000000000000000000000000000000000000000000000000000000000000000000000000000000000000000000000000000000000000000000000000000000000000000000000000000
00000000000000000000000000000000000000000000000000000000000000000000000000000000000000000000000000000000000000000000000000000000000000000000000000000000000000000000000000000000000000000000000000000000
00000000000000000000000000000000000000000000000000000000000000000000000000000000000000000000000000000000000000000000000000000000000000000000000000000000000000000000000000000000000000000000000000000000
00000000000000000000000000000000000000000000000000000000000000000000000000000000000000000000000000000000000000000000000000000000000000000000000000000000000000000000000000000000000000000000000000000000
00000000000000000000000000000000000000000000000000000000000000000000000000000000000000000000000000000000000000000000000000000000000000000000000000000000000000000000000000000000000000000000000000000000
00000000000000000000000000000000000000000000000000000000000000000000000000000000000000000000000000000000000000000000000000000000000000000000000000000000000000000000000000000000000000000000000000000000
00000000000000000000000000000000000000000000000000000000000000000000000000000000000000000000000000000000000000000000000000000000000000000000000000000000000000000000000000000000000000000000000000000000
00000000000000000000000000000000000000000000000000000000000000000000000000000000000000000000000000000000000000000000000000000000000000000000000000000000000000000000000000000000000000000000000000000000
00000000000000000000000000000000000000000000000000000000000000000000000000000000000000000000000000000000000000000000000000000000000000000000000000000000000000000000000000000000000000000000000000000000
00000000000000000000000000000000000000000000000000000000000000000000000000000000000000000000000000000000000000000000000000000000000000000000000000000000000000000000000000000000000000000000000000000000
00000000000000000000000000000000000000000000000000000000000000000000000000000000000000000000000000000000000000000000000000000000000000000000000000000000000000000000000000000000000000000000000000000000
00000000000000000000000000000000000000000000000000000000000000000000000000000000000000000000000000000000000000000000000000000000000000000000000000000000000000000000000000000000000000000000000000000000
00000000000000000000000000000000000000000000000000000000000000000000000000000000000000000000000000000000000000000000000000000000000000000000000000000000000000000000000000000000000000000000000000000000
00000000000000000000000000000000000000000000000000000000000000000000000000000000000000000000000000000000000000000000000000000000000000000000000000000000000000000000000000000000000000000000000000000000
00000000000000000000000000000000000000000000000000000000000000000000000000000000000000000000000000000000000000000000000000000000000000000000000000000000000000000000000000000000000000000000000000000000
