200 200
00000000000000000000000000000000000000000000000000000000000000000000000000000000000000000000000000000000000000000000000000000000000000000000000000000000000000000000000000000000000000000000000000000000
00000000000000000000000000000000000000000000000000000000000000000000000000000000000000000000000000000000000000000000000000000000000000000000000000000000000000000000000000000000000000000000000000000000
00000000000000000000000000000000000000000000000000000000000000000000000000000000000000000000000000000000000000000000000000000000000000000000000000000000000000000000000000000000000000000000000000000000
00000000000000000000000000000000000000000000000000000000000000000000000000000000000000000000000000000000000000000000000000000000000000000000000000000000000000000000000000000000000000000000000000000000
00000000000000000000000000000000000000000000000000000000000000000000000000000000000000000000000000000000000000000000000000000000000000000000000000000000000000000000000000000000000000000000000000000000
00000000000000000000000000000000000000000000000000000000000000000000000000000000000000000000000000000000000000000000000000000000000000000000000000000000000000000000000000000000000000000000000000000000
00000000000000000000000000000000000000000000000000000000000000000000000000000000000000000000000000000000000000000000000000000000000000000000000000000000000000000000000000000000000000000000000000000000
00000000000000000000000000000000000000000000000000000000000000000000000000000000000000000000000000000000000000000000000000000000000000000000000000000000000000000000000000000000000000000000000000000000
00000000000000000000000000000000000000000000000000000000000000000000000000000000000000000000000000000000000000000000000000000000000000000000000000000000000000000000000000000000000000000000000000000000
00000000000000000000000000000000000000000000000000000000000000000000000000000000000000000000000000000000000000000000000000000000000000000000000000000000000000000000000000000000000000000000000000000000
00000000000000000000000000000000000000000000000000000000000000000000000000000000000000000000000000000000000000000000000000000000000000000000000000000000000000000000000000000000000000000000000000000000
00000000000000000000000000000000000000000000000000000000000000000000000000000000000000000000000000000000000000000000000000000000000000000000000000000000000000000000000000000000000000000000000000000000
00000000000000000000000000000000000000000000000000000000000000000000000000000000000000000000000000000000000000000000000000000000000000000000000000000000000000000000000000000000000000000000000000000000
00000000000000000000000000000000000000000000000000000000000000000000000000000000000000000000000000000000000000000000000000000000000000000000000000000000000000000000000000000000000000000000000000000000
00000000000000000000000000000000000000000000000000000000000000000000000000000000000000000000000000000000000000000000000000000000000000000000000000000000000000000000000000000000000000000000000000000000
00000000000000000000000000000000000000000000000000000000000000000000000000000000000000000000000000000000000000000000000000000000000000000000000000000000000000000000000000000000000000000000000000000000
00000000000000000000000000000000000000000000000000000000000000000000000000000000000000000000000000000000000000000000000000000000000000000000000000000000000000000000000000000000000000000000000000000000
00000000000000000000000000000000000000000000000000000000000000000000000000000000000000000000000000000000000000000000000000000000000000000000000000000000000000000000000000000000000000000000000000000000
00000000000000000000000000000000000000000000000000000000000000000000000000000000000000000000000000000000000000000000000000000000000000000000000000000000000000000000000000000000000000000000000000000000
00000000000000000000000000000000000000000000000000000000000000000000000000000000000000000000000000000000000000000000000000000000000000000000000000000000000000000000000000000000000000000000000000000000
00000000000000000000000000000000000000000000000000000000000000000000000000000000000000000000000000000000000000000000000000000000000000000000000000000000000000000000000000000000000000000000000000000000
00000000000000000000000000000000000000000000000000000000000000000000000000000000000000000000000000000000000000000000000000000000000000000000000000000000000000000000000000000000000000000000000000000000
00000000000000000000000000000000000000000000000000000000000000000000000000000000000000000000000000000000000000000000000000000000000000000000000000000000000000000000000000000000000000000000000000000000
00000000000000000000000000000000000000000000000000000000000000000000000000000000000000000000000000000000000000000000000000000000000000000000000000000000000000000000000000000000000000000000000000000000
00000000000000000000000000000000000000000000000000000000000000000000000000000000000000000000000000000000000000000000000000000000000000000000000000000000000000000000000000000000000000000000000000000000
00000000000000000000000000000000000000000000000000000000000000000000000000000000000000000000000000000000000000000000000000000000000000000000000000000000000000000000000000000000000000000000000000000000
00000000000000000000000000000000000000000000000000000000000000000000000000000000000000000000000000000000000000000000000000000000000000000000000000000000000000000000000000000000000000000000000000000000
00000000000000000000000000000000000000000000000000000000000000000000000000000000000000000000000000000000000000000000000000000000000000000000000000000000000000000000000000000000000000000000000000000000
00000000000000000000000000000000000000000000000000000000000000000000000000000000000000000000000000000000000000000000000000000000000000000000000000000000000000000000000000000000000000000000000000000000
00000000000000000000000000000000000000000000000000000000000000000000000000000000000000000000000000000000000000000000000000000000000000000000000000000000000000000000000000000000000000000000000000000000
00000000000000000000000000000000000000000000000000000000000000000000000000000000000000000000000000000000000000000000000000000000000000000000000000000000000000000000000000000000000000000000000000000000
00000000000000000000000000000000000000000000000000000000000000000000000000000000000000000000000000000000000000000000000000000000000000000000000000000000000000000000000000000000000000000000000000000000
00000000000000000000000000000000000000000000000000000000000000000000000000000000000000000000000000000000000000000000000000000000000000000000000000000000000000000000000000000000000000000000000000000000
00000000000000000000000000000000000000000000000000000000000000000000000000000000000000000000000000000000000000000000000000000000000000000000000000000000000000000000000000000000000000000000000000000000
00000000000000000000000000000000000000000000000000000000000000000000000000000000000000000000000000000000000000000000000000000000000000000000000000000000000000000000000000000000000000000000000000000000
00000000000000000000000000000000000000000000000000000000000000000000000000000000000000000000000000000000000000000000000000000000000000000000000000000000000000000000000000000000000000000000000000000000
00000000000000000000000000000000000000000000000000000000000000000000000000000000000000000000000000000000000000000000000000000000000000000000000000000000000000000000000000000000000000000000000000000000
00000000000000000000000000000000000000000000000000000000000000000000000000000000000000000000000000000000000000000000000000000000000000000000000000000000000000000000000000000000000000000000000000000000
00000000000000000000000000000000000000000000000000000000000000000000000000000000000000000000000000000000000000000000000000000000000000000000000000000000000000000000000000000000000000000000000000000000
00000000000000000000000000000000000000000000000000000000000000000000000000000000000000000000000000000000000000000000000000000000000000000000000000000000000000000000000000000000000000000000000000000000
00000000000000000000000000000000000000000000000000000000000000000000000000000000000000000000000000000000000000000000000000000000000000000000000000000000000000000000000000000000000000000000000000000000
00000000000000000000000000000000000000000000000000000000000000000000000000000000000000000000000000000000000000000000000000000000000000000000000000000000000000000000000000000000000000000000000000000000
00000000000000000000000000000000000000000000000000000000000000000000000000000000000000000000000000000000000000000000000000000000000000000000000000000000000000000000000000000000000000000000000000000000
00000000000000000000000000000000000000000000000000000000000000000000000000000000000000000000000000000000000000000000000000000000000000000000000000000000000000000000000000000000000000000000000000000000
00000000000000000000000000000000000000000000000000000000000000000000000000000000000000000000000000000000000000000000000000000000000000000000000000000000000000000000000000000000000000000000000000000000
00000000000000000000000000000000000000000000000000000000000000000000000000000000000000000000000000000000000000000000000000000000000000000000000000000000000000000000000000000000000000000000000000000000
00000000000000000000000000000000000000000000000000000000000000000000000000000000000000000000000000000000000000000000000000000000000000000000000000000000000000000000000000000000000000000000000000000000
00000000000000000000000000000000000000000000000000000000000000000000000000000000000000000000000000000000000000000000000000000000000000000000000000000000000000000000000000000000000000000000000000000000
00000000000000000000000000000000000000000000000000000000000000001001001010011000000000000000000011001101100011010000000000000000000000000000000000000000000000000000000000000000000000000000000000000000
00000000000000000000000000000000000000000000000000000000000000000010110001000011000000000000000000110010010000110000000000000000000000000000000000000000000000000000000000000000000000000000000000000000
00000000000000000000000000000000000000000000000000000000000000001101011110110010000000000000000011001000010110000000000000000000000000000000000000000000000000000000000000000000000000000000000000000000
00000000000000000000000000000000000000000000000000000000000000001011100010011111111111111111111111111110101000100000000000000000000000000000000000000000000000000000000000000000000000000000000000000000
00000000000000000000000000000000000000000000000000000000000000000000101001111111111111111111111111111111101101100000000000000000000000000000000000000000000000000000000000000000000000000000000000000000
00000000000000000000000000000000000000000000000000000000000000000011110111110000000000000000000001111111110010010000000000000000000000000000000000000000000000000000000000000000000000000000000000000000
00000000000000000000000000000000000000000000000000000000000000001000011111010101000000000000000010010111111100110000000000000000000000000000000000000000000000000000000000000000000000000000000000000000
00000000000000000000000000000000000000000000000000000000000000000011111101101100000000000000000010100101111111100000000000000000000000000000000000000000000000000000000000000000000000000000000000000000
00000000000000000000000000000000000000000000000000000000010000100101111000000000000000000000000000000000010111111101010100100010000000000000000000000000000000000000000000000000000000000000000000000000
00000000000000000000000000000000000000000000000000000000001011101011100000000000000000000000000000000000101010111111101011010000000000000000000000000000000000000000000000000000000000000000000000000000
00000000000000000000000000000000000000000000000000000000110100101111010000000000000000000000000000000000010100101111111101011011000000000000000000000000000000000000000000000000000000000000000000000000
00000000000000000000000000000000000000000000000000000000000001011101001000000000000000000000000000000000110010010000111010000100000000000000000000000000000000000000000000000000000000000000000000000000
00000000000000000000000000000000000000000000000000000000010011111001110000000000000000000000000000000000101100110010111111110010000000000000000000000000000000000000000000000000000000000000000000000000
00000000000000000000000000000000000000000000000000000000100011111110101100000000000000000000000000000000101001101000010111011000000000000000000000000000000000000000000000000000000000000000000000000000
00000000000000000000000000000000000000000000000000000000010111000001011000000000000000000000000000000000010100010110100111111100000000000000000000000000000000000000000000000000000000000000000000000000
00000000000000000000000000000000000000000000000000000000100110101100001000000000000000000000000000000000001001001001001011111111000000000000000000000000000000000000000000000000000000000000000000000000
00000000000000000000000000000000000000000000000000000000011110000000000000000000000000000000000000000000000000000000000001000111000010101011000000000000000000000000000000000000000000000000000000000000
00000000000000000000000000000000000000000000000000000000001101110000000000000000000000000000000000000000000000000000000010001011111000010010001100000000000000000000000000000000000000000000000000000000
00000000000000000000000000000000000000000000000000000000111110000000000000000000000000000000000000000000000000000000000001010110111111001101100000000000000000000000000000000000000000000000000000000000
00000000000000000000000000000000000000000000000000000000011011010000000000000000000000000000000000000000000000000000000001101000111111010110111000000000000000000000000000000000000000000000000000000000
00000000000000000000000000000000000000000000000000000000111010010000000000000000000000000000000000000000000000000000000000100101001111101010010100000000000000000000000000000000000000000000000000000000
00000000000000000000000000000000000000000000000000000000011010100000000000000000000000000000000000000000000000000000000010011110010011111101100000000000000000000000000000000000000000000000000000000000
00000000000000000000000000000000000000000000000000000000011000100000000000000000000000000000000000000000000000000000000001010100100101111110001000000000000000000000000000000000000000000000000000000000
00000000000000000000000000000000000000000000000000000000111010010000000000000000000000000000000000000000000000000000000010010101011011001111110100000000000000000000000000000000000000000000000000000000
00000000000000000000000000000000000000000000000000010011110100000000000000000000000000000000000000000000000000000000000000000000000000000011100001001000000000000000000000000000000000000000000000000000
00000000000000000000000000000000000000000000000001001101101100010000000000000000000000000000000000000000000000000000000000000000000000000101111110100010000000000000000000000000000000000000000000000000
00000000000000000000000000000000000000000000000000010011110011010000000000000000000000000000000000000000000000000000000000000000000000001011111011000111000000000000000000000000000000000000000000000000
00000000000000000000000000000000000000000000000001110011000101100000000000000000000000000000000000000000000000000000000000000000000000000100011101010100000000000000000000000000000000000000000000000000
00000000000000000000000000000000000000000000000010000011101100000000000000000000000000000000000000000000000000000000000000000000000000000100101110101001000000000000000000000000000000000000000000000000
00000000000000000000000000000000000000000000000001010111110101100000000000000000000000000000000000000000000000000000000000000000000000000100001111010110000000000000000000000000000000000000000000000000
00000000000000000000000000000000000000000000000010100110011010000000000000000000000000000000000000000000000000000000000000000000000000001010110111110011000000000000000000000000000000000000000000000000
00000000000000000000000000000000000000000000000001011100101101010000000000000000000000000000000000000000000000000000000000000000000000000000010001111100000000000000000000000000000000000000000000000000
00000000000000000000000000000000000000000101101010111100000000000000000000000000000000000000000000000000000000000000000000000000000000000000000010111000011001010000000000000000000000000000000000000000
00000000000000000000000000000000000000001010010100111010000000000000000000000000000000000000000000000000000000000000000000000000000000000000000001011001100110000000000000000000000000000000000000000000
00000000000000000000000000000000000000000111100011110001000000000000000000000000000000000000000000000000000000000000000000000000000000000000000001011101011001010000000000000000000000000000000000000000
00000000000000000000000000000000000000000100001111001111000000000000000000000000000000000000000000000000000000000000000000000000000000000000000010101100010110100000000000000000000000000000000000000000
00000000000000000000000000000000000000000110110110010000000000000000000000000000000000000000000000000000000000000000000000000000000000000000000000011110101010010000000000000000000000000000000000000000
00000000000000000000000000000000000000001001000111110100000000000000000000000000000000000000000000000000000000000000000000000000000000000000000010101110100101110000000000000000000000000000000000000000
00000000000000000000000000000000000000000110101110101010000000000000000000000000000000000000000000000000000000000000000000000000000000000000000010100111011010010000000000000000000000000000000000000000
00000000000000000000000000000000000000001001101110010001000000000000000000000000000000000000000000000000000000000000000000000000000000000000000000010011100100100000000000000000000000000000000000000000
00000000000000000000000000000000000000000100101110111000000000000000000000000000000000000000000000000000000000000000000000000000000000000000000001001001111011000000000000000000000000000000000000000000
00000000000000000000000000000000000000000110000111000101000000000000000000000000000000000000000000000000000000000000000000000000000000000000000010010110111100100000000000000000000000000000000000000000
00000000000000000000000000000000000000000000011100010010000000000000000000000000000000000000000000000000000000000000000000000000000000000000000011100001001111000000000000000000000000000000000000000000
00000000000000000000000000000000000000000000101100101110000000000000000000000000000000000000000000000000000000000000000000000000000000000000000010010101010111100000000000000000000000000000000000000000
00000000000000000000000000000000000000000101111100101001000000000000000000000000000000000000000000000000000000000000000000000000000000000000000001011010000110000000000000000000000000000000000000000000
00000000000000000000000000000000000000000100011000110100000000000000000000000000000000000000000000000000000000000000000000000000000000000000000010100110111011100000000000000000000000000000000000000000
00000000000000000000000000000000000000001001111100101010000000000000000000000000000000000000000000000000000000000000000000000000000000000000000000011001001111010000000000000000000000000000000000000000
00000000000000000000000000000000000000000100011010010100000000000000000000000000000000000000000000000000000000000000000000000000000000000000000010000110010011100000000000000000000000000000000000000000
00000000000000000000000000000000000000000000011000000000000000000000000000000000000000000000000000000000000000000000000000000000000000000000000000000000010011100101001000000000000000000000000000000000
00000000000000000000000000000000000000000000011000000000000000000000000000000000000000000000000000000000000000000000000000000000000000000000000000000000010110110010100000000000000000000000000000000000
00000000000000000000000000000000000000000000011000000000000000000000000000000000000000000000000000000000000000000000000000000000000000000000000000000000100011111011100100000000000000000000000000000000
00000000000000000000000000000000000000000000011000000000000000000000000000000000000000000000000000000000000000000000000000000000000000000000000000000000011110111100001000000000000000000000000000000000
00000000000000000000000000000000000000000000011000000000000000000000000000000000000000000000000000000000000000000000000000000000000000000000000000000000100001011011111000000000000000000000000000000000
00000000000000000000000000000000000000000000011000000000000000000000000000000000000000000000000000000000000000000000000000000000000000000000000000000000011101011101001100000000000000000000000000000000
00000000000000000000000000000000000000000000011000000000000000000000000000000000000000000000000000000000000000000000000000000000000000000000000000000000000010111110110000000000000000000000000000000000
00000000000000000000000000000000000000000000011000000000000000000000000000000000000000000000000000000000000000000000000000000000000000000000000000000000100100001101001100000000000000000000000000000000
00000000000000000000000000000000000000000000011000000000000000000000000000000000000000000000000000000000000000000000000000000000000000000000000000000000000000001100100100000000000000000000000000000000
00000000000000000000000000000000000000000000011000000000000000000000000000000000000000000000000000000000000000000000000000000000000000000000000000000000000000001111010100000000000000000000000000000000
00000000000000000000000000000000000000000000011000000000000000000000000000000000000000000000000000000000000000000000000000000000000000000000000000000000000000000110001000000000000000000000000000000000
00000000000000000000000000000000000000000000011000000000000000000000000000000000000000000000000000000000000000000000000000000000000000000000000000000000000000001111110000000000000000000000000000000000
00000000000000000000000000000000000000000000011000000000000000000000000000000000000000000000000000000000000000000000000000000000000000000000000000000000000000000110001100000000000000000000000000000000
00000000000000000000000000000000000000000000011000000000000000000000000000000000000000000000000000000000000000000000000000000000000000000000000000000000000000000111110000000000000000000000000000000000
00000000000000000000000000000000000000000000011000000000000000000000000000000000000000000000000000000000000000000000000000000000000000000000000000000000000000001111011100000000000000000000000000000000
00000000000000000000000000000000000000000000011000000000000000000000000000000000000000000000000000000000000000000000000000000000000000000000000000000000000000000111001000000000000000000000000000000000
00000000000000000000000000000000000000000100011010110101000000000000000000000000000000000000000000000000000000000000000000000000000000000000000000000000000000000110000100000000000000000000000000000000
00000000000000000000000000000000000000001001111101101000000000000000000000000000000000000000000000000000000000000000000000000000000000000000000000000000000000000110000100000000000000000000000000000000
00000000000000000000000000000000000000000100011011010110000000000000000000000000000000000000000000000000000000000000000000000000000000000000000000000000000000000110010100000000000000000000000000000000
00000000000000000000000000000000000000000101111110110000000000000000000000000000000000000000000000000000000000000000000000000000000000000000000000000000000000000110010100000000000000000000000000000000
00000000000000000000000000000000000000000000101100010110000000000000000000000000000000000000000000000000000000000000000000000000000000000000000000000000000000000110010100000000000000000000000000000000
00000000000000000000000000000000000000000000011111001101000000000000000000000000000000000000000000000000000000000000000000000000000000000000000000000000000000000110010100000000000000000000000000000000
00000000000000000000000000000000000000000110000110110001000000000000000000000000000000000000000000000000000000000000000000000000000000000000000000000000000000000110010100000000000000000000000000000000
00000000000000000000000000000000000000001100101111010000000000000000000000000000000000000000000000000000000000000000000000000000000000000000000000000000000000000110010100000000000000000000000000000000
00000000000000000000000000000000000000000000000011110001000000000000000000000000000000000000000000000000000000000000000000000000000000000000000000000000000000001111010000000000000000000000000000000000
00000000000000000000000000000000000000000000000011001110000000000000000000000000000000000000000000000000000000000000000000000000000000000000000000000000000000000111001100000000000000000000000000000000
00000000000000000000000000000000000000000000000001111010000000000000000000000000000000000000000000000000000000000000000000000000000000000000000000000000000000000110100000000000000000000000000000000000
00000000000000000000000000000000000000000000000011100011000000000000000000000000000000000000000000000000000000000000000000000000000000000000000000000000000000000110010100000000000000000000000000000000
00000000000000000000000000000000000000000000000001101101000000000000000000000000000000000000000000000000000000000000000000000000000000000000000000000000000000001110010100000000000000000000000000000000
00000000000000000000000000000000000000000000000001100110000000000000000000000000000000000000000000000000000000000000000000000000000000000000000000000000000000001110010000000000000000000000000000000000
00000000000000000000000000000000000000000000000011101001000000000000000000000000000000000000000000000000000000000000000000000000000000000000000000000000000000001101101100000000000000000000000000000000
00000000000000000000000000000000000000000000000001110101000000000000000000000000000000000000000000000000000000000000000000000000000000000000000000000000000000001110011000000000000000000000000000000000
00000000000000001110000000000000000000000000000010110101000000000000000000000000000000000000000000000000000000000000000000000000000000000000000000000000010100111101001000000000000000000000000000000000
00000000000000001110000000000000000000000000000001111010000000000000000000000000000000000000000000000000000000000000000000000000000000000000000000000000101010111100100100000000000000000000000000000000
00000000000000001110000000000000000000000000000000111101000000000000000000000000000000000000000000000000000000000000000000000000000000000000000000000000010100111000110000000000000000000000000000000000
00000000000000001110000000000000000000000000000010001110000000000000000000000000000000000000000000000000000000000000000000000000000000000000000000000000000011011011000100000000000000000000000000000000
00000000000000001110000000000000000000000000000001001110000000000000000000000000000000000000000000000000000000000000000000000000000000000000000000000000101000011101100100000000000000000000000000000000
00000000000000001110000000000000000000000000000000010110000000000000000000000000000000000000000000000000000000000000000000000000000000000000000000000000111101011001010000000000000000000000000000000000
00000000000000001110000000000000000000000000000010110111000000000000000000000000000000000000000000000000000000000000000000000000000000000000000000000000000011111100101100000000000000000000000000000000
00000000000000001110000000000000000000000000000001011110000000000000000000000000000000000000000000000000000000000000000000000000000000000000000000000000111100110101001000000000000000000000000000000000
00000000000000001110000000000000000000000000000001101111010100110000000000000000000000000000000000000000000000000000000000000000000000000000000000000000101001110000011100000000000000000000000000000000
00000000000000001110000000000000000000000000000001011011111011000000000000000000000000000000000000000000000000000000000000000000000000000000000000000000000011100000000100000000000000000000000000000000
00000000000000001110000000000000000000000000000010110101110010100000000000000000000000000000000000000000000000000000000000000000000000000000000000000000101111100000000000000000000000000000000000000000
00000000000000001111000000000000000000000000000000010001111001010000000000000000000000000000000000000000000000000000000000000000000000000000000000000000000111100000001100000000000000000000000000000000
00000000000000001111100000000000000010000000000000001110111010000000000000000000000000000000000000000000000000001111111100000000000000000000000000000000100111111111111100000000000000000000000000000000
00000000000000001111111100000000000111000000000010110010001101000000000000000000000000000000000000000000000000001111111100000000000000000000000000000000011111001111111100000000000000000000000000000000
00000000000000001111111100000000000111110000000001100111111110100000000000000000000000000000000000000000000000000001111100000000000000000000000000000000001111111111111100000000000000000000000000000000
00000000000000001111111100000000001111110000000010010100000111010000000000000000000000000000000000000000000000000000111100000000000000000000000000000000001100001111111100000000000000000000000000000000
00000000000000000000000000000000000000000000000000000000100111100010010101000001000000000000000000000000000000000000000000000000000000000000000010100110011000010000000000000000000000000000000000000000
00000000000000000000000000000000000000000000000000000000011011111001101000101010000000000000000000000000000000000000000000000000000000000000000001101001111100100000000000000000000000000000000000000000
00000000000000000000000000000000000000000000000000000000001110111110000111000101000000000000000000000000000000000000000000000000000000000000000000110001110010100000000000000000000000000000000000000000
00000000000000000000000000000000000000000000000000000000000101011111101000011010000000000000000000000000000000000000000000000000000000000000000001001011111001010000000000000000000000000000000000000000
00000000000000000000000000000000000000000000000000000000111000000111000110100101000000000000000000000000000000000000000000000000000000000000000010101111110111000000000000000000000000000000000000000000
00000000000000000000000000000000000000000000000000000000100011100111110011001000000000000000000000000000000000000000000000000000000000000000000010010011101000110000000000000000000000000000000000000000
00000000000000000000000000000000000000000000000000000000011100111001111101101001000000000000000000000000000000000000000000000000000000000000000001101110010100100000000000000000000000000000000000000000
00000000000000000000000000000000000000000000000000000000101001000101111111100010000000000000000000000000000000000000000000000000000000000000000010101111101010110000000000000000000000000000000000000000
00000000000000000000000000000000000000000000000000000000000000000100100111100001001101000000100000000000010000010000000000000000101001100101111001011110000000000000000000000000000000000000000000000000
00000000000000000000000000000000000000000000000000000000000000001001011001110010010000101100110000000000001010100000000000000000000110010100100110111000000000000000000000000000000000000000000000000000
00000000000000000000000000000000000000000000000000000000000000001110000110111110101111000000000100000000110001010000000000000000101001100110010011110100000000000000000000000000000000000000000000000000
00000000000000000000000000000000000000000000000000000000000000001001010101011110000001001100100011111111000110100000000000000000010110100100100111010010000000000000000000000000000000000000000000000000
00000000000000000000000000000000000000000000000000000000000000000101101001100111111100110001001100000000101001010000000000000000100101011001011110011100000000000000000000000000000000000000000000000000
00000000000000000000000000000000000000000000000000000000000000001010011000001111111111101010101000000000110010000000000000000000111010011010111011101011000000000000000000000000000000000000000000000000
00000000000000000000000000000000000000000000000000000000000000000001100101101001111111111111010100000000011010010000000000000000100101100101110000010110000000000000000000000000000000000000000000000000
00000000000000000000000000000000000000000000000000000000000000001000011010000100010011111111111111111111111000100000000000000000010010011111101011000010000000000000000000000000000000000000000000000000
00000000000000000000000000000000000000000000000000000000000000000000000000000000000000000010111111111111111111111111111111111111111111111111010000000000000000000000000000000000000000000000000000000000
00000000000000000000000000000000000000000000000000000000000000000000000000000000000000001101011000000000011111111111111111111111111111110110101100000000000000000000000000000000000000000000000000000000
00000000000000000000000000000000000000000000000000000000000000000000000000000000000000000010100100000000000000001111111111111111111111111001010000000000000000000000000000000000000000000000000000000000
00000000000000000000000000000000000000000000000000000000000000000000000000000000000000001011001000000000101100110000000000000000000000000100110100000000000000000000000000000000000000000000000000000000
00000000000000000000000000000000000000000000000000000000000000000000000000000000000000001010101011111111010110100000000000000000000000000101010100000000000000000000000000000000000000000000000000000000
00000000000000000000000000000000000000000000000000000000000000000000000000000000000000000001000000000000010011010000000000000000000000000000100000000000000000000000000000000000000000000000000000000000
00000000000000000000000000000000000000000000000000000000000000000000000000000000000000000100110100000000001100000000000000000000000000001011001000000000000000000000000000000000000000000000000000000000
00000000000000000000000000000000000000000000000000000000000000000000000000000000000000000001010100000000000101010000000000000000000000001010100000000000000000000000000000000000000000000000000000000000
00000000000000000000000000000000000000000000000000000000000000000000000000000000000000000000000000000000000000000000000000000000000000000000000000000000000000000000000000000000000000000000000000000000
00000000000000000000000000000000000000000000000000000000000000000000000000000000000000000000000000000000000000000000000000000000000000000000000000000000000000000000000000000000000000000000000000000000
00000000000000000000000000000000000000000000000000000000000000000000000000000000000000000000000000000000000000000000000000000000000000000000000000000000000000000000000000000000000000000000000000000000
00000000000000000000000000000000000000000000000000000000000000000000000000000000000000000000000000000000000000000000000000000000000000000000000000000000000000000000000000000000000000000000000000000000
00000000000000000000000000000000000000000000000000000000000000000000000000000000000000000000000000000000000000000000000000000000000000000000000000000000000000000000000000000000000000000000000000000000
00000000000000000000000000000000000000000000000000000000000000000000000000000000000000000000000000000000000000000000000000000000000000000000000000000000000000000000000000000000000000000000000000000000
00000000000000000000000000000000000000000000000000000000000000000000000000000000000000000000000000000000000000000000000000000000000000000000000000000000000000000000000000000000000000000000000000000000
00000000000000000000000000000000000000000000000000000000000000000000000000000000000000000000000000000000000000000000000000000000000000000000000000000000000000000000000000000000000000000000000000000000
00000000000000000000000000000000000000000000000000000000000000000000000000000000000000000000000000000000000000000000000000000000000000000000000000000000000000000000000000000000000000000000000000000000
00000000000000000000000000000000000000000000000000000000000000000000000000000000000000000000000000000000000000000000000000000000000000000000000000000000000000000000000000000000000000000000000000000000
00000000000000000000000000000000000000000000000000000000000000000000000000000000000000000000000000000000000000000000000000000000000000000000000000000000000000000000000000000000000000000000000000000000
00000000000000000000000000000000000000000000000000000000000000000000000000000000000000000000000000000000000000000000000000000000000000000000000000000000000000000000000000000000000000000000000000000000
00000000000000000000000000000000000000000000000000000000000000000000000000000000000000000000000000000000000000000000000000000000000000000000000000000000000000000000000000000000000000000000000000000000
00000000000000000000000000000000000000000000000000000000000000000000000000000000000000000000000000000000000000000000000000000000000000000000000000000000000000000000000000000000000000000000000000000000
00000000000000000000000000000000000000000000000000000000000000000000000000000000000000000000000000000000000000000000000000000000000000000000000000000000000000000000000000000000000000000000000000000000
00000000000000000000000000000000000000000000000000000000000000000000000000000000000000000000000000000000000000000000000000000000000000000000000000000000000000000000000000000000000000000000000000000000
00000000000000000000000000000000000000000000000000000000000000000000000000000000000000000000000000000000000000000000000000000000000000000000000000000000000000000000000000000000000000000000000000000000
00000000000000000000000000000000000000000000000000000000000000000000000000000000000000000000000000000000000000000000000000000000000000000000000000000000000000000000000000000000000000000000000000000000
00000000000000000000000000000000000000000000000000000000000000000000000000000000000000000000000000000000000000000000000000000000000000000000000000000000000000000000000000000000000000000000000000000000
00000000000000000000000000000000000000000000000000000000000000000000000000000000000000000000000000000000000000000000000000000000000000000000000000000000000000000000000000000000000000000000000000000000
00000000000000000000000000000000000000000000000000000000000000000000000000000000000000000000000000000000000000000000000000000000000000000000000000000000000000000000000000000000000000000000000000000000
00000000000000000000000000000000000000000000000000000000000000000000000000000000000000000000000000000000000000000000000000000000000000000000000000000000000000000000000000000000000000000000000000000000
00000000000000000000000000000000000000000000000000000000000000000000000000000000000000000000000000000000000000000000000000000000000000000000000000000000000000000000000000000000000000000000000000000000
00000000000000000000000000000000000000000000000000000000000000000000000000000000000000000000000000000000000000000000000000000000000000000000000000000000000000000000000000000000000000000000000000000000
00000000000000000000000000000000000000000000000000000000000000000000000000000000000000000000000000000000000000000000000000000000000000000000000000000000000000000000000000000000000000000000000000000000
00000000000000000000000000000000000000000000000000000000000000000000000000000000000000000000000000000000000000000000000000000000000000000000000000000000000000000000000000000000000000000000000000000000
00000000000000000000000000000000000000000000000000000000000000000000000000000000000000000000000000000000000000000000000000000000000000000000000000000000000000000000000000000000000000000000000000000000
00000000000000000000000000000000000000000000000000000000000000000000000000000000000000000000000000000000000000000000000000000000000000000000000000000000000000000000000000000000000000000000000000000000
00000000000000000000000000000000000000000000000000000000000000000000000000000000000000000000000000000000000000000000000000000000000000000000000000000000000000000000000000000000000000000000000000000000
00000000000000000000000000000000000000000000000000000000000000000000000000000000000000000000000000000000000000000000000000000000000000000000000000000000000000000000000000000000000000000000000000000000
00000000000000000000000000000000000000000000000000000000000000000000000000000000000000000000000000000000000000000000000000000000000000000000000000000000000000000000000000000000000000000000000000000000
00000000000000000000000000000000000000000000000000000000000000000000000000000000000000000000000000000000000000000000000000000000000000000000000000000000000000000000000000000000000000000000000000000000
