200 200
00000000000000000000000000000000000000000000000000000000000000000000000000000000000000000000000000000000000000000000000000000000000000000000000000000000000000000000000000000000000000000000000000000000
00000000000000000000000000000000000000000000000000000000000000000000000000000000000000000000000000000000000000000000000000000000000000000000000000000000000000000000000000000000000000000000000000000000
00000000000000000000000000000000000000000000000000000000000000000000000000000000000000000000000000000000000000000000000000000000000000000000000000000000000000000000000000000000000000000000000000000000
00000000000000000000000000000000000000000000000000000000000000000000000000000000000000000000000000000000000000000000000000000000000000000000000000000000000000000000000000000000000000000000000000000000
00000000000000000000000000000000000000000000000000000000000000000000000000000000000000000000000000000000000000000000000000000000000000000000000000000000000000000000000000000000000000000000000000000000
00000000000000000000000000000000000000000000000000000000000000000000000000000000000000000000000000000000000000000000000000000000000000000000000000000000000000000000000000000000000000000000000000000000
00000000000000000000000000000000000000000000000000000000000000000000000000000000000000000000000000000000000000000000000000000000000000000000000000000000000000000000000000000000000000000000000000000000
00000000000000000000000000000000000000000000000000000000000000000000000000000000000000000000000000000000000000000000000000000000000000000000000000000000000000000000000000000000000000000000000000000000
00000000000000000000000000000000000000000000000000000000000000000000000000000000000000000000000000000000000000000000000000000000000000000000000000000000000000000000000000000000000000000000000000000000
00000000000000000000000000000000000000000000000000000000000000000000000000000000000000000000000000000000000000000000000000000000000000000000000000000000000000000000000000000000000000000000000000000000
00000000000000000000000000000000000000000000000000000000000000000000000000000000000000000000000000000000000000000000000000000000000000000000000000000000000000000000000000000000000000000000000000000000
00000000000000000000000000000000000000000000000000000000000000000000000000000000000000000000000000000000000000000000000000000000000000000000000000000000000000000000000000000000000000000000000000000000
00000000000000000000000000000000000000000000000000000000000000000000000000000000000000000000000000000000000000000000000000000000000000000000000000000000000000000000000000000000000000000000000000000000
00000000000000000000000000000000000000000000000000000000000000000000000000000000000000000000000000000000000000000000000000000000000000000000000000000000000000000000000000000000000000000000000000000000
00000000000000000000000000000000000000000000000000000000000000000000000000000000000000000000000000000000000000000000000000000000000000000000000000000000000000000000000000000000000000000000000000000000
00000000000000000000000000000000000000000000000000000000000000000000000000000000000000000000000000000000000000000000000000000000000000000000000000000000000000000000000000000000000000000000000000000000
00000000000000000000000000000000000000000000000000000000000000000000000000000000000000000000000000000000000000000000000000000000000000000000000000000000000000000000000000000000000000000000000000000000
00000000000000000000000000000000000000000000000000000000000000000000000000000000000000000000000000000000000000000000000000000000000000000000000000000000000000000000000000000000000000000000000000000000
00000000000000000000000000000000000000000000000000000000000000000000000000000000000000000000000000000000000000000000000000000000000000000000000000000000000000000000000000000000000000000000000000000000
00000000000000000000000000000000000000000000000000000000000000000000000000000000000000000000000000000000000000000000000000000000000000000000000000000000000000000000000000000000000000000000000000000000
00000000000000000000000000000000000000000000000000000000000000000000000000000000000000000000000000000000000000000000000000000000000000000000000000000000000000000000000000000000000000000000000000000000
00000000000000000000000000000000000000000000000000000000000000000000000000000000000000000000000000000000000000000000000000000000000000000000000000000000000000000000000000000000000000000000000000000000
00000000000000000000000000000000000000000000000000000000000000000000000000000000000000000000000000000000000000000000000000000000000000000000000000000000000000000000000000000000000000000000000000000000
00000000000000000000000000000000000000000000000000000000000000000000000000000000000000000000000000000000000000000000000000000000000000000000000000000000000000000000000000000000000000000000000000000000
00000000000000000000000000000000000000000000000000000000011011000001010000101000000000001010001110011010000000000000000010010101101000100000000000110100010101100000000000000000000000000000000000000000
00000000000000000000000000000000000000000000000000000000000010101100110001100111111111111111111010101101111111111111111101110010000111000000000011010101000010010000000000000000000000000000000000000000
00000000000000000000000000000000000000000000000000000000010011010111000111111111111111111111111111111111111111111111111110111000110000100000000000011001111100100000000000000000000000000000000000000000
00000000000000000000000000000000000000000000000000000000011100001000111111111110000000001100010101001111111111111111111111111111111111111111111111100110100001100000000000000000000000000000000000000000
00000000000000000000000000000000000000000000000000000000000010101111111110101110000000000101101010000100000000000000000011101100001111111111111111111111001100010000000000000000000000000000000000000000
00000000000000000000000000000000000000000000000000000000001101111111000001100001000000001011001000011100000000000000000010000001100100010000000010011111110010100000000000000000000000000000000000000000
00000000000000000000000000000000000000000000000000000000010011110010001001000110000000000000110010100011000000000000000001010010010010000000000001101011111111100000000000000000000000000000000000000000
00000000000000000000000000000000000000000000000000000000101111100100010100010001000000001010100001011010000000000000000000000101100100010000000010000010111111110000000000000000000000000000000000000000
00000000000000000000000000000000101001100100100110111111111100100000000000000000000000000000000000000000000000000000000000000000000000000000000000000000111111000010100100000000000000000000000000000000
00000000000000000000000000000000000110011000100001111111111001000000000000000000000000000000000000000000000000000000000000000000000000000000000000000000010111111010011000000000000000000000000000000000
00000000000000000000000000000000101001100111011111111011000010110000000000000000000000000000000000000000000000000000000000000000000000000000000000000000001001100100110100000000000000000000000000000000
00000000000000000000000000000000010110100000011111100100001000000000000000000000000000000000000000000000000000000000000000000000000000000000000000000000011001110111001000000000000000000000000000000000
00000000000000000000000000000000100101010011111011010001001101010000000000000000000000000000000000000000000000000000000000000000000000000000000000000000100111110000100000000000000000000000000000000000
00000000000000000000000000000000111010011011110100101001100110100000000000000000000000000000000000000000000000000000000000000000000000000000000000000000010100111010110100000000000000000000000000000000
00000000000000000000000000000000100101101111001001001010010001100000000000000000000000000000000000000000000000000000000000000000000000000000000000000000000010011101101000000000000000000000000000000000
00000000000000000000000000000000010010011101010010110010100010010000000000000000000000000000000000000000000000000000000000000000000000000000000000000000000101011111011000000000000000000000000000000000
00000000000000000000000010010010010011111001001000000000000000000000000000000000000000000000000000000000000000000000000000000000000000000000000000000000000000000110001000000000000000000000000000000000
00000000000000000000000001001100001111110110100100000000000000000000000000000000000000000000000000000000000000000000000000000000000000000000000000000000000000000111100100000000000000000000000000000000
00000000000000000000000000101001011111001000011100000000000000000000000000000000000000000000000000000000000000000000000000000000000000000000000000000000000000001110010000000000000000000000000000000000
00000000000000000000000010101010111100111010100100000000000000000000000000000000000000000000000000000000000000000000000000000000000000000000000000000000000000000111000100000000000000000000000000000000
00000000000000000000000000010101111001010101101000000000000000000000000000000000000000000000000000000000000000000000000000000000000000000000000000000000000000001011101000000000000000000000000000000000
00000000000000000000000001001011100100100110010100000000000000000000000000000000000000000000000000000000000000000000000000000000000000000000000000000000000000000001110100000000000000000000000000000000
00000000000000000000000010100111101000111001100000000000000000000000000000000000000000000000000000000000000000000000000000000000000000000000000000000000000000001001111000000000000000000000000000000000
00000000000000000000000010010110010110000110000100000000000000000000000000000000000000000000000000000000000000000000000000000000000000000000000000000000000000000010011100000000000000000000000000000000
00000000000000000100001001101101000000000000000000000000000000000000000000000000000000000000000000000000000000000000000000000000000000000000000000000000000000001000011001001001000000000000000000000000
00000000000000001000010110111110000000000000000000000000000000000000000000000000000000000000000000000000000000000000000000000000000000000000000000000000000000000100111110000101000000000000000000000000
00000000000000000011010001111000000000000000000000000000000000000000000000000000000000000000000000000000000000000000000000000000000000000000000000000000000000000101001101101100000000000000000000000000
00000000000000001100100101110111000000000000000000000000000000000000000000000000000000000000000000000000000000000000000000000000000000000000000000000000000000001010011111010110000000000000000000000000
00000000000000000001100101100000000000000000000000000000000000000000000000000000000000000000000000000000000000000000000000000000000000000000000000000000000000000011101111000110000000000000000000000000
00000000000000000110001011001011000000000000000000000000000000000000000000000000000000000000000000000000000000000000000000000000000000000000000000000000000000001100010111110000000000000000000000000000
00000000000000001010010111001001000000000000000000000000000000000000000000000000000000000000000000000000000000000000000000000000000000000000000000000000000000000100101001100101000000000000000000000000
00000000000000000101001110110010000000000000000000000000000000000000000000000000000000000000000000000000000000000000000000000000000000000000000000000000000000001101010111111010000000000000000000000000
00000000000000001010011100000000000000000000000000000000000000000000000000000000000000000000000000000000000000000000000000000000000000000000000000000000000000000000000010111011000000000000000000000000
00000000000000000001011000000000000000000000000000000000000000000000000000000000000000000000000000000000000000000000000000000000000000000000000000000000000000000000000010111110000000000000000000000000
00000000000000000100110100000000000000000000000000000000000000000000000000000000000000000000000000000000000000000000000000000000000000000000000000000000000000000000000000011001000000000000000000000000
00000000000000000101111000000000000000000000000000000000000000000000000000000000000000000000000000000000000000000000000000000000000000000000000000000000000000000000000001011110000000000000000000000000
00000000000000000111100000000000000000000000000000000000000000000000000000000000000000000000000000000000000000000000000000000000000000000000000000000000000000000000000001011100000000000000000000000000
00000000000000000011110100000000000000000000000000000000000000000000000000000000000000000000000000000000000000000000000000000000000000000000000000000000000000000000000010001101000000000000000000000000
00000000000000000111101000000000000000000000000000000000000000000000000000000000000000000000000000000000000000000000000000000000000000000000000000000000000000000000000001011111000000000000000000000000
00000000000000000111000100000000000000000000000000000000000000000000000000000000000000000000000000000000000000000000000000000000000000000000000000000000000000000000000001001110000000000000000000000000
00000000001001010110010100000000000000000000000000000000000000000000000000000000000000000000000000000000000000000000000000000000000000000000000000000000000000000000000000000110000000000000000000000000
00000000000101000110001000000000000000000000000000000000000000000000000000000000000000000000000000000000000000000000000000000000000000000000000000000000000000000000000000000110000000000000000000000000
00000000011010101111110000000000000000000000000000000000000000000000000000000000000000000000000000000000000000000000000000000000000000000000000000000000000000000000000000000110000000000000000000000000
00000000000100111110001000000000000000000000000000000000000000000000000000000000000000000000000000000000000000000000000000000000000000000000000000000000000000000000000000000110000000000000000000000000
00000000101111001100101000000000000000000000000000000000000000000000000000000000000000000000000000000000000000000000000000000000000000000000000000000000000000000000000000000110000000000000000000000000
00000000100001111100101000000000000000000000000000000000000000000000000000000000000000000000000000000000000000000000000000000000000000000000000000000000000000000000000000000110000000000000000000000000
00000000010110111110010100000000000000000000000000000000000000000000000000000000000000000000000000000000000000000000000000000000000000000000000000000000000000000000000000000110000000000000000000000000
00000000101001011001000000000000000000000000000000000000000000000000000000000000000000000000000000000000000000000000000000000000000000000000000000000000000000000000000000000110000000000000000000000000
00000000101001110000000000000000000000000000000000000000000000000000000000000000000000000000000000000000000000000000000000000000000000000000000000000000000000000000000000000110000000000000000000000000
00000000010010110000000000000000000000000000000000000000000000000000000000000000000000000000000000000000000000000000000000000000000000000000000000000000000000000000000000000110000000000000000000000000
00000000010110110000000000000000000000000000000000000000000000000000000000000000000000000000000000000000000000000000000000000000000000000000000000000000000000000000000000000110000000000000000000000000
00000000101001110000000000000000000000000000000000000000000000000000000000000000000000000000000000000000000000000000000000000000000000000000000000000000000000000000000000000110000000000000000000000000
00000000101011110000000000000000000000000000000000000000000000000000000000000000000000000000000000000000000000000000000000000000000000000000000000000000000000000000000000000110000000000000000000000000
00000000011001100000000000000000000000000000000000000000000000000000000000000000000000000000000000000000000000000000000000000000000000000000000000000000000000000000000000000110000000000000000000000000
00000000101011110000000000000000000000000000000000000000000000000000000000000000000000000000000000000000000000000000000000000000000000000000000000000000000000000000000000000110000000000000000000000000
00000000010011000000000000000000000000000000000000000000000000000000000000000000000000000000000000000000000000000000000000000000000000000000000000000000000000000000000000000110000000000000000000000000
00000000010011000000000000000000000000000000000000000000000000000000000000000000000000000000000000000000000000000000000000000000000000000000000000000000000000000000000000000110000000000000000000000000
00000000001111010000000000000000000000000000000000000000000000000000000000000000000000000000000000000000000000000000000000000000000000000000000000000000000000000000000000000110000000000000000000000000
00000000100110010000000000000000000000000000000000000000000000000000000000000000000000000000000000000000000000000000000000000000000000000000000000000000000000000000000000000110000000000000000000000000
00000000011111100000000000000000000000000000000000000000000000000000000000000000000000000000000000000000000000000000000000000000000000000000000000000000000000000000000000000110000000000000000000000000
00000000101110010000000000000000000000000000000000000000000000000000000000000000000000000000000000000000000000000000000000000000000000000000000000000000000000000000000000000110000000000000000000000000
00000000001110100000000000000000000000000000000000000000000000000000000000000000000000000000000000000000000000000000000000000000000000000000000000000000000000000000000000000110000000000000000000000000
00000000001110100000000000000000000000000000000000000000000000000000000000000000000000000000000000000000000000000000000000000000000000000000000000000000000000000000000000000110000000000000000000000000
00000000010110100000000000000000000000000000000000000000000000000000000000000000000000000000000000000000000000000000000000000000000000000000000000000000000000000000000000000110000000000000000000000000
00000000000110000000000000000000000000000000000000000000000000000000000000000000000000000000000000000000000000000000000000000000000000000000000000000000000000000000000000000110000000000000000000000000
00000000000110000000000000000000000000000000000000000000000000000000000000000000000000000000000000000000000000000000000000000000000000000000000000000000000000000000000000000110000000000000000000000000
00000000000110000000000000000000000000000000000000000000000000000000000000000000000000000000000000000000000000000000000000000000000000000000000000000000000000000000000000000110000000000000000000000000
00000000000110000000000000000000000000000000000000000000000000000000000000000000000000000000000000000000000000000000000000000000000000000000000000000000000000000000000000000110000000000000000000000000
00000000000110000000000000000000000000000000000000000000000000000000000000000000000000000000000000000000000000000000000000000000000000000000000000000000000000000000000000000110000000000000000000000000
00000000000110000000000000000000000000000000000000000000000000000000000000000000000000000000000000000000000000000000000000000000000000000000000000000000000000000000000000000110000000000000000000000000
00000000000110000000000000000000000000000000000000000000000000000000000000000000000000000000000000000000000000000000000000000000000000000000000000000000000000000000000000000110000000000000000000000000
00000000000110000000000000000000000000000000000000000000000000000000000000000000000000000000000000000000000000000000000000000000000000000000000000000000000000000000000000000110000000000000000000000000
00000000000110000000000000000000000000000000000000000000000000000000000000000000000000000000000000000000000000000000000000000000000000000000000000000000000000000000000000000110000000000000000000000000
00000000000110000000000000000000000000000000000000000000000000000000000000000000000000000000000000000000000000000000000000000000000000000000000000000000000000000000000000000110000000000000000000000000
00000000000110000000000000000000000000000000000000000000000000000000000000000000000000000000000000000000000000000000000000000000000000000000000000000000000000000000000000000110000000000000000000000000
00000000000110000000000000000000000000000000000000000000000000000000000000000000000000000000000000000000000000000000000000000000000000000000000000000000000000000000000000000110000000000000000000000000
00000000000110000000000000000000000000000000000000000000000000000000000000000000000000000000000000000000000000000000000000000000000000000000000000000000000000000000000000000110000000000000000000000000
00000000000110000000000000000000000000000000000000000000000000000000000000000000000000000000000000000000000000000000000000000000000000000000000000000000000000000000000000000110000000000000000000000000
00000000000110000000000000000000000000000000000000000000000000000000000000000000000000000000000000000000000000000000000000000000000000000000000000000000000000000000000000000110000000000000000000000000
00000000000110000000000000000000000000000000000000000000000000000000000000000000000000000000000000000000000000000000000000000000000000000000000000000000000000000000000000000110000000000000000000000000
00000000001110100000000000000000000000000000000000000000000000000000000000000000000000000000000000000000000000000000000000000000000000000000000000000000000000000000000000000110000000000000000000000000
00000000010011000000000000000000000000000000000000000000000000000000000000000000000000000000000000000000000000000000000000000000000000000000000000000000000000000000000000000110000000000000000000000000
00000000001011010000000000000000000000000000000000000000000000000000000000000000000000000000000000000000000000000000000000000000000000000000000000000000000000000000000000000110000000000000000000000000
00000000100011000000000000000000000000000000000000000000000000000000000000000000000000000000000000000000000000000000000000000000000000000000000000000000000000000000000000000110000000000000000000000000
00000000011111000000000000000000000000000000000000000000000000000000000000000000000000000000000000000000000000000000000000000000000000000000000000000000000000000000000000000110000000000000000000000000
00000000100011010000000000000000000000000000000000000000000000000000000000000000000000000000000000000000000000000000000000000000000000000000000000000000000000000000000000000110000000000000000000000000
00000000011011000000000000000000000000000000000000000000000000000000000000000000000000000000000000000000000000000000000000000000000000000000000000000000000000000000000000000110000000000000000000000000
00000000100111110000000000000000000000000000000000000000000000000000000000000000000000000000000000000000000000000000000000000000000000000000000000000000000000000000000000000110000000000000000000000000
00000000100101101001001100000000000000000000000000000000000000000000000000000000000000000000000000000000000000000000000000000000000000000000000000000000000000000000001101000011000000000000000000000000
00000000101001110111010000000000000000000000000000000000000000000000000000000000000000000000000000000000000000000000000000000000000000000000000000000000000000000000001100100110000000000000000000000000
00000000010010111100100100000000000000000000000000000000000000000000000000000000000000000000000000000000000000000000000000000000000000000000000000000000000000000000001101000111000000000000000000000000
00000000000101011000011000000000000000000000000000000000000000000000000000000000000000000000000000000000000000000000000000000000000000000000000000000000000000000000001110010111000000000000000000000000
00000000101010101110010000000000000000000000000000000000000000000000000000000000000000000000000000000000000000000000000000000000000000000000000000000000000000000000001101110110000000000000000000000000
00000000001010011111101000000000000000000000000000000000000000000000000000000000000000000000000000000000000000000000000000000000000000000000000000000000000000000000011111001110000000000000000000000000
00000000010011001111100000000000000000000000000000000000000000000000000000000000000000000000000000000000000000000000000000000000000000000000000000000000000000000000011100101101000000000000000000000000
00000000100100101011100100000000000000000000000000000000000000000000000000000000000000000000000000000000000000000000000000000000000000000000000000000000000000000000011100001110000000000000000000000000
00000000000000001001101001000010000000000000000000000000000000000000000000000000000000000000000000000000000000000000000000000000000000000000000000000000000000000000001101011100000000000000000000000000
00000000000000000111111010100001000000000000000000000000000000000000000000000000000000000000000000000000000000000000000000000000000000000000000000000000000000000000001100001101000000000000000000000000
00000000000000000100110100101100000000000000000000000000000000000000000000000000000000000000000000000000000000000000000000000000000000000000000000000000000000000000001110011101000000000000000000000000
00000000000000001010111010010011000000000000000000000000000000000000000000000000000000000000000000000000000000000000000000000000000000000000000000000000000000000000001101001100000000000000000000000000
00000000000000000101011010011000000000000000000000000000000000000000000000000000000000000000000000000000000000000000000000000000000000000000000000000000000000000000001100101111000000000000000000000000
00000000000000001001011101000110000000000000000000000000000000000000000000000000000000000000000000000000000000000000000000000000000000000000000000000000000000000000001101011110000000000000000000000000
00000000000000001110001110100101000000000000000000000000000000000000000000000000000000000000000000000000000000000000000000000000000000000000000000000000000000000000001101111100000000000000000000000000
00000000000000000001010111001010000000000000000000000000000000000000000000000000000000000000000000000000000000000000000000000000000000000000000000000000000000000000001110111101000000000000000000000000
00000000000000001110000011101010101010010000000000000000000000000000000000000000000000000000000000000000000000000000000000000000000000000000000000000000000000000000001100111001000000000000000000000000
00000000000000001110000011110001011010100000000000000000000000000000000000000000000000000000000000000000000000000000000000000000000000000000000000000000000000000000001110110010000000000000000000000000
00000000000000001110000000111010011110010000000000000000000000000000000000000000000000000000000000000000000000000000000000000000000000000000000000000000000000000000001101110110000000000000000000000000
00000000000000001110000010011101001001010000000000000000000000000000000000000000000000000000000000000000000000000000000000000000000000000000000000000000000000000000001110111001000000000000000000000000
00000000000000001110000001011110100101100000000000000000000000000000000000000000000000000000000000000000000000000000000000000000000000000000000000000000000000000000001101110101000000000000000000000000
00000000000000001110000010001111011010100000000000000000000000000000000000000000000000000000000000000000000000000000000000000000000000000000000000000000000000000000001101110010000000000000000000000000
00000000000000001110000000110111110101010000000000000000000000000000000000000000000000000000000000000000000000000000000000000000000000000000000000000000000000000000001111101100000000000000000000000000
00000000000000001110000000001100111000100000000000000000000000000000000000000000000000000000000000000000000000000000000000000000000000000000000000000000000000000000001101101010000000000000000000000000
00000000000000001110000000000000011111000100100100001100000000000000000000000000000000000000000000000000000000000000000000000000000000000000000000000000000000000000110111100101000000000000000000000000
00000000000000001110000000000000001111000100001011110101000000000000000000000000000000000000000000000000000000000000000000000000000000000000000000000000000000000101101011011000000000000000000000000000
00000000000000001110000000000000010111111010110100010010000000000000000000000000000000000000000000000000000000000000000000000000000000000000000000000000000000000010010111000111000000000000000000000000
00000000000000001111000000000000000011111111100011110110000000000000000000000000000000000000000000000000000000000000000000000000000000000000000000000000000000001011010110011000000000000000000000000000
00000000000000001111100000000000110100101111111010000101000000000000000000000000000000000000000000000000000000001111111100000000000000000000000000000000000000001100000111100100000000000000000000000000
00000000000000001111111100000000011010010001111111111010000000000000000000000000000000000000000000000000000000001111111100000000000000000000000000000000000000000110101111001101000000000000000000000000
00000000000000001111111100000000010001101101001111111101000000000000000000000000000000000000000000000000000000000001111100000000000000000000000000000000000000001101111110110000000000000000000000000000
00000000000000001111111100000000101010100011001011111010000000000000000000000000000000000000000000000000000000000000111100000000000000000000000000000000000000001010011101001010000000000000000000000000
00000000000000000000000000000000000000000000000000011110101001010110110110101011000000000000000000000000000000000000000000000000000000000000000000000000000000001010001100000000000000000000000000000000
00000000000000000000000000000000000000000000000001000111110100100101101000100110000000000000000000000000000000000000000000000000000000000000000000000000000000000100111000000000000000000000000000000000
00000000000000000000000000000000000000000000000010110001111111001011001001011010000000000000000000000000000000000000000000000000000000000000000000000000000000001011011100000000000000000000000000000000
00000000000000000000000000000000000000000000000010100010011111111000010001000011000000000000000000000000000000000000000000000000000000000000000000000000000000000100111100000000000000000000000000000000
00000000000000000000000000000000000000000000000000010101101101111111000100100100000000000000000000000000000000000000000000000000000000000000000000000000000000000011111000000000000000000000000000000000
00000000000000000000000000000000000000000000000011001101000100011111111111011111000000000000000000000000000000000000000000000000000000000000000000000000000000000100110100000000000000000000000000000000
00000000000000000000000000000000000000000000000000110010110010100110111111100000000000000000000000000000000000000000000000000000000000000000000000000000000000000011100000000000000000000000000000000000
00000000000000000000000000000000000000000000000011001010001001000000001111111101000000000000000000000000000000000000000000000000000000000000000000000000000000001011110100000000000000000000000000000000
00000000000000000000000000000000000000000000000000000000000000000000000010111111100110101010101000000000001001100001010100000000000000000000000000000000010001100111100100000000000000000000000000000000
00000000000000000000000000000000000000000000000000000000000000000000000000000111111100110101000100000000100010010011000000000000000000000000000000000000100100101111011000000000000000000000000000000000
00000000000000000000000000000000000000000000000000000000000000000000000011110011111111000010111000000000011110100100110100000000000000000000000000000000010001011101110000000000000000000000000000000000
00000000000000000000000000000000000000000000000000000000000000000000000000100100110111111011000100000000100011010101101000000000000000000000000000000000001000111010100000000000000000000000000000000000
00000000000000000000000000000000000000000000000000000000000000000000000011000010011011111111011100000000101100011011001100000000000000000000000000000000100111110000011100000000000000000000000000000000
00000000000000000000000000000000000000000000000000000000000000000000000001011010100101010111111111111111010101000000000011111111111111111111111111111111011111110111000100000000000000000000000000000000
00000000000000000000000000000000000000000000000000000000000000000000000001100001001010100001111111111111101100010111111111111111111111111111111111111111111110001100111000000000000000000000000000000000
00000000000000000000000000000000000000000000000000000000000000000000000010010101010010011001011111111111111111111111111111111111111111111111111111111111110011000010010100000000000000000000000000000000
00000000000000000000000000000000000000000000000000000000000000000000000000000000000000000000000000000000000000000000000000000000000000000000000000000000000000000000000000000000000000000000000000000000
00000000000000000000000000000000000000000000000000000000000000000000000000000000000000000000000000000000000000000000000000000000000000000000000000000000000000000000000000000000000000000000000000000000
00000000000000000000000000000000000000000000000000000000000000000000000000000000000000000000000000000000000000000000000000000000000000000000000000000000000000000000000000000000000000000000000000000000
00000000000000000000000000000000000000000000000000000000000000000000000000000000000000000000000000000000000000000000000000000000000000000000000000000000000000000000000000000000000000000000000000000000
00000000000000000000000000000000000000000000000000000000000000000000000000000000000000000000000000000000000000000000000000000000000000000000000000000000000000000000000000000000000000000000000000000000
00000000000000000000000000000000000000000000000000000000000000000000000000000000000000000000000000000000000000000000000000000000000000000000000000000000000000000000000000000000000000000000000000000000
00000000000000000000000000000000000000000000000000000000000000000000000000000000000000000000000000000000000000000000000000000000000000000000000000000000000000000000000000000000000000000000000000000000
00000000000000000000000000000000000000000000000000000000000000000000000000000000000000000000000000000000000000000000000000000000000000000000000000000000000000000000000000000000000000000000000000000000
00000000000000000000000000000000000000000000000000000000000000000000000000000000000000000000000000000000000000000000000000000000000000000000000000000000000000000000000000000000000000000000000000000000
00000000000000000000000000000000000000000000000000000000000000000000000000000000000000000000000000000000000000000000000000000000000000000000000000000000000000000000000000000000000000000000000000000000
00000000000000000000000000000000000000000000000000000000000000000000000000000000000000000000000000000000000000000000000000000000000000000000000000000000000000000000000000000000000000000000000000000000
00000000000000000000000000000000000000000000000000000000000000000000000000000000000000000000000000000000000000000000000000000000000000000000000000000000000000000000000000000000000000000000000000000000
00000000000000000000000000000000000000000000000000000000000000000000000000000000000000000000000000000000000000000000000000000000000000000000000000000000000000000000000000000000000000000000000000000000
00000000000000000000000000000000000000000000000000000000000000000000000000000000000000000000000000000000000000000000000000000000000000000000000000000000000000000000000000000000000000000000000000000000
00000000000000000000000000000000000000000000000000000000000000000000000000000000000000000000000000000000000000000000000000000000000000000000000000000000000000000000000000000000000000000000000000000000
00000000000000000000000000000000000000000000000000000000000000000000000000000000000000000000000000000000000000000000000000000000000000000000000000000000000000000000000000000000000000000000000000000000
00000000000000000000000000000000000000000000000000000000000000000000000000000000000000000000000000000000000000000000000000000000000000000000000000000000000000000000000000000000000000000000000000000000
00000000000000000000000000000000000000000000000000000000000000000000000000000000000000000000000000000000000000000000000000000000000000000000000000000000000000000000000000000000000000000000000000000000
00000000000000000000000000000000000000000000000000000000000000000000000000000000000000000000000000000000000000000000000000000000000000000000000000000000000000000000000000000000000000000000000000000000
00000000000000000000000000000000000000000000000000000000000000000000000000000000000000000000000000000000000000000000000000000000000000000000000000000000000000000000000000000000000000000000000000000000
00000000000000000000000000000000000000000000000000000000000000000000000000000000000000000000000000000000000000000000000000000000000000000000000000000000000000000000000000000000000000000000000000000000
00000000000000000000000000000000000000000000000000000000000000000000000000000000000000000000000000000000000000000000000000000000000000000000000000000000000000000000000000000000000000000000000000000000
00000000000000000000000000000000000000000000000000000000000000000000000000000000000000000000000000000000000000000000000000000000000000000000000000000000000000000000000000000000000000000000000000000000
00000000000000000000000000000000000000000000000000000000000000000000000000000000000000000000000000000000000000000000000000000000000000000000000000000000000000000000000000000000000000000000000000000000
00000000000000000000000000000000000000000000000000000000000000000000000000000000000000000000000000000000000000000000000000000000000000000000000000000000000000000000000000000000000000000000000000000000
00000000000000000000000000000000000000000000000000000000000000000000000000000000000000000000000000000000000000000000000000000000000000000000000000000000000000000000000000000000000000000000000000000000
00000000000000000000000000000000000000000000000000000000000000000000000000000000000000000000000000000000000000000000000000000000000000000000000000000000000000000000000000000000000000000000000000000000
00000000000000000000000000000000000000000000000000000000000000000000000000000000000000000000000000000000000000000000000000000000000000000000000000000000000000000000000000000000000000000000000000000000
00000000000000000000000000000000000000000000000000000000000000000000000000000000000000000000000000000000000000000000000000000000000000000000000000000000000000000000000000000000000000000000000000000000
00000000000000000000000000000000000000000000000000000000000000000000000000000000000000000000000000000000000000000000000000000000000000000000000000000000000000000000000000000000000000000000000000000000
00000000000000000000000000000000000000000000000000000000000000000000000000000000000000000000000000000000000000000000000000000000000000000000000000000000000000000000000000000000000000000000000000000000
00000000000000000000000000000000000000000000000000000000000000000000000000000000000000000000000000000000000000000000000000000000000000000000000000000000000000000000000000000000000000000000000000000000
00000000000000000000000000000000000000000000000000000000000000000000000000000000000000000000000000000000000000000000000000000000000000000000000000000000000000000000000000000000000000000000000000000000
00000000000000000000000000000000000000000000000000000000000000000000000000000000000000000000000000000000000000000000000000000000000000000000000000000000000000000000000000000000000000000000000000000000
00000000000000000000000000000000000000000000000000000000000000000000000000000000000000000000000000000000000000000000000000000000000000000000000000000000000000000000000000000000000000000000000000000000
00000000000000000000000000000000000000000000000000000000000000000000000000000000000000000000000000000000000000000000000000000000000000000000000000000000000000000000000000000000000000000000000000000000
00000000000000000000000000000000000000000000000000000000000000000000000000000000000000000000000000000000000000000000000000000000000000000000000000000000000000000000000000000000000000000000000000000000
00000000000000000000000000000000000000000000000000000000000000000000000000000000000000000000000000000000000000000000000000000000000000000000000000000000000000000000000000000000000000000000000000000000
00000000000000000000000000000000000000000000000000000000000000000000000000000000000000000000000000000000000000000000000000000000000000000000000000000000000000000000000000000000000000000000000000000000
00000000000000000000000000000000000000000000000000000000000000000000000000000000000000000000000000000000000000000000000000000000000000000000000000000000000000000000000000000000000000000000000000000000
