200 200
00000000000000000000000000000000000000000000000000000000000000000000000000000000000000000000000000000000000000000000000000000000000000000000000000000000000000000000000000000000000000000000000000000000
00000000000000000000000000000000000000000000000000000000000000000000000000000000000000000000000000000000000000000000000000000000000000000000000000000000000000000000000000000000000000000000000000000000
00000000000000000000000000000000000000000000000000000000000000000000000000000000000000000000000000000000000000000000000000000000000000000000000000000000000000000000000000000000000000000000000000000000
00000000000000000000000000000000000000000000000000000000000000000000000000000000000000000000000000000000000000000000000000000000000000000000000000000000000000000000000000000000000000000000000000000000
00000000000000000000000000000000000000000000000000000000000000000000000000000000000000000000000000000000000000000000000000000000000000000000000000000000000000000000000000000000000000000000000000000000
00000000000000000000000000000000000000000000000000000000000000000000000000000000000000000000000000000000000000000000000000000000000000000000000000000000000000000000000000000000000000000000000000000000
00000000000000000000000000000000000000000000000000000000000000000000000000000000000000000000000000000000000000000000000000000000000000000000000000000000000000000000000000000000000000000000000000000000
00000000000000000000000000000000000000000000000000000000000000000000000000000000000000000000000000000000000000000000000000000000000000000000000000000000000000000000000000000000000000000000000000000000
00000000000000000000000000000000000000000000000000000000000000000000000000000000000000000000000000000000000000000000000000000000000000000000000000000000000000000000000000000000000000000000000000000000
00000000000000000000000000000000000000000000000000000000000000000000000000000000000000000000000000000000000000000000000000000000000000000000000000000000000000000000000000000000000000000000000000000000
00000000000000000000000000000000000000000000000000000000000000000000000000000000000000000000000000000000000000000000000000000000000000000000000000000000000000000000000000000000000000000000000000000000
00000000000000000000000000000000000000000000000000000000000000000000000000000000000000000000000000000000000000000000000000000000000000000000000000000000000000000000000000000000000000000000000000000000
00000000000000000000000000000000000000000000000000000000000000000000000000000000000000000000000000000000000000000000000000000000000000000000000000000000000000000000000000000000000000000000000000000000
00000000000000000000000000000000000000000000000000000000000000000000000000000000000000000000000000000000000000000000000000000000000000000000000000000000000000000000000000000000000000000000000000000000
00000000000000000000000000000000000000000000000000000000000000000000000000000000000000000000000000000000000000000000000000000000000000000000000000000000000000000000000000000000000000000000000000000000
00000000000000000000000000000000000000000000000000000000000000000000000000000000000000000000000000000000000000000000000000000000000000000000000000000000000000000000000000000000000000000000000000000000
00000000000000000000000000000000000000000000000000000000000000000000000000000000000000000000000000000000000000000000000000000000000000000000000000000000000000000000000000000000000000000000000000000000
00000000000000000000000000000000000000000000000000000000000000000000000000000000000000000000000000000000000000000000000000000000000000000000000000000000000000000000000000000000000000000000000000000000
00000000000000000000000000000000000000000000000000000000000000000000000000000000000000000000000000000000000000000000000000000000000000000000000000000000000000000000000000000000000000000000000000000000
00000000000000000000000000000000000000000000000000000000000000000000000000000000000000000000000000000000000000000000000000000000000000000000000000000000000000000000000000000000000000000000000000000000
00000000000000000000000000000000000000000000000000000000000000000000000000000000000000000000000000000000000000000000000000000000000000000000000000000000000000000000000000000000000000000000000000000000
00000000000000000000000000000000000000000000000000000000000000000000000000000000000000000000000000000000000000000000000000000000000000000000000000000000000000000000000000000000000000000000000000000000
00000000000000000000000000000000000000000000000000000000000000000000000000000000000000000000000000000000000000000000000000000000000000000000000000000000000000000000000000000000000000000000000000000000
00000000000000000000000000000000000000000000000000000000000000000000000000000000000000000000000000000000000000000000000000000000000000000000000000000000000000000000000000000000000000000000000000000000
00000000000000000000000000000000000000000000000000000000000000000000000000000000000000000000000000000000000000000000000000000000000000000000000000000000000000000000000000000000000000000000000000000000
00000000000000000000000000000000000000000000000000000000000000000000000000000000000000000000000000000000000000000000000000000000000000000000000000000000000000000000000000000000000000000000000000000000
00000000000000000000000000000000000000000000000000000000000000000000000000000000000000000000000000000000000000000000000000000000000000000000000000000000000000000000000000000000000000000000000000000000
00000000000000000000000000000000000000000000000000000000000000000000000000000000000000000000000000000000000000000000000000000000000000000000000000000000000000000000000000000000000000000000000000000000
00000000000000000000000000000000000000000000000000000000000000000000000000000000000000000000000000000000000000000000000000000000000000000000000000000000000000000000000000000000000000000000000000000000
00000000000000000000000000000000000000000000000000000000000000000000000000000000000000000000000000000000000000000000000000000000000000000000000000000000000000000000000000000000000000000000000000000000
00000000000000000000000000000000000000000000000000000000000000000000000000000000000000000000000000000000000000000000000000000000000000000000000000000000000000000000000000000000000000000000000000000000
00000000000000000000000000000000000000000000000000000000000000000000000000000000000000000000000000000000000000000000000000000000000000000000000000000000000000000000000000000000000000000000000000000000
00000000000000000000000000000000000000000000000000000000000000000000000000000000000000000000000000000000000000000000000000000000000000000000000000000000000000000000000000000000000000000000000000000000
00000000000000000000000000000000000000000000000000000000000000000000000000000000000000000000000000000000000000000000000000000000000000000000000000000000000000000000000000000000000000000000000000000000
00000000000000000000000000000000000000000000000000000000000000000000000000000000000000000000000000000000000000000000000000000000000000000000000000000000000000000000000000000000000000000000000000000000
00000000000000000000000000000000000000000000000000000000000000000000000000000000000000000000000000000000000000000000000000000000000000000000000000000000000000000000000000000000000000000000000000000000
00000000000000000000000000000000000000000000000000000000000000000000000000000000000000000000000000000000000000000000000000000000000000000000000000000000000000000000000000000000000000000000000000000000
00000000000000000000000000000000000000000000000000000000000000000000000000000000000000000000000000000000000000000000000000000000000000000000000000000000000000000000000000000000000000000000000000000000
00000000000000000000000000000000000000000000000000000000000000000000000000000000000000000000000000000000000000000000000000000000000000000000000000000000000000000000000000000000000000000000000000000000
00000000000000000000000000000000000000000000000000000000000000000000000000000000000000000000000000000000000000000000000000000000000000000000000000000000000000000000000000000000000000000000000000000000
00000000000000000000000000000000000000000000000000000000000000000000000000000000000000000000000000000000000000000000000000000000000000000000000000000000000000000000000000000000000000000000000000000000
00000000000000000000000000000000000000000000000000000000000000000000000000000000000000000000000000000000000000000000000000000000000000000000000000000000000000000000000000000000000000000000000000000000
00000000000000000000000000000000000000000000000000000000000000000000000000000000000000000000000000000000000000000000000000000000000000000000000000000000000000000000000000000000000000000000000000000000
00000000000000000000000000000000000000000000000000000000000000000000000000000000000000000000000000000000000000000000000000000000000000000000000000000000000000000000000000000000000000000000000000000000
00000000000000000000000000000000000000000000000000000000000000000000000000000000000000000000000000000000000000000000000000000000000000000000000000000000000000000000000000000000000000000000000000000000
00000000000000000000000000000000000000000000000000000000000000000000000000000000000000000000000000000000000000000000000000000000000000000000000000000000000000000000000000000000000000000000000000000000
00000000000000000000000000000000000000000000000000000000000000000000000000000000000000000000000000000000000000000000000000000000000000000000000000000000000000000000000000000000000000000000000000000000
00000000000000000000000000000000000000000000000000000000000000000000000000000000000000000000000000000000000000000000000000000000000000000000000000000000000000000000000000000000000000000000000000000000
00000000000000000000000000000000000000000000000000000000101001100101100110010010011100010000000001001001010100110000000000000000000000000000000000000000000000000000000000000000000000000000000000000000
00000000000000000000000000000000000000000000000000000000000110010110001001000100010011000000000000100100001011000000000000000000000000000000000000000000000000000000000000000000000000000000000000000000
00000000000000000000000000000000000000000000000000000000101001101010110010011001111111111111111111111100010100010000000000000000000000000000000000000000000000000000000000000000000000000000000000000000
00000000000000000000000000000000000000000000000000000000010110101111010101010011111111111111111111111111001100100000000000000000000000000000000000000000000000000000000000000000000000000000000000000000
00000000000000000000000000000000000000000000000000000000100101010010001111111111111101010000000000100111111000010000000000000000000000000000000000000000000000000000000000000000000000000000000000000000
00000000000000000000000000000000000000000000000000000000111010011001111111111111111111100000000010010011111111010000000000000000000000000000000000000000000000000000000000000000000000000000000000000000
00000000000000000000000000000000000000000000000000000000100101100011111110110101010011111111111110000001001111100000000000000000000000000000000000000000000000000000000000000000000000000000000000000000
00000000000000000000000000000000000000000000000000000000010010011111101001110010010100111111111111101010110101110000000000000000000000000000000000000000000000000000000000000000000000000000000000000000
00000000000000000000000000000000101001101100000111100110000011111110001000000000000000000000000000000000000110111000010110110101000000000000000000000000000000000000000000000000000000000000000000000000
00000000000000000000000000000000000110010001010000001000011111110110100100000000000000000000000000000000101001011111001001101000000000000000000000000000000000000000000000000000000000000000000000000000
00000000000000000000000000000000101001101110010010100111111100011100100000000000000000000000000000000000010000101111101011010110000000000000000000000000000000000000000000000000000000000000000000000000
00000000000000000000000000000000010110100001110111111111111101001010010100000000000000000000000000000000000110011011111110110000000000000000000000000000000000000000000000000000000000000000000000000000
00000000000000000000000000000000100101011010111111111100101100110001101000000000000000000000000000000000110010010111111100010110000000000000000000000000000000000000000000000000000000000000000000000000
00000000000000000000000000000000111010010101111101000110000101101100010100000000000000000000000000000000001101001000011111001101000000000000000000000000000000000000000000000000000000000000000000000000
00000000000000000000000000000000100101101111101001001001010010000010101000000000000000000000000000000000100001011001000110110001000000000000000000000000000000000000000000000000000000000000000000000000
00000000000000000000000000000000010010011111010010100110101100110100000100000000000000000000000000000000011000100010101011010000000000000000000000000000000000000000000000000000000000000000000000000000
00000000000000000000000001000010100011111001001000000000000000000000000000000000000000000000000000000000000000000000000011101000011001010000000000000000000000000000000000000000000000000000000000000000
00000000000000000000000010000101001011100110100100000000000000000000000000000000000000000000000000000000000000000000000011110000100110000000000000000000000000000000000000000000000000000000000000000000
00000000000000000000000000110100010111001000011100000000000000000000000000000000000000000000000000000000000000000000000000111001011001010000000000000000000000000000000000000000000000000000000000000000
00000000000000000000000011001001011111001010100100000000000000000000000000000000000000000000000000000000000000000000000010111100010110100000000000000000000000000000000000000000000000000000000000000000
00000000000000000000000000011001111000100101101000000000000000000000000000000000000000000000000000000000000000000000000000111011101010010000000000000000000000000000000000000000000000000000000000000000
00000000000000000000000001100010110010010110010100000000000000000000000000000000000000000000000000000000000000000000000010001100100101110000000000000000000000000000000000000000000000000000000000000000
00000000000000000000000010100101100101011001100000000000000000000000000000000000000000000000000000000000000000000000000000101111011010010000000000000000000000000000000000000000000000000000000000000000
00000000000000000000000001010011101010100110000100000000000000000000000000000000000000000000000000000000000000000000000001011111100100100000000000000000000000000000000000000000000000000000000000000000
00000000000000000000000000100111000000000000000000000000000000000000000000000000000000000000000000000000000000000000000001001001110010010110010100000000000000000000000000000000000000000000000000000000
00000000000000000000000010101110000000000000000000000000000000000000000000000000000000000000000000000000000000000000000010010110111000001001100000000000000000000000000000000000000000000000000000000000
00000000000000000000000001001100000000000000000000000000000000000000000000000000000000000000000000000000000000000000000011100001011110000110010100000000000000000000000000000000000000000000000000000000
00000000000000000000000010011100000000000000000000000000000000000000000000000000000000000000000000000000000000000000000010010101011100100101101000000000000000000000000000000000000000000000000000000000
00000000000000000000000001111010000000000000000000000000000000000000000000000000000000000000000000000000000000000000000001011010100110001010100100000000000000000000000000000000000000000000000000000000
00000000000000000000000011110100000000000000000000000000000000000000000000000000000000000000000000000000000000000000000010100110010011101001011100000000000000000000000000000000000000000000000000000000
00000000000000000000000001101010000000000000000000000000000000000000000000000000000000000000000000000000000000000000000000011001000111100110100100000000000000000000000000000000000000000000000000000000
00000000000000000000000001101000000000000000000000000000000000000000000000000000000000000000000000000000000000000000000010000110100001111001001000000000000000000000000000000000000000000000000000000000
00000000000000001000101011010010000000000000000000000000000000000000000000000000000000000000000000000000000000000000000000000000010010011110010000000000000000000000000000000000000000000000000000000000
00000000000000000101001011100100000000000000000000000000000000000000000000000000000000000000000000000000000000000000000000000000100101101100000100000000000000000000000000000000000000000000000000000000
00000000000000001000010110101101000000000000000000000000000000000000000000000000000000000000000000000000000000000000000000000000111000010111011000000000000000000000000000000000000000000000000000000000
00000000000000000011101111010010000000000000000000000000000000000000000000000000000000000000000000000000000000000000000000000000100101010011000100000000000000000000000000000000000000000000000000000000
00000000000000000110101111101011000000000000000000000000000000000000000000000000000000000000000000000000000000000000000000000000010110100111110100000000000000000000000000000000000000000000000000000000
00000000000000000110111100011100000000000000000000000000000000000000000000000000000000000000000000000000000000000000000000000000101001101001111000000000000000000000000000000000000000000000000000000000
00000000000000001011001111110010000000000000000000000000000000000000000000000000000000000000000000000000000000000000000000000000000110011010111000000000000000000000000000000000000000000000000000000000
00000000000000000000011000101101000000000000000000000000000000000000000000000000000000000000000000000000000000000000000000000000100001100001001100000000000000000000000000000000000000000000000000000000
00000000000000001010011000000000000000000000000000000000000000000000000000000000000000000000000000000000000000000000000000000000000000000001101110010011000000000000000000000000000000000000000000000000
00000000000000001001011000000000000000000000000000000000000000000000000000000000000000000000000000000000000000000000000000000000000000001010010111010110000000000000000000000000000000000000000000000000
00000000000000000100110000000000000000000000000000000000000000000000000000000000000000000000000000000000000000000000000000000000000000000100001011101101000000000000000000000000000000000000000000000000
00000000000000001011110100000000000000000000000000000000000000000000000000000000000000000000000000000000000000000000000000000000000000000001100111110001000000000000000000000000000000000000000000000000
00000000000000001101111000000000000000000000000000000000000000000000000000000000000000000000000000000000000000000000000000000000000000001100100101101110000000000000000000000000000000000000000000000000
00000000000000000011100100000000000000000000000000000000000000000000000000000000000000000000000000000000000000000000000000000000000000000011010011110000000000000000000000000000000000000000000000000000
00000000000000001001110000000000000000000000000000000000000000000000000000000000000000000000000000000000000000000000000000000000000000001000010100111101000000000000000000000000000000000000000000000000
00000000000000000111100000000000000000000000000000000000000000000000000000000000000000000000000000000000000000000000000000000000000000000110001001011000000000000000000000000000000000000000000000000000
00000000000000000111000000000000000000000000000000000000000000000000000000000000000000000000000000000000000000000000000000000000000000000000000001011010101001000000000000000000000000000000000000000000
00000000000000000111000000000000000000000000000000000000000000000000000000000000000000000000000000000000000000000000000000000000000000000000000010011101001010000000000000000000000000000000000000000000
00000000000000000111000000000000000000000000000000000000000000000000000000000000000000000000000000000000000000000000000000000000000000000000000000101110010101100000000000000000000000000000000000000000
00000000000000000111000000000000000000000000000000000000000000000000000000000000000000000000000000000000000000000000000000000000000000000000000011110111110010000000000000000000000000000000000000000000
00000000000000000111000000000000000000000000000000000000000000000000000000000000000000000000000000000000000000000000000000000000000000000000000001001011001111010000000000000000000000000000000000000000
00000000000000000111000000000000000000000000000000000000000000000000000000000000000000000000000000000000000000000000000000000000000000000000000000110111111000010000000000000000000000000000000000000000
00000000000000000111000000000000000000000000000000000000000000000000000000000000000000000000000000000000000000000000000000000000000000000000000010000101110110100000000000000000000000000000000000000000
00000000000000000111000000000000000000000000000000000000000000000000000000000000000000000000000000000000000000000000000000000000000000000000000000110101101001010000000000000000000000000000000000000000
00000000000000000111000000000000000000000000000000000000000000000000000000000000000000000000000000000000000000000000000000000000000000000000000000000000111010000000000000000000000000000000000000000000
00000000000000000111000000000000000000000000000000000000000000000000000000000000000000000000000000000000000000000000000000000000000000000000000000000000110100110000000000000000000000000000000000000000
00000000000000000111000000000000000000000000000000000000000000000000000000000000000000000000000000000000000000000000000000000000000000000000000000000000111011000000000000000000000000000000000000000000
00000000000000000111000000000000000000000000000000000000000000000000000000000000000000000000000000000000000000000000000000000000000000000000000000000000011001010000000000000000000000000000000000000000
00000000000000000111000000000000000000000000000000000000000000000000000000000000000000000000000000000000000000000000000000000000000000000000000000000000111010000000000000000000000000000000000000000000
00000000000000000111000000000000000000000000000000000000000000000000000000000000000000000000000000000000000000000000000000000000000000000000000000000000011011000000000000000000000000000000000000000000
00000000000000000111000000000000000000000000000000000000000000000000000000000000000000000000000000000000000000000000000000000000000000000000000000000000111010100000000000000000000000000000000000000000
00000000000000000111000000000000000000000000000000000000000000000000000000000000000000000000000000000000000000000000000000000000000000000000000000000000101101010000000000000000000000000000000000000000
00000000000000000111000000000000000000000000000000000000000000000000000000000000000000000000000000000000000000000000000000000000000000000000000000000000101111010000001100000000000000000000000000000000
00000000000000000111000000000000000000000000000000000000000000000000000000000000000000000000000000000000000000000000000000000000000000000000000000000000001100010000001100000000000000000000000000000000
00000000000000000111000000000000000000000000000000000000000000000000000000000000000000000000000000000000000000000000000000000000000000000000000000000000101111000000001100000000000000000000000000000000
00000000000000000111000000000000000000000000000000000000000000000000000000000000000000000000000000000000000000000000000000000000000000000000000000000000011101010000001100000000000000000000000000000000
00000000000000000111000000000000000000000000000000000000000000000000000000000000000000000000000000000000000000000000000000000000000000000000000000000000011110100000001100000000000000000000000000000000
00000000000000000111000000000000000000000000000000000000000000000000000000000000000000000000000000000000000000000000000000000000000000000000000000000000101111010000011100000000000000000000000000000000
00000000000000000111000000000000000000000000000000000000000000000000000000000000000000000000000000000000000000000000000000000000000000000000000000000000001101100000011100000000000000000000000000000000
00000000000000000111000000000000000000000000000000000000000000000000000000000000000000000000000000000000000000000000000000000000000000000000000000000000001110000000011100000000000000000000000000000000
00000000000000000111000000000000000000000000000000000000000000000000000000000000000000000000000000000000000000000000000000000000000000000000000000000000011100000000001100000000000000000000000000000000
00000000000000000111000000000000000000000000000000000000000000000000000000000000000000000000000000000000000000000000000000000000000000000000000000000000011100000000001100000000000000000000000000000000
00000000000000000111000000000000000000000000000000000000000000000000000000000000000000000000000000000000000000000000000000000000000000000000000000000000011100000000001100000000000000000000000000000000
00000000000000000111000000000000000000000000000000000000000000000000000000000000000000000000000000000000000000000000000000000000000000000000000000000000011100000000001100000000000000000000000000000000
00000000000000000111000000000000000000000000000000000000000000000000000000000000000000000000000000000000000000000000000000000000000000000000000000000000011100000000001100000000000000000000000000000000
00000000000000000111000000000000000000000000000000000000000000000000000000000000000000000000000000000000000000000000000000000000000000000000000000000000011100000000001100000000000000000000000000000000
00000000000000000111000000000000000000000000000000000000000000000000000000000000000000000000000000000000000000000000000000000000000000000000000000000000011100000000001100000000000000000000000000000000
00000000000000000111000000000000000000000000000000000000000000000000000000000000000000000000000000000000000000000000000000000000000000000000000000000000011100000000001100000000000000000000000000000000
00000000000000000111100000000000000000000000000000000000000000000000000000000000000000000000000000000000000000000000000000000000000000000000000000000000011100000000001100000000000000000000000000000000
00000000000000001001101100000000000000000000000000000000000000000000000000000000000000000000000000000000000000000000000000000000000000000000000000000000011100000000001100000000000000000000000000000000
00000000000000000011100000000000000000000000000000000000000000000000000000000000000000000000000000000000000000000000000000000000000000000000000000000000011100000000001100000000000000000000000000000000
00000000000000001001101100000000000000000000000000000000000000000000000000000000000000000000000000000000000000000000000000000000000000000000000000000000011100000000001100000000000000000000000000000000
00000000000000000111100000000000000000000000000000000000000000000000000000000000000000000000000000000000000000000000000000000000000000000000000000000000011100000000001100000000000000000000000000000000
00000000000000001101111000000000000000000000000000000000000000000000000000000000000000000000000000000000000000000000000000000000000000000000000000000000011100000000001100000000000000000000000000000000
00000000000000001011100100000000000000000000000000000000000000000000000000000000000000000000000000000000000000000000000000000000000000000000000000000000011100000000001100000000000000000000000000000000
00000000000000001101110000000000000000000000000000000000000000000000000000000000000000000000000000000000000000000000000000000000000000000000000000000000011100000000001100000000000000000000000000000000
00000000000000000101110001101101000000000000000000000000000000000000000000000000000000000000000000000000000000000000000000000000000000000000000000000000011110000000011100000000000000000000000000000000
00000000000000001000011101000101000000000000000000000000000000000000000000000000000000000000000000000000000000000000000000000000000000000000000000000000001101000000000100000000000000000000000000000000
00000000000000000111011110000010000000000000000000000000000000000000000000000000000000000000000000000000000000000000000000000000000000000000000000000000101100110000000000000000000000000000000000000000
00000000000000001010011110101101000000000000000000000000000000000000000000000000000000000000000000000000000000000000000000000000000000000000000000000000011100000000001100000000000000000000000000000000
00000000000000000110101110011010000010000000000000000000000000000000000000000000000000000000000000000000000000001111111100000000000000000000000000000000011101101111111100000000000000000000000000000000
00000000000000000001100111101011000111000000000000000000000000000000000000000000000000000000000000000000000000001111111100000000000000000000000000000000101110011111111100000000000000000000000000000000
00000000000000001110011011000101000111110000000000000000000000000000000000000000000000000000000000000000000000000001111100000000000000000000000000000000011101011111111100000000000000000000000000000000
00000000000000000010110111110110001111110000000000000000000000000000000000000000000000000000000000000000000000000000111100000000000000000000000000000000011010101111111100000000000000000000000000000000
00000000000000000000000001100101000000000000000000000000000000000000000000000000000000000000000000000000000000000000000000000000000000000000000010110110110011110000000000000000000000000000000000000000
00000000000000000000000001110010000000000000000000000000000000000000000000000000000000000000000000000000000000000000000000000000000000000000000001001001111100000000000000000000000000000000000000000000
00000000000000000000000010110010000000000000000000000000000000000000000000000000000000000000000000000000000000000000000000000000000000000000000000010111101011110000000000000000000000000000000000000000
00000000000000000000000001111100000000000000000000000000000000000000000000000000000000000000000000000000000000000000000000000000000000000000000001101001100001010000000000000000000000000000000000000000
00000000000000000000000010011101000000000000000000000000000000000000000000000000000000000000000000000000000000000000000000000000000000000000000010100101101100000000000000000000000000000000000000000000
00000000000000000000000001101110000000000000000000000000000000000000000000000000000000000000000000000000000000000000000000000000000000000000000001011001110010100000000000000000000000000000000000000000
00000000000000000000000011010111000000000000000000000000000000000000000000000000000000000000000000000000000000000000000000000000000000000000000010100111110101010000000000000000000000000000000000000000
00000000000000000000000001001011000000000000000000000000000000000000000000000000000000000000000000000000000000000000000000000000000000000000000000010001110010100000000000000000000000000000000000000000
00000000000000000000000000011101111011100000000000000000000000000000000000000000000000000000000000000000000000000000000000000000000000000000000000101101101110000000000000000000000000000000000000000000
00000000000000000000000010100011110100010000000000000000000000000000000000000000000000000000000000000000000000000000000000000000000000000000000010100111110001010000000000000000000000000000000000000000
00000000000000000000000001001000111000100000000000000000000000000000000000000000000000000000000000000000000000000000000000000000000000000000000001011011000100100000000000000000000000000000000000000000
00000000000000000000000001110100011110010000000000000000000000000000000000000000000000000000000000000000000000000000000000000000000000000000000010000111001011100000000000000000000000000000000000000000
00000000000000000000000010010100101111000000000000000000000000000000000000000000000000000000000000000000000000000000000000000000000000000000000001111110001010010000000000000000000000000000000000000000
00000000000000000000000000101100010110100000000000000000000000000000000000000000000000000000000000000000000000000000000000000000000000000000000010011110001101000000000000000000000000000000000000000000
00000000000000000000000001010100101011010000000000000000000000000000000000000000000000000000000000000000000000000000000000000000000000000000000000111111001010100000000000000000000000000000000000000000
00000000000000000000000000101001100111100000000000000000000000000000000000000000000000000000000000000000000000000000000000000000000000000000000001001100100101000000000000000000000000000000000000000000
00000000000000000000000000000000011011111100100101000001000000000000000000000000000000000000000000000000000000000000000000000000000000000000000010101100000000000000000000000000000000000000000000000000
00000000000000000000000000000000010110111101001000101010000000000000000000000000000000000000000000000000000000000000000000000000000000000000000001111110000000000000000000000000000000000000000000000000
00000000000000000000000000000000101101011100110011000101000000000000000000000000000000000000000000000000000000000000000000000000000000000000000010001101000000000000000000000000000000000000000000000000
00000000000000000000000000000000000100011111010100011010000000000000000000000000000000000000000000000000000000000000000000000000000000000000000000001110000000000000000000000000000000000000000000000000
00000000000000000000000000000000000011100111101010100101000000000000000000000000000000000000000000000000000000000000000000000000000000000000000001011101000000000000000000000000000000000000000000000000
00000000000000000000000000000000101100101011111111001000000000000000000000000000000000000000000000000000000000000000000000000000000000000000000001011100000000000000000000000000000000000000000000000000
00000000000000000000000000000000011001110100111101101001000000000000000000000000000000000000000000000000000000000000000000000000000000000000000010111011000000000000000000000000000000000000000000000000
00000000000000000000000000000000100101001011001111100010000000000000000000000000000000000000000000000000000000000000000000000000000000000000000001111100000000000000000000000000000000000000000000000000
00000000000000000000000000000000000000000100100111110010001000000110010100000000000000000000000000000000000000000000000000000000000000001010010011110101000000000000000000000000000000000000000000000000
00000000000000000000000000000000000000001001011001111100110100101001100000000000000000000000000000000000000000000000000000000000000000000111001101100100000000000000000000000000000000000000000000000000
00000000000000000000000000000000000000001110000101011111001000000110010100000000000000000000000000000000000000000000000000000000000000001000111011101011000000000000000000000000000000000000000000000000
00000000000000000000000000000000000000001001010100010111110111010101101000000000000000000000000000000000000000000000000000000000000000001110000011010100000000000000000000000000000000000000000000000000
00000000000000000000000000000000000000000101101011101001111000101010100100000000000000000000000000000000000000000000000000000000000000000001010111100111000000000000000000000000000000000000000000000000
00000000000000000000000000000000000000001010011001001011011110011001011100000000000000000000000000000000000000000000000000000000000000000011101111001010000000000000000000000000000000000000000000000000
00000000000000000000000000000000000000000001100110101000111111100110100100000000000000000000000000000000000000000000000000000000000000000110111101100100000000000000000000000000000000000000000000000000
00000000000000000000000000000000000000001000011000110011001101111001001000000000000000000000000000000000000000000000000000000000000000001001111010010010000000000000000000000000000000000000000000000000
00000000000000000000000000000000000000000000000000000000010010011111011000100110001100010000000000000000000000000000000000000000010100100111111000000000000000000000000000000000000000000000000000000000
00000000000000000000000000000000000000000000000000000000100101101111101011011000010101000000000000000000000000000000000000000000100111001001100000000000000000000000000000000000000000000000000000000000
00000000000000000000000000000000000000000000000000000000111000011111111100000110001111010000000000000000000000000000000000000000010001011011100100000000000000000000000000000000000000000000000000000000
00000000000000000000000000000000000000000000000000000000100101010110011111110001011000000000000000000000000000000000000000000000010110001111010000000000000000000000000000000000000000000000000000000000
00000000000000000000000000000000000000000000000000000000010110100001100011111000010101010000000000000000000000000000000000000000000110111111101100000000000000000000000000000000000000000000000000000000
00000000000000000000000000000000000000000000000000000000101001101000011010111110010010000000000000000000000000000000000000000000010011111110110000000000000000000000000000000000000000000000000000000000
00000000000000000000000000000000000000000000000000000000000110010011000100110111100000100000000000000000000000000000000000000000011111101011001000000000000000000000000000000000000000000000000000000000
00000000000000000000000000000000000000000000000000000000100001100100011010010011111011000000000000000000000000000000000000000000001110110101100000000000000000000000000000000000000000000000000000000000
00000000000000000000000000000000000000000000000000000000000000000000000000000000011111011010100000000000000000000000000001101100011111000000000000000000000000000000000000000000000000000000000000000000
00000000000000000000000000000000000000000000000000000000000000000000000000000000110111111101001111111111111111111111111110010011111100010000000000000000000000000000000000000000000000000000000000000000
00000000000000000000000000000000000000000000000000000000000000000000000000000000000011111111111111111111111111111111111111111111110101100000000000000000000000000000000000000000000000000000000000000000
00000000000000000000000000000000000000000000000000000000000000000000000000000000010001101011111111111111111111111111111111111111001010010000000000000000000000000000000000000000000000000000000000000000
00000000000000000000000000000000000000000000000000000000000000000000000000000000001010000001000100000000000000000000000010000100010101000000000000000000000000000000000000000000000000000000000000000000
00000000000000000000000000000000000000000000000000000000000000000000000000000000001011011100001000000000000000000000000001001000110001110000000000000000000000000000000000000000000000000000000000000000
00000000000000000000000000000000000000000000000000000000000000000000000000000000110100100010010100000000000000000000000000110010001000100000000000000000000000000000000000000000000000000000000000000000
00000000000000000000000000000000000000000000000000000000000000000000000000000000001001010100101000000000000000000000000010100010010010000000000000000000000000000000000000000000000000000000000000000000
00000000000000000000000000000000000000000000000000000000000000000000000000000000000000000000000000000000000000000000000000000000000000000000000000000000000000000000000000000000000000000000000000000000
00000000000000000000000000000000000000000000000000000000000000000000000000000000000000000000000000000000000000000000000000000000000000000000000000000000000000000000000000000000000000000000000000000000
00000000000000000000000000000000000000000000000000000000000000000000000000000000000000000000000000000000000000000000000000000000000000000000000000000000000000000000000000000000000000000000000000000000
00000000000000000000000000000000000000000000000000000000000000000000000000000000000000000000000000000000000000000000000000000000000000000000000000000000000000000000000000000000000000000000000000000000
00000000000000000000000000000000000000000000000000000000000000000000000000000000000000000000000000000000000000000000000000000000000000000000000000000000000000000000000000000000000000000000000000000000
00000000000000000000000000000000000000000000000000000000000000000000000000000000000000000000000000000000000000000000000000000000000000000000000000000000000000000000000000000000000000000000000000000000
00000000000000000000000000000000000000000000000000000000000000000000000000000000000000000000000000000000000000000000000000000000000000000000000000000000000000000000000000000000000000000000000000000000
00000000000000000000000000000000000000000000000000000000000000000000000000000000000000000000000000000000000000000000000000000000000000000000000000000000000000000000000000000000000000000000000000000000
